+*-*-*-*-*-*-*-*-*-*-*-*-*-*-*-*-*-*-*-*-*-*-*-*-*-*-*-*-*-*-*-*-*-*-*-*-*-*-*-*-*-*-*-*-*-*-*-*-*-*-*-*-*-*-*-*-*-*-*-*-+
| Title: URLhaus IOCs for 2024-02-01
| UUID: 3ce8ed34-cf24-478d-b13a-b94f09ced4a2
| Date: 2024-02-01
"| Author: Armstrong Techs, Research Lab"
| References: https://www.armstrongtechs.com/
| TLP:CLEAR
+*-*-*-*-*-*-*-*-*-*-*-*-*-*-*-*-*-*-*-*-*-*-*-*-*-*-*-*-*-*-*-*-*-*-*-*-*-*-*-*-*-*-*-*-*-*-*-*-*-*-*-*-*-*-*-*-*-*-*-*-+

Date,Category,Type,Value,Comment
2024-02-01,Payload delivery,url,http://102.33.82.27:43246/Mozi.m,Malware distribution site
2024-02-01,Payload delivery,url,http://219.156.34.109:53218/Mozi.m,Malware distribution site
2024-02-01,Payload delivery,url,http://59.93.21.210:59299/Mozi.m,Malware distribution site
2024-02-01,Payload delivery,url,http://117.217.42.101:47853/Mozi.m,Malware distribution site
2024-02-01,Payload delivery,url,http://117.217.33.230:37086/Mozi.m,Malware distribution site
2024-02-01,Payload delivery,url,http://112.242.58.131:52600/Mozi.m,Malware distribution site
2024-02-01,Payload delivery,url,http://59.98.236.255:43778/Mozi.m,Malware distribution site
2024-02-01,Payload delivery,url,http://112.239.101.142:44286/Mozi.m,Malware distribution site
2024-02-01,Payload delivery,url,http://27.106.166.245:50594/Mozi.m,Malware distribution site
2024-02-01,Payload delivery,url,http://115.183.45.152:48289/Mozi.m,Malware distribution site
2024-02-01,Payload delivery,url,http://61.52.63.102:60612/Mozi.m,Malware distribution site
2024-02-01,Payload delivery,url,http://112.248.28.32:52901/bin.sh,Malware distribution site
2024-02-01,Payload delivery,url,http://125.46.134.247:50852/bin.sh,Malware distribution site
2024-02-01,Payload delivery,url,http://182.123.232.130:38390/Mozi.m,Malware distribution site
2024-02-01,Payload delivery,url,http://182.123.250.0:43664/Mozi.m,Malware distribution site
2024-02-01,Payload delivery,url,http://182.121.11.37:42867/Mozi.m,Malware distribution site
2024-02-01,Payload delivery,url,http://42.227.204.237:45409/bin.sh,Malware distribution site
2024-02-01,Payload delivery,url,http://112.248.28.32:52901/i,Malware distribution site
2024-02-01,Payload delivery,url,http://117.252.194.245:56199/bin.sh,Malware distribution site
2024-02-01,Payload delivery,url,http://219.156.34.109:53218/bin.sh,Malware distribution site
2024-02-01,Payload delivery,url,http://112.248.101.232:50221/bin.sh,Malware distribution site
2024-02-01,Payload delivery,url,http://117.252.194.245:56199/i,Malware distribution site
2024-02-01,Payload delivery,url,http://117.241.201.114:57855/Mozi.m,Malware distribution site
2024-02-01,Payload delivery,url,http://42.227.204.237:45409/i,Malware distribution site
2024-02-01,Payload delivery,url,http://222.141.41.41:54876/bin.sh,Malware distribution site
2024-02-01,Payload delivery,url,http://39.74.34.147:42243/i,Malware distribution site
2024-02-01,Payload delivery,url,http://219.156.34.109:53218/i,Malware distribution site
2024-02-01,Payload delivery,url,http://117.252.200.217:42001/Mozi.m,Malware distribution site
2024-02-01,Payload delivery,url,http://182.117.68.182:59437/bin.sh,Malware distribution site
2024-02-01,Payload delivery,url,http://112.248.101.232:50221/i,Malware distribution site
2024-02-01,Payload delivery,url,http://115.50.218.150:48996/bin.sh,Malware distribution site
2024-02-01,Payload delivery,url,http://115.57.112.152:58670/bin.sh,Malware distribution site
2024-02-01,Payload delivery,url,http://219.156.42.87:54876/Mozi.a,Malware distribution site
2024-02-01,Payload delivery,url,http://123.12.44.179:36122/Mozi.m,Malware distribution site
2024-02-01,Payload delivery,url,http://219.155.238.202:35246/bin.sh,Malware distribution site
2024-02-01,Payload delivery,url,http://222.141.41.41:54876/i,Malware distribution site
2024-02-01,Payload delivery,url,http://117.201.8.97:45726/bin.sh,Malware distribution site
2024-02-01,Payload delivery,url,http://115.48.10.76:50138/Mozi.m,Malware distribution site
2024-02-01,Payload delivery,url,http://117.199.12.103:58796/Mozi.m,Malware distribution site
2024-02-01,Payload delivery,url,http://115.50.218.150:48996/i,Malware distribution site
2024-02-01,Payload delivery,url,http://117.63.96.213:9988/.i,Malware distribution site
2024-02-01,Payload delivery,url,http://182.123.245.86:44980/i,Malware distribution site
2024-02-01,Payload delivery,url,http://117.196.9.88:48298/bin.sh,Malware distribution site
2024-02-01,Payload delivery,url,http://221.13.163.239:52325/Mozi.m,Malware distribution site
2024-02-01,Payload delivery,url,http://219.155.238.202:35246/i,Malware distribution site
2024-02-01,Payload delivery,url,http://59.95.128.180:33913/bin.sh,Malware distribution site
2024-02-01,Payload delivery,url,http://117.201.8.97:45726/i,Malware distribution site
2024-02-01,Payload delivery,url,http://123.11.222.111:48595/bin.sh,Malware distribution site
2024-02-01,Payload delivery,url,http://182.127.181.168:60314/bin.sh,Malware distribution site
2024-02-01,Payload delivery,url,http://125.112.123.103:55046/mozi.m,Malware distribution site
2024-02-01,Payload delivery,url,http://123.5.185.214:56911/bin.sh,Malware distribution site
2024-02-01,Payload delivery,url,http://221.15.21.250:46725/Mozi.m,Malware distribution site
2024-02-01,Payload delivery,url,http://123.11.222.111:48595/i,Malware distribution site
2024-02-01,Payload delivery,url,http://39.17.3.13:60844/mozi.m,Malware distribution site
2024-02-01,Payload delivery,url,http://115.48.152.156:48274/Mozi.m,Malware distribution site
2024-02-01,Payload delivery,url,http://117.211.25.35:49331/Mozi.m,Malware distribution site
2024-02-01,Payload delivery,url,http://182.127.181.168:60314/i,Malware distribution site
2024-02-01,Payload delivery,url,http://125.40.114.126:60996/i,Malware distribution site
2024-02-01,Payload delivery,url,http://112.248.109.245:43093/i,Malware distribution site
2024-02-01,Payload delivery,url,http://123.5.185.214:56911/i,Malware distribution site
2024-02-01,Payload delivery,url,http://117.254.194.134:55142/bin.sh,Malware distribution site
2024-02-01,Payload delivery,url,http://182.112.60.233:32961/bin.sh,Malware distribution site
2024-02-01,Payload delivery,url,https://vk.com/doc481075715_673240631?hash=7BceZiOmPmFtxD4hhWcs8guR50XnCBe7tJ5SXuK3z7H&dl=dTHG2112GfAI49B742HdqTVCji5uF7uLLsPQMKIZAVs&api=1&no_preview=1,Malware distribution site
2024-02-01,Payload delivery,url,http://42.227.207.144:58839/bin.sh,Malware distribution site
2024-02-01,Payload delivery,url,http://115.55.246.207:49013/i,Malware distribution site
2024-02-01,Payload delivery,url,http://117.199.76.255:56436/Mozi.m,Malware distribution site
2024-02-01,Payload delivery,url,http://115.56.173.238:42070/Mozi.m,Malware distribution site
2024-02-01,Payload delivery,url,http://219.157.208.195:53932/Mozi.m,Malware distribution site
2024-02-01,Payload delivery,url,http://222.142.251.131:42492/Mozi.m,Malware distribution site
2024-02-01,Payload delivery,url,http://27.194.214.55:16433/bin.sh,Malware distribution site
2024-02-01,Payload delivery,url,http://61.53.118.164:54910/bin.sh,Malware distribution site
2024-02-01,Payload delivery,url,http://115.56.173.238:42070/bin.sh,Malware distribution site
2024-02-01,Payload delivery,url,http://27.215.84.66:52822/bin.sh,Malware distribution site
2024-02-01,Payload delivery,url,http://223.68.142.178:46779/bin.sh,Malware distribution site
2024-02-01,Payload delivery,url,http://115.58.172.116:40508/i,Malware distribution site
2024-02-01,Payload delivery,url,http://115.48.43.57:55555/bin.sh,Malware distribution site
2024-02-01,Payload delivery,url,http://61.53.118.164:54910/i,Malware distribution site
2024-02-01,Payload delivery,url,http://27.215.84.66:52822/i,Malware distribution site
2024-02-01,Payload delivery,url,http://182.127.124.234:43691/bin.sh,Malware distribution site
2024-02-01,Payload delivery,url,http://223.68.142.178:46779/i,Malware distribution site
2024-02-01,Payload delivery,url,http://115.55.252.152:34085/bin.sh,Malware distribution site
2024-02-01,Payload delivery,url,http://115.56.173.238:42070/i,Malware distribution site
2024-02-01,Payload delivery,url,http://42.225.193.187:43613/bin.sh,Malware distribution site
2024-02-01,Payload delivery,url,http://115.50.42.78:57477/Mozi.m,Malware distribution site
2024-02-01,Payload delivery,url,http://45.15.156.13/index.php/s/7Nmxkjypx6z4Ldm/download/crypted%20(2).exe,Malware distribution site
2024-02-01,Payload delivery,url,https://wtools.io/paste-code/bTsx,Malware distribution site
2024-02-01,Payload delivery,url,https://wtools.io/paste-code/bTsy,Malware distribution site
2024-02-01,Payload delivery,url,http://outmanager.pt/anydesk.exe,Malware distribution site
2024-02-01,Payload delivery,url,http://115.50.227.14:45250/bin.sh,Malware distribution site
2024-02-01,Payload delivery,url,http://182.127.124.234:43691/i,Malware distribution site
2024-02-01,Payload delivery,url,http://115.55.252.152:34085/i,Malware distribution site
2024-02-01,Payload delivery,url,http://59.93.194.194:59202/bin.sh,Malware distribution site
2024-02-01,Payload delivery,url,http://84.54.51.254/shindearm7,Malware distribution site
2024-02-01,Payload delivery,url,http://42.225.193.187:43613/i,Malware distribution site
2024-02-01,Payload delivery,url,http://175.149.68.17:43035/bin.sh,Malware distribution site
2024-02-01,Payload delivery,url,http://115.61.114.159:43004/Mozi.m,Malware distribution site
2024-02-01,Payload delivery,url,http://93.123.85.79/condi/bot.sh4,Malware distribution site
2024-02-01,Payload delivery,url,http://93.123.85.79/condi/bot.mpsl,Malware distribution site
2024-02-01,Payload delivery,url,http://93.123.85.79/condi/bot.ppc,Malware distribution site
2024-02-01,Payload delivery,url,http://93.123.85.79/condi/bot.x86,Malware distribution site
2024-02-01,Payload delivery,url,http://93.123.85.79/condi/bot.m68k,Malware distribution site
2024-02-01,Payload delivery,url,http://93.123.85.79/condi/bot.arm6,Malware distribution site
2024-02-01,Payload delivery,url,http://93.123.85.79/condi/bot.arm5,Malware distribution site
2024-02-01,Payload delivery,url,http://93.123.85.79/condi/bot.arm,Malware distribution site
2024-02-01,Payload delivery,url,http://93.123.85.79/condi/bot.arm7,Malware distribution site
2024-02-01,Payload delivery,url,http://93.123.85.79/condi/bot.mips,Malware distribution site
2024-02-01,Payload delivery,url,http://93.123.85.79/condi/bot.x86_64,Malware distribution site
2024-02-01,Payload delivery,url,http://125.40.113.116:46164/bin.sh,Malware distribution site
2024-02-01,Payload delivery,url,http://59.93.194.194:59202/i,Malware distribution site
2024-02-01,Payload delivery,url,http://152.160.187.177:44745/Mozi.m,Malware distribution site
2024-02-01,Payload delivery,url,http://182.121.41.100:40745/Mozi.m,Malware distribution site
2024-02-01,Payload delivery,url,http://a0914823.xsph.ru/gnTMibhIiOzpiLP.exe,Malware distribution site
2024-02-01,Payload delivery,url,http://175.149.68.17:43035/i,Malware distribution site
2024-02-01,Payload delivery,url,http://sinopecllc.top/_errorpages/catzx.exe,Malware distribution site
2024-02-01,Payload delivery,url,http://59.92.177.13:57148/bin.sh,Malware distribution site
2024-02-01,Payload delivery,url,http://42.234.246.52:45848/bin.sh,Malware distribution site
2024-02-01,Payload delivery,url,http://45.128.232.240/bins.sh,Malware distribution site
2024-02-01,Payload delivery,url,http://185.196.9.5/Sakura.sh,Malware distribution site
2024-02-01,Payload delivery,url,http://173.208.148.138//ns3.jpg,Malware distribution site
2024-02-01,Payload delivery,url,http://185.38.142.103/wget.sh,Malware distribution site
2024-02-01,Payload delivery,url,http://173.249.207.15/Josh.sh,Malware distribution site
2024-02-01,Payload delivery,url,http://192.151.244.144:41513/IP.exe,Malware distribution site
2024-02-01,Payload delivery,url,http://173.230.138.79/update.sh,Malware distribution site
2024-02-01,Payload delivery,url,http://222.141.80.47:55098/bin.sh,Malware distribution site
2024-02-01,Payload delivery,url,http://182.116.4.252:36374/Mozi.m,Malware distribution site
2024-02-01,Payload delivery,url,http://117.217.36.189:39236/Mozi.m,Malware distribution site
2024-02-01,Payload delivery,url,http://182.122.234.255:56739/Mozi.m,Malware distribution site
2024-02-01,Payload delivery,url,http://125.40.113.116:46164/i,Malware distribution site
2024-02-01,Payload delivery,url,http://182.119.123.245:38275/bin.sh,Malware distribution site
2024-02-01,Payload delivery,url,http://222.141.80.47:55098/i,Malware distribution site
2024-02-01,Payload delivery,url,http://117.201.9.142:58970/bin.sh,Malware distribution site
2024-02-01,Payload delivery,url,http://42.234.246.52:45848/i,Malware distribution site
2024-02-01,Payload delivery,url,http://59.89.199.90:50966/bin.sh,Malware distribution site
2024-02-01,Payload delivery,url,http://113.190.40.204:33413/Mozi.m,Malware distribution site
2024-02-01,Payload delivery,url,http://61.54.57.30:53480/bin.sh,Malware distribution site
2024-02-01,Payload delivery,url,http://182.119.123.245:38275/i,Malware distribution site
2024-02-01,Payload delivery,url,http://51.81.69.127/jPdsj3d4M/Plugins/cred64.dll,Malware distribution site
2024-02-01,Payload delivery,url,http://51.81.69.127/jPdsj3d4M/Plugins/clip64.dll,Malware distribution site
2024-02-01,Payload delivery,url,http://59.182.245.177:47099/i,Malware distribution site
2024-02-01,Payload delivery,url,http://125.43.75.121:55892/i,Malware distribution site
2024-02-01,Payload delivery,url,http://185.196.9.5/a-r.m-4.Sakura,Malware distribution site
2024-02-01,Payload delivery,url,http://45.128.232.240/sshd,Malware distribution site
2024-02-01,Payload delivery,url,http://185.196.9.5/s-h.4-.Sakura,Malware distribution site
2024-02-01,Payload delivery,url,http://45.128.232.240/wget,Malware distribution site
2024-02-01,Payload delivery,url,http://45.128.232.240/ftp,Malware distribution site
2024-02-01,Payload delivery,url,http://45.128.232.240/bash,Malware distribution site
2024-02-01,Payload delivery,url,http://185.196.9.5/a-r.m-5.Sakura,Malware distribution site
2024-02-01,Payload delivery,url,http://45.128.232.240/tftp,Malware distribution site
2024-02-01,Payload delivery,url,http://45.128.232.240/openssh,Malware distribution site
2024-02-01,Payload delivery,url,http://185.196.9.5/m-i.p-s.Sakura,Malware distribution site
2024-02-01,Payload delivery,url,http://185.196.9.5/i-5.8-6.Sakura,Malware distribution site
2024-02-01,Payload delivery,url,http://45.128.232.240/apache2,Malware distribution site
2024-02-01,Payload delivery,url,http://45.128.232.240/ntpd,Malware distribution site
2024-02-01,Payload delivery,url,http://185.196.9.5/m-6.8-k.Sakura,Malware distribution site
2024-02-01,Payload delivery,url,http://45.128.232.240/pftp,Malware distribution site
2024-02-01,Payload delivery,url,http://115.50.0.65:32954/bin.sh,Malware distribution site
2024-02-01,Payload delivery,url,http://185.196.9.5/p-p.c-.Sakura,Malware distribution site
2024-02-01,Payload delivery,url,http://45.128.232.240/sh,Malware distribution site
2024-02-01,Payload delivery,url,http://45.128.232.240/cron,Malware distribution site
2024-02-01,Payload delivery,url,http://185.196.9.5/x-3.2-.Sakura,Malware distribution site
2024-02-01,Payload delivery,url,http://185.196.9.5/a-r.m-7.Sakura,Malware distribution site
2024-02-01,Payload delivery,url,http://185.196.9.5/a-r.m-6.Sakura,Malware distribution site
2024-02-01,Payload delivery,url,http://61.54.57.30:53480/i,Malware distribution site
2024-02-01,Payload delivery,url,http://125.40.114.126:60996/bin.sh,Malware distribution site
2024-02-01,Payload delivery,url,http://115.58.172.116:40508/bin.sh,Malware distribution site
2024-02-01,Payload delivery,url,http://120.57.126.191:53877/bin.sh,Malware distribution site
2024-02-01,Payload delivery,url,http://222.134.162.233:40165/Mozi.m,Malware distribution site
2024-02-01,Payload delivery,url,http://42.238.185.231:59076/Mozi.m,Malware distribution site
2024-02-01,Payload delivery,url,http://182.123.232.17:38848/Mozi.m,Malware distribution site
2024-02-01,Payload delivery,url,http://117.217.32.92:40578/Mozi.m,Malware distribution site
2024-02-01,Payload delivery,url,http://117.217.45.35:52265/i,Malware distribution site
2024-02-01,Payload delivery,url,http://59.180.128.185:53432/Mozi.m,Malware distribution site
2024-02-01,Payload delivery,url,http://222.141.43.113:54179/bin.sh,Malware distribution site
2024-02-01,Payload delivery,url,https://wtools.io/paste-code/bTs4,Malware distribution site
2024-02-01,Payload delivery,url,https://wtools.io/paste-code/bTs5,Malware distribution site
2024-02-01,Payload delivery,url,http://115.50.0.65:32954/i,Malware distribution site
2024-02-01,Payload delivery,url,http://117.192.126.41:54991/Mozi.m,Malware distribution site
2024-02-01,Payload delivery,url,http://120.57.126.191:53877/i,Malware distribution site
2024-02-01,Payload delivery,url,https://vk.com/doc481075715_673273390?hash=GxXfgyRfB8Jz5iY5HWdCx9SRoAAcjVjjnh5QyJxo3A4&dl=8bQKyjb4M90gNq6jpkzrW7GjE0zpVWo1Luo56xaQOA0&api=1&no_preview=1#lumma,Malware distribution site
2024-02-01,Payload delivery,url,http://27.215.81.179:46664/bin.sh,Malware distribution site
2024-02-01,Payload delivery,url,http://222.141.43.113:54179/i,Malware distribution site
2024-02-01,Payload delivery,url,http://123.173.78.98:50075/.i,Malware distribution site
2024-02-01,Payload delivery,url,http://222.142.212.54:44413/bin.sh,Malware distribution site
2024-02-01,Payload delivery,url,https://cdn.discordapp.com/attachments/1202388681495805985/1202422160803766282/commercial_invoice.vbs,Malware distribution site
2024-02-01,Payload delivery,url,https://cdn.discordapp.com/attachments/1202396732151832650/1202419340914200617/Purchase_Order.vbs,Malware distribution site
2024-02-01,Payload delivery,url,https://cdn.discordapp.com/attachments/1202388681495805985/1202432642197495818/purchase_order.vbs,Malware distribution site
2024-02-01,Payload delivery,url,http://27.215.81.179:46664/i,Malware distribution site
2024-02-01,Payload delivery,url,http://123.10.7.67:33114/bin.sh,Malware distribution site
2024-02-01,Payload delivery,url,http://42.238.236.161:50265/bin.sh,Malware distribution site
2024-02-01,Payload delivery,url,http://182.121.11.37:42867/bin.sh,Malware distribution site
2024-02-01,Payload delivery,url,http://125.41.3.251:48274/Mozi.a,Malware distribution site
2024-02-01,Payload delivery,url,http://59.98.234.92:48573/bin.sh,Malware distribution site
2024-02-01,Payload delivery,url,http://105.96.25.193:48660/Mozi.m,Malware distribution site
2024-02-01,Payload delivery,url,http://222.142.212.54:44413/i,Malware distribution site
2024-02-01,Payload delivery,url,http://93.123.39.76/download/redtail.i686,Malware distribution site
2024-02-01,Payload delivery,url,http://93.123.39.76/download/redtail.arm7,Malware distribution site
2024-02-01,Payload delivery,url,http://42.238.236.161:50265/i,Malware distribution site
2024-02-01,Payload delivery,url,http://74.50.80.82/uwu/m68k,Malware distribution site
2024-02-01,Payload delivery,url,http://59.88.210.255:41970/bin.sh,Malware distribution site
2024-02-01,Payload delivery,url,http://182.113.34.172:42768/bin.sh,Malware distribution site
2024-02-01,Payload delivery,url,http://5.206.227.59/y,Malware distribution site
2024-02-01,Payload delivery,url,http://123.10.7.67:33114/i,Malware distribution site
2024-02-01,Payload delivery,url,http://221.15.239.144:38382/bin.sh,Malware distribution site
2024-02-01,Payload delivery,url,http://117.217.83.179:55094/bin.sh,Malware distribution site
2024-02-01,Payload delivery,url,http://120.56.14.184:41562/bin.sh,Malware distribution site
2024-02-01,Payload delivery,url,http://59.98.234.92:48573/i,Malware distribution site
2024-02-01,Payload delivery,url,http://59.88.210.255:41970/i,Malware distribution site
2024-02-01,Payload delivery,url,http://115.49.30.233:40509/bin.sh,Malware distribution site
2024-02-01,Payload delivery,url,https://cdn.discordapp.com/attachments/1200396316304494714/1202515552426262538/Inquiry5454566776.js,Malware distribution site
2024-02-01,Payload delivery,url,http://117.217.83.179:55094/i,Malware distribution site
2024-02-01,Payload delivery,url,http://91.239.77.159:46532/bin.sh,Malware distribution site
2024-02-01,Payload delivery,url,http://221.15.239.144:38382/i,Malware distribution site
2024-02-01,Payload delivery,url,http://115.49.30.233:40509/i,Malware distribution site
2024-02-01,Payload delivery,url,http://a0914921.xsph.ru/logo.jpg,Malware distribution site
2024-02-01,Payload delivery,url,https://mmtplonline.com/photo/1.jpg,Malware distribution site
2024-02-01,Payload delivery,url,http://27.194.214.55:16433/i,Malware distribution site
2024-02-01,Payload delivery,url,http://182.121.11.37:42867/i,Malware distribution site
2024-02-01,Payload delivery,url,http://182.126.66.21:40243/Mozi.m,Malware distribution site
2024-02-01,Payload delivery,url,http://120.56.14.184:41562/i,Malware distribution site
2024-02-01,Payload delivery,url,https://wtools.io/paste-code/bTsG,Malware distribution site
2024-02-01,Payload delivery,url,http://115.61.119.37:54895/i,Malware distribution site
2024-02-01,Payload delivery,url,http://34.82.253.169/RrFxkGYdD80.bin,Malware distribution site
2024-02-01,Payload delivery,url,http://34.82.253.169/WDZFmvyxjujw79.bin,Malware distribution site
2024-02-01,Payload delivery,url,http://91.239.77.159:46532/i,Malware distribution site
2024-02-01,Payload delivery,url,http://223.9.148.0:7116/.i,Malware distribution site
2024-02-01,Payload delivery,url,http://59.182.249.70:51467/bin.sh,Malware distribution site
2024-02-01,Payload delivery,url,http://221.14.160.86:48867/i,Malware distribution site
2024-02-01,Payload delivery,url,https://blueyonderllc.top/_errorpages/catzx.exe,Malware distribution site
2024-02-01,Payload delivery,url,http://138.207.174.248:40550/Mozi.m,Malware distribution site
2024-02-01,Payload delivery,url,http://120.211.69.81:42618/Mozi.m,Malware distribution site
2024-02-01,Payload delivery,url,http://27.194.75.13:59106/Mozi.m,Malware distribution site
2024-02-01,Payload delivery,url,http://23.94.235.12/6565/Beautytips.vbs,Malware distribution site
2024-02-01,Payload delivery,url,http://23.94.235.12/kbss/matchboxcleanentireprojecthistoydatafromthenewupdatedpcforsmoothworkingprogresstohappen.doC,Malware distribution site
2024-02-01,Payload delivery,url,https://paste.ee/d/mBUSF,Malware distribution site
2024-02-01,Payload delivery,url,http://123.9.87.19:41055/Mozi.m,Malware distribution site
2024-02-01,Payload delivery,url,http://59.182.249.70:51467/i,Malware distribution site
2024-02-01,Payload delivery,url,http://59.95.124.231:59062/bin.sh,Malware distribution site
2024-02-01,Payload delivery,url,http://74.50.80.82/awoo1.sh,Malware distribution site
2024-02-01,Payload delivery,url,http://93.123.39.76/huj.sh,Malware distribution site
2024-02-01,Payload delivery,url,http://61.1.145.204:32799/Mozi.m,Malware distribution site
2024-02-01,Payload delivery,url,http://15.204.49.148/files/Amadey.exe,Malware distribution site
2024-02-01,Payload delivery,url,http://64.112.85.135/Paavirkede.thn,Malware distribution site
2024-02-01,Payload delivery,url,http://64.112.85.135/Uncompet.psd,Malware distribution site
2024-02-01,Payload delivery,url,http://64.112.85.135/SbphVeOYTghF6.bin,Malware distribution site
2024-02-01,Payload delivery,url,https://paste.ee/d/iAacG,Malware distribution site
2024-02-01,Payload delivery,url,https://vk.com/doc481075715_673276919?hash=dBYpIt0qGSAXtKogEGeXGGgm6KBKoEmYo7kAZL9ssko&dl=HFOifDWDXBQefl0OLBEDDZA1DrgxNdllZT1r7ZxjzKP&api=1&no_preview=1#rise,Malware distribution site
2024-02-01,Payload delivery,url,http://64.112.85.135/Rumskdssi.smi,Malware distribution site
2024-02-01,Payload delivery,url,http://64.112.85.135/CUsNEKz58.bin,Malware distribution site
2024-02-01,Payload delivery,url,https://cdn.discordapp.com/attachments/1202537867809656885/1202538692997021706/INQUIRY2323245.js,Malware distribution site
2024-02-01,Payload delivery,url,http://5.206.227.59/x,Malware distribution site
2024-02-01,Payload delivery,url,http://123.13.23.130:42017/i,Malware distribution site
2024-02-01,Payload delivery,url,http://59.89.202.52:54800/i,Malware distribution site
2024-02-01,Payload delivery,url,https://wtools.io/paste-code/bTsQ,Malware distribution site
2024-02-01,Payload delivery,url,http://182.123.245.86:44980/Mozi.m,Malware distribution site
2024-02-01,Payload delivery,url,http://42.239.190.139:33347/bin.sh,Malware distribution site
2024-02-01,Payload delivery,url,http://182.123.232.130:38390/bin.sh,Malware distribution site
2024-02-01,Payload delivery,url,http://222.139.42.200:60774/bin.sh,Malware distribution site
2024-02-01,Payload delivery,url,http://182.112.50.75:44068/bin.sh,Malware distribution site
2024-02-01,Payload delivery,url,http://39.74.34.147:42243/bin.sh,Malware distribution site
2024-02-01,Payload delivery,url,https://astervell.fun/DR12.exe,Malware distribution site
2024-02-01,Payload delivery,url,http://120.57.211.222:57458/Mozi.m,Malware distribution site
2024-02-01,Payload delivery,url,http://109.107.182.3/cost/no.exe,Malware distribution site
2024-02-01,Payload delivery,url,http://117.199.13.220:41672/bin.sh,Malware distribution site
2024-02-01,Payload delivery,url,http://42.239.190.139:33347/i,Malware distribution site
2024-02-01,Payload delivery,url,http://112.253.116.110:42489/Mozi.m,Malware distribution site
2024-02-01,Payload delivery,url,http://123.8.8.158:34786/bin.sh,Malware distribution site
2024-02-01,Payload delivery,url,http://39.87.106.0:54741/bin.sh,Malware distribution site
2024-02-01,Payload delivery,url,http://222.139.42.200:60774/i,Malware distribution site
2024-02-01,Payload delivery,url,http://123.8.8.158:34786/i,Malware distribution site
2024-02-01,Payload delivery,url,http://117.199.13.220:41672/i,Malware distribution site
2024-02-01,Payload delivery,url,http://117.252.206.79:52635/bin.sh,Malware distribution site
2024-02-01,Payload delivery,url,http://178.141.60.26:38478/bin.sh,Malware distribution site
2024-02-01,Payload delivery,url,https://cdn.discordapp.com/attachments/1199464823730212958/1202402425466519562/Androgynus.prm?ex=65cd5385&is=65bade85&hm=34ea44fe93d09af9151927ecbb6b7b4facb4b430847d2b0da46d6fb21eb4d73c&,Malware distribution site
2024-02-01,Payload delivery,url,http://178.141.60.26:38478/i,Malware distribution site
2024-02-01,Payload delivery,url,http://59.89.198.145:40354/Mozi.m,Malware distribution site
2024-02-01,Payload delivery,url,http://111.61.94.132:49737/bin.sh,Malware distribution site
2024-02-01,Payload delivery,url,https://paste.ee/d/IiT9a,Malware distribution site
2024-02-01,Payload delivery,url,http://45.32.236.130/llp/llpmicrosoftnwupcomgprojecytfprdesignnewthingstoundersandverificationprogram.doC,Malware distribution site
2024-02-01,Payload delivery,url,http://45.32.236.130/1777/minivideo.vbs,Malware distribution site
2024-02-01,Payload delivery,url,https://cdn.discordapp.com/attachments/1199464823730212958/1202401742856265799/yVOLJgOkimezPbL215.bin?ex=65cd52e3&is=65badde3&hm=efa437b46c51d019e6d5f01e11ec1e1d4917fa69fb095231da49303045c1da10&,Malware distribution site
2024-02-01,Payload delivery,url,http://194.87.14.131/nigaown.js,Malware distribution site
2024-02-01,Payload delivery,url,http://23.94.235.12/6565/65/beautycustomer.vbs,Malware distribution site
2024-02-01,Payload delivery,url,http://23.94.235.12/kbss/kb/microsoftunderstandhowthisnewtechnologyrunningentireprocesstodevelopnewthingsfromthetrue.doC,Malware distribution site
2024-02-01,Payload delivery,url,https://cdn.discordapp.com/attachments/1202385297405517857/1202394485653241856/Dims.thn?ex=65cd4c20&is=65bad720&hm=0a556223f94f0f74c34001819f7f9b570168b7b56c40efbb56774afe106e8968&,Malware distribution site
2024-02-01,Payload delivery,url,https://paste.ee/d/bx8vU,Malware distribution site
2024-02-01,Payload delivery,url,http://117.252.206.79:52635/i,Malware distribution site
2024-02-01,Payload delivery,url,https://cdn.discordapp.com/attachments/1202385297405517857/1202393771170340916/YVIZKeqMyVKoirpgVuo118.bin?ex=65cd4b76&is=65bad676&hm=843683658026122cc10b6503d335b6b70ac0bd9c080cf89963a9c23e81f14c61&,Malware distribution site
2024-02-01,Payload delivery,url,https://ihomescomfort.com/ab/Inhomoge115.asd,Malware distribution site
2024-02-01,Payload delivery,url,https://ihomescomfort.com/ab/200_Owazmoajkrj,Malware distribution site
2024-02-01,Payload delivery,url,https://ihomescomfort.com/ab/Halox.dsp,Malware distribution site
2024-02-01,Payload delivery,url,https://ihomescomfort.com/ab/swift%20payment%20Eur%20236854%202024012300478.lzh,Malware distribution site
2024-02-01,Payload delivery,url,https://ihomescomfort.com/ab/Tilridn.rar,Malware distribution site
2024-02-01,Payload delivery,url,https://ihomescomfort.com/ab/Klunketids.pfm,Malware distribution site
2024-02-01,Payload delivery,url,https://ihomescomfort.com/ab/235_Amxnwozwwlm.txt,Malware distribution site
2024-02-01,Payload delivery,url,https://ihomescomfort.com/ab/244_Lvloedkgqfd.txt,Malware distribution site
2024-02-01,Payload delivery,url,https://ihomescomfort.com/ab/250_Lwphfiggffg,Malware distribution site
2024-02-01,Payload delivery,url,https://ihomescomfort.com/ab/241_Eawzhmvqtmz,Malware distribution site
2024-02-01,Payload delivery,url,https://ihomescomfort.com/ab/201_Zftswjmiixk,Malware distribution site
2024-02-01,Payload delivery,url,https://ihomescomfort.com/ab/wazjQZBnDsaBnwq.exe,Malware distribution site
2024-02-01,Payload delivery,url,https://ihomescomfort.com/ab/Laamtdodjlgvzh.exe,Malware distribution site
2024-02-01,Payload delivery,url,https://drive.google.com/uc?export=download&id=1Uqg1nqa_xWerS1_ysiEimFiZ-pNaX2qW,Malware distribution site
2024-02-01,Payload delivery,url,http://185.202.175.135/blXwWRx100.bin,Malware distribution site
2024-02-01,Payload delivery,url,http://185.202.175.135/EmQnnxRwuuhnPPtBw236.bin,Malware distribution site
2024-02-01,Payload delivery,url,http://192.177.111.112/cVewmVCSKH158.bin,Malware distribution site
2024-02-01,Payload delivery,url,http://192.177.111.112/mrhgPfMVbYH61.bin,Malware distribution site
2024-02-01,Payload delivery,url,http://116.138.167.206:43585/Mozi.m,Malware distribution site
2024-02-01,Payload delivery,url,https://vk.com/doc481075715_673281480?hash=00BjMPkLsbrwD0YicuDd5KNyNWKiZ8sD89GpnRcNcOX&dl=HcKZM5Q8i67DXzXZTclOzZ6TccslveX8vfS7UzMzpxk&api=1&no_preview=1#lyla,Malware distribution site
2024-02-01,Payload delivery,url,http://59.180.187.27:50409/Mozi.m,Malware distribution site
2024-02-01,Payload delivery,url,https://cdn.discordapp.com/attachments/1202560670072184856/1202560735381819462/E_kis.bmp,Malware distribution site
2024-02-01,Payload delivery,url,http://45.128.232.215/fuckme.sh,Malware distribution site
2024-02-01,Payload delivery,url,http://45.128.232.215/keksec.armv4l,Malware distribution site
2024-02-01,Payload delivery,url,http://sinopecllc.top/_errorpages/alphalokizx.exe,Malware distribution site
2024-02-01,Payload delivery,url,http://45.128.232.215/keksec.roots,Malware distribution site
2024-02-01,Payload delivery,url,http://45.128.232.215/keksec.i5,Malware distribution site
2024-02-01,Payload delivery,url,http://45.128.232.215/keksec.superh,Malware distribution site
2024-02-01,Payload delivery,url,http://45.128.232.215/keksec.powerpc,Malware distribution site
2024-02-01,Payload delivery,url,http://45.128.232.215/keksec.mips,Malware distribution site
2024-02-01,Payload delivery,url,http://45.128.232.215/keksec.mipsel,Malware distribution site
2024-02-01,Payload delivery,url,http://45.128.232.215/keksec.m68k,Malware distribution site
2024-02-01,Payload delivery,url,http://45.128.232.215/keksec.i6,Malware distribution site
2024-02-01,Payload delivery,url,http://45.128.232.215/keksec.armv5l,Malware distribution site
2024-02-01,Payload delivery,url,http://45.128.232.215/keksec.armv6l,Malware distribution site
2024-02-01,Payload delivery,url,http://45.128.232.215/keksec.armv7l,Malware distribution site
2024-02-01,Payload delivery,url,http://39.87.106.0:54741/i,Malware distribution site
2024-02-01,Payload delivery,url,http://41.216.183.193/fuckjewishpeople.sh,Malware distribution site
2024-02-01,Payload delivery,url,http://41.216.183.193/fuckjewishpeople.ppc,Malware distribution site
2024-02-01,Payload delivery,url,http://41.216.183.193/fuckjewishpeople.sparc,Malware distribution site
2024-02-01,Payload delivery,url,http://41.216.183.193/fuckjewishpeople.arm5,Malware distribution site
2024-02-01,Payload delivery,url,http://41.216.183.193/fuckjewishpeople.x86,Malware distribution site
2024-02-01,Payload delivery,url,http://41.216.183.193/fuckjewishpeople.arm4,Malware distribution site
2024-02-01,Payload delivery,url,http://41.216.183.193/fuckjewishpeople.arm6,Malware distribution site
2024-02-01,Payload delivery,url,http://41.216.183.193/fuckjewishpeople.mpsl,Malware distribution site
2024-02-01,Payload delivery,url,http://41.216.183.193/fuckjewishpeople.mips,Malware distribution site
2024-02-01,Payload delivery,url,http://41.216.183.193/fuckjewishpeople.arm7,Malware distribution site
2024-02-01,Payload delivery,url,http://best.obs.cn-sz1.ctyun.cn/cn/sysnew.x86_64,Malware distribution site
2024-02-01,Payload delivery,url,http://best.obs.cn-sz1.ctyun.cn/cn/sysnew.x86,Malware distribution site
2024-02-01,Payload delivery,url,http://best.obs.cn-sz1.ctyun.cn/cn/sysnew.arm,Malware distribution site
2024-02-01,Payload delivery,url,http://best.obs.cn-sz1.ctyun.cn/cn/sysnew.mips,Malware distribution site
2024-02-01,Payload delivery,url,http://best.obs.cn-sz1.ctyun.cn/cn/sysnew.spc,Malware distribution site
2024-02-01,Payload delivery,url,http://best.obs.cn-sz1.ctyun.cn/cn/sysnew.i686,Malware distribution site
2024-02-01,Payload delivery,url,http://222.142.214.94:52378/bin.sh,Malware distribution site
2024-02-01,Payload delivery,url,http://94.156.71.213/arm,Malware distribution site
2024-02-01,Payload delivery,url,http://94.156.71.213/ppc,Malware distribution site
2024-02-01,Payload delivery,url,http://94.156.71.213/sh4,Malware distribution site
2024-02-01,Payload delivery,url,http://94.156.71.213/x86,Malware distribution site
2024-02-01,Payload delivery,url,http://94.156.71.213/mpsl,Malware distribution site
2024-02-01,Payload delivery,url,http://94.156.71.213/spc,Malware distribution site
2024-02-01,Payload delivery,url,http://94.156.71.213/m68k,Malware distribution site
2024-02-01,Payload delivery,url,http://94.156.71.213/mips,Malware distribution site
2024-02-01,Payload delivery,url,http://94.156.71.213/arm5,Malware distribution site
2024-02-01,Payload delivery,url,http://94.156.71.213/arm7,Malware distribution site
2024-02-01,Payload delivery,url,https://cdn.discordapp.com/attachments/1202560670072184856/1202560735771754567/E_otr.bmp,Malware distribution site
2024-02-01,Payload delivery,url,http://94.156.71.208/bins/sora.arm5,Malware distribution site
2024-02-01,Payload delivery,url,http://94.156.71.208/bins/sora.x86,Malware distribution site
2024-02-01,Payload delivery,url,http://94.156.71.208/bins/sora.ppc,Malware distribution site
2024-02-01,Payload delivery,url,http://94.156.71.208/bins/sora.mips,Malware distribution site
2024-02-01,Payload delivery,url,http://94.156.71.208/bins/sora.m68k,Malware distribution site
2024-02-01,Payload delivery,url,http://93.123.85.133/m68k,Malware distribution site
2024-02-01,Payload delivery,url,http://93.123.85.133/sh4,Malware distribution site
2024-02-01,Payload delivery,url,http://94.156.71.208/bins/sora.spc,Malware distribution site
2024-02-01,Payload delivery,url,http://94.156.71.208/bins/sora.x86_64,Malware distribution site
2024-02-01,Payload delivery,url,http://94.156.71.208/bins/sora.arm7,Malware distribution site
2024-02-01,Payload delivery,url,http://94.156.71.208/bins/sora.mpsl,Malware distribution site
2024-02-01,Payload delivery,url,http://93.123.85.133/mipsel,Malware distribution site
2024-02-01,Payload delivery,url,http://94.156.71.208/bins/sora.sh4,Malware distribution site
2024-02-01,Payload delivery,url,http://94.156.71.208/bins/sora.i686,Malware distribution site
2024-02-01,Payload delivery,url,http://94.156.71.208/bins/sora.arm,Malware distribution site
2024-02-01,Payload delivery,url,http://93.123.85.133/i686,Malware distribution site
2024-02-01,Payload delivery,url,http://93.123.85.133/sparc,Malware distribution site
2024-02-01,Payload delivery,url,http://93.123.85.133/x86,Malware distribution site
2024-02-01,Payload delivery,url,http://93.123.85.91/bins/sora.ppc,Malware distribution site
2024-02-01,Payload delivery,url,http://93.123.85.91/bins/sora.mips,Malware distribution site
2024-02-01,Payload delivery,url,http://93.123.85.91/bins/sora.x86,Malware distribution site
2024-02-01,Payload delivery,url,http://93.123.85.91/bins/sora.spc,Malware distribution site
2024-02-01,Payload delivery,url,http://93.123.85.91/bins/sora.x86_64,Malware distribution site
2024-02-01,Payload delivery,url,http://93.123.85.91/bins/sora.sh4,Malware distribution site
2024-02-01,Payload delivery,url,http://93.123.85.91/bins/sora.arm7,Malware distribution site
2024-02-01,Payload delivery,url,http://93.123.85.91/bins/sora.arm,Malware distribution site
2024-02-01,Payload delivery,url,http://93.123.85.91/bins/sora.arm5,Malware distribution site
2024-02-01,Payload delivery,url,http://93.123.85.91/bins/sora.mpsl,Malware distribution site
2024-02-01,Payload delivery,url,http://93.123.85.91/bins/sora.m68k,Malware distribution site
2024-02-01,Payload delivery,url,http://93.123.85.91/bins/sora.i686,Malware distribution site
2024-02-01,Payload delivery,url,http://45.95.146.126/jklppc,Malware distribution site
2024-02-01,Payload delivery,url,http://91.92.255.45/GuruITDDoS/RpcSecurity.mpsl,Malware distribution site
2024-02-01,Payload delivery,url,http://91.92.255.45/GuruITDDoS/RpcSecurity.ppc,Malware distribution site
2024-02-01,Payload delivery,url,http://91.92.255.45/GuruITDDoS/RpcSecurity.arm5,Malware distribution site
2024-02-01,Payload delivery,url,http://91.92.255.45/GuruITDDoS/RpcSecurity.spc,Malware distribution site
2024-02-01,Payload delivery,url,http://91.92.255.45/GuruITDDoS/RpcSecurity.sh4,Malware distribution site
2024-02-01,Payload delivery,url,http://45.95.146.126/jklsh4,Malware distribution site
2024-02-01,Payload delivery,url,http://91.92.255.45/GuruITDDoS/RpcSecurity.m68k,Malware distribution site
2024-02-01,Payload delivery,url,http://45.95.146.126/jklmpsl,Malware distribution site
2024-02-01,Payload delivery,url,http://45.95.146.126/jklx86,Malware distribution site
2024-02-01,Payload delivery,url,http://91.92.255.45/GuruITDDoS/RpcSecurity.arm7,Malware distribution site
2024-02-01,Payload delivery,url,http://91.92.255.45/GuruITDDoS/RpcSecurity.x86,Malware distribution site
2024-02-01,Payload delivery,url,http://91.92.255.45/GuruITDDoS/RpcSecurity.mips,Malware distribution site
2024-02-01,Payload delivery,url,http://91.92.255.45/GuruITDDoS/RpcSecurity.arm,Malware distribution site
2024-02-01,Payload delivery,url,http://91.92.255.45/GuruITDDoS/RpcSecurity.x86_64,Malware distribution site
2024-02-01,Payload delivery,url,http://45.95.146.126/jklmips,Malware distribution site
2024-02-01,Payload delivery,url,http://45.142.182.123/huhu.dbg,Malware distribution site
2024-02-01,Payload delivery,url,http://117.200.184.72:42001/Mozi.a,Malware distribution site
2024-02-01,Payload delivery,url,http://31.220.3.140/a/la.bot.sh4,Malware distribution site
2024-02-01,Payload delivery,url,http://31.220.3.140/a/la.bot.m68k,Malware distribution site
2024-02-01,Payload delivery,url,http://31.220.3.140/a/la.bot.sparc,Malware distribution site
2024-02-01,Payload delivery,url,http://31.220.3.140/a/la.bot.powerpc,Malware distribution site
2024-02-01,Payload delivery,url,http://31.220.3.140/a/la.bot.arm5,Malware distribution site
2024-02-01,Payload delivery,url,http://31.220.3.140/a/la.bot.mipsel,Malware distribution site
2024-02-01,Payload delivery,url,http://125.47.58.65:34912/bin.sh,Malware distribution site
2024-02-01,Payload delivery,url,https://blueyonderllc.top/_errorpages/ytpzx.exe,Malware distribution site
2024-02-01,Payload delivery,url,http://117.217.46.229:41048/bin.sh,Malware distribution site
2024-02-01,Payload delivery,url,http://165.232.86.151/x64.exe,Malware distribution site
2024-02-01,Payload delivery,url,http://61.2.108.37:42895/Mozi.a,Malware distribution site
2024-02-01,Payload delivery,url,http://185.234.216.64:8000/Posh_v4_dropper_x64.exe,Malware distribution site
2024-02-01,Payload delivery,url,http://45.81.22.67/Dread498_protected.exe,Malware distribution site
2024-02-01,Payload delivery,url,http://222.142.214.94:52378/i,Malware distribution site
2024-02-01,Payload delivery,url,http://91.143.171.160:42157/i,Malware distribution site
2024-02-01,Payload delivery,url,http://115.55.159.100:48288/i,Malware distribution site
2024-02-01,Payload delivery,url,http://117.217.46.229:41048/i,Malware distribution site
2024-02-01,Payload delivery,url,http://93.123.85.91/bins/sora.arm6,Malware distribution site
2024-02-01,Payload delivery,url,http://94.156.71.208/bins/sora.arm6,Malware distribution site
2024-02-01,Payload delivery,url,https://quacklypay.online/wp-content/uploads/2024/01/New-LMRA-app7.apk,Malware distribution site
2024-02-01,Payload delivery,url,http://125.47.58.65:34912/i,Malware distribution site
2024-02-01,Payload delivery,url,http://117.217.45.235:39737/bin.sh,Malware distribution site
2024-02-01,Payload delivery,url,http://120.211.222.79:35002/bin.sh,Malware distribution site
2024-02-01,Payload delivery,url,https://vk.com/doc481075715_673283721?hash=klsFsro3d3IEJNNOYDK24AVrNsHuMqDOs7coPpxZZWz&dl=nzMLaziUE6HUb73hogZFblsAQ2OrywEk7xHgzDJ2Lzs&api=1&no_preview=1#intens,Malware distribution site
2024-02-01,Payload delivery,url,http://219.157.57.193:51306/Mozi.m,Malware distribution site
2024-02-01,Payload delivery,url,http://117.217.87.100:34254/Mozi.m,Malware distribution site
2024-02-01,Payload delivery,url,http://102.33.69.136:53107/Mozi.m,Malware distribution site
2024-02-01,Payload delivery,url,http://42.233.104.232:42264/Mozi.m,Malware distribution site
2024-02-01,Payload delivery,url,http://hentaicapture.com/HentaiCapture.exe,Malware distribution site
2024-02-01,Payload delivery,url,http://59.93.20.213:48188/bin.sh,Malware distribution site
2024-02-01,Payload delivery,url,http://112.225.127.38:41271/bin.sh,Malware distribution site
2024-02-01,Payload delivery,url,https://vk.com/doc481075715_673285557?hash=owvxFPppryMXWFi2CH9Vwbj3XdsgGlbiBMr9BQUAiD0&dl=ERd4EPzMkToXTNiTjqm3dakFar8xtQMTNtDKFXEdHX8&api=1&no_preview=1#sharp_test,Malware distribution site
2024-02-01,Payload delivery,url,http://61.53.251.22:54783/i,Malware distribution site
2024-02-01,Payload delivery,url,http://59.182.255.57:49280/Mozi.m,Malware distribution site
2024-02-01,Payload delivery,url,http://120.211.222.79:35002/i,Malware distribution site
2024-02-01,Payload delivery,url,http://59.93.20.213:48188/i,Malware distribution site
2024-02-01,Payload delivery,url,http://117.217.43.141:42982/Mozi.m,Malware distribution site
2024-02-01,Payload delivery,url,http://125.44.46.49:43371/bin.sh,Malware distribution site
2024-02-01,Payload delivery,url,http://109.107.182.3/lego/Client4Cr.exe,Malware distribution site
2024-02-01,Payload delivery,url,http://109.107.182.3/lego/main.exe,Malware distribution site
2024-02-01,Payload delivery,url,http://93.123.85.79/bomba.sh,Malware distribution site
2024-02-01,Payload delivery,url,http://b.clu-e.eu/b2f628/d/ai.sh,Malware distribution site
2024-02-01,Payload delivery,url,http://b.clu-e.eu/b2f628/d/ar.sh,Malware distribution site
2024-02-01,Payload delivery,url,http://222.138.177.178:38034/bin.sh,Malware distribution site
2024-02-01,Payload delivery,url,http://115.59.91.177:55436/bin.sh,Malware distribution site
2024-02-01,Payload delivery,url,http://37.60.227.156/S1eJ3/IObeENwjarm64,Malware distribution site
2024-02-01,Payload delivery,url,http://37.60.227.156/S1eJ3/IObeENwjm68k,Malware distribution site
2024-02-01,Payload delivery,url,http://37.60.227.156/S1eJ3/IObeENwjppc,Malware distribution site
2024-02-01,Payload delivery,url,http://37.60.227.156/S1eJ3/IObeENwjx86,Malware distribution site
2024-02-01,Payload delivery,url,http://37.60.227.156/S1eJ3/IObeENwjmips,Malware distribution site
2024-02-01,Payload delivery,url,http://37.60.227.156/S1eJ3/IObeENwjmpsl,Malware distribution site
2024-02-01,Payload delivery,url,http://37.60.227.156/S1eJ3/IObeENwjsh4,Malware distribution site
2024-02-01,Payload delivery,url,http://37.60.227.156/S1eJ3/IObeENwji586,Malware distribution site
2024-02-01,Payload delivery,url,http://37.60.227.156/S1eJ3/IObeENwji686,Malware distribution site
2024-02-01,Payload delivery,url,http://37.60.227.156/S1eJ3/IObeENwjarm4,Malware distribution site
2024-02-01,Payload delivery,url,http://37.60.227.156/S1eJ3/IObeENwjarm5,Malware distribution site
2024-02-01,Payload delivery,url,http://37.60.227.156/S1eJ3/IObeENwjarm,Malware distribution site
2024-02-01,Payload delivery,url,https://wtools.io/paste-code/bTtg,Malware distribution site
2024-02-01,Payload delivery,url,http://125.44.46.49:43371/i,Malware distribution site
2024-02-01,Payload delivery,url,http://222.138.177.178:38034/i,Malware distribution site
2024-02-01,Payload delivery,url,http://123.5.150.110:49221/bin.sh,Malware distribution site
2024-02-01,Payload delivery,url,http://42.224.23.204:42627/Mozi.m,Malware distribution site
2024-02-01,Payload delivery,url,http://115.59.91.177:55436/i,Malware distribution site
2024-02-01,Payload delivery,url,http://124.131.39.131:52497/i,Malware distribution site
2024-02-01,Payload delivery,url,http://221.15.228.20:45323/bin.sh,Malware distribution site
2024-02-01,Payload delivery,url,http://117.217.83.194:47411/bin.sh,Malware distribution site
2024-02-01,Payload delivery,url,http://39.170.49.133:37017/mozi.m,Malware distribution site
2024-02-01,Payload delivery,url,http://221.14.10.85:52404/bin.sh,Malware distribution site
2024-02-01,Payload delivery,url,http://123.5.150.110:49221/i,Malware distribution site
2024-02-01,Payload delivery,url,http://117.217.83.194:47411/i,Malware distribution site
2024-02-01,Payload delivery,url,http://61.53.138.197:55382/Mozi.a,Malware distribution site
2024-02-01,Payload delivery,url,http://175.167.20.184:56565/Mozi.m,Malware distribution site
2024-02-01,Payload delivery,url,http://221.15.228.20:45323/i,Malware distribution site
2024-02-01,Payload delivery,url,http://117.235.159.72:50939/Mozi.m,Malware distribution site
2024-02-01,Payload delivery,url,http://221.14.10.85:52404/i,Malware distribution site
2024-02-01,Payload delivery,url,http://119.178.218.229:52426/bin.sh,Malware distribution site
2024-02-01,Payload delivery,url,http://91.92.253.199/EED.exe,Malware distribution site
2024-02-01,Payload delivery,url,http://222.136.154.143:36556/Mozi.a,Malware distribution site
2024-02-01,Payload delivery,url,http://115.55.49.251:56556/bin.sh,Malware distribution site
2024-02-01,Payload delivery,url,http://182.117.127.95:36350/i,Malware distribution site
2024-02-01,Payload delivery,url,http://119.178.218.229:52426/i,Malware distribution site
2024-02-01,Payload delivery,url,http://42.230.47.177:44826/bin.sh,Malware distribution site
2024-02-01,Payload delivery,url,http://125.43.36.248:34582/bin.sh,Malware distribution site
2024-02-01,Payload delivery,url,http://115.55.49.251:56556/i,Malware distribution site
2024-02-01,Payload delivery,url,http://197.201.53.89:60810/Mozi.m,Malware distribution site
2024-02-01,Payload delivery,url,http://123.8.161.73:55165/bin.sh,Malware distribution site
2024-02-01,Payload delivery,url,http://42.230.47.177:44826/i,Malware distribution site
2024-02-01,Payload delivery,url,http://125.43.36.248:34582/i,Malware distribution site
2024-02-01,Payload delivery,url,http://117.252.195.177:47099/Mozi.m,Malware distribution site
2024-02-01,Payload delivery,url,http://42.224.198.217:43985/Mozi.m,Malware distribution site
2024-02-01,Payload delivery,url,http://185.172.128.127/timeSync.exe,Malware distribution site
2024-02-01,Payload delivery,url,http://117.235.156.171:46642/Mozi.m,Malware distribution site
2024-02-01,Payload delivery,url,http://117.199.11.146:59995/Mozi.m,Malware distribution site
2024-02-01,Payload delivery,url,http://102.33.32.26:55901/Mozi.m,Malware distribution site
2024-02-01,Payload delivery,url,http://102.33.31.107:55360/Mozi.m,Malware distribution site
2024-02-01,Payload delivery,url,http://123.5.150.110:49221/Mozi.m,Malware distribution site
2024-02-01,Payload delivery,url,http://123.130.171.117:40176/Mozi.m,Malware distribution site
2024-02-01,Payload delivery,url,https://wtools.io/paste-code/bTtz,Malware distribution site
2024-02-01,Payload delivery,url,http://193.111.248.58/mpsl,Malware distribution site
2024-02-01,Payload delivery,url,http://193.111.248.58/arm6,Malware distribution site
2024-02-01,Payload delivery,url,http://193.111.248.58/ppc,Malware distribution site
2024-02-01,Payload delivery,url,http://193.111.248.58/arm7,Malware distribution site
2024-02-01,Payload delivery,url,http://193.111.248.58/arm5,Malware distribution site
2024-02-01,Payload delivery,url,http://193.111.248.58/arm,Malware distribution site
2024-02-01,Payload delivery,url,http://193.111.248.58/sh4,Malware distribution site
2024-02-01,Payload delivery,url,http://193.111.248.58/spc,Malware distribution site
2024-02-01,Payload delivery,url,http://193.111.248.58/m68k,Malware distribution site
2024-02-01,Payload delivery,url,http://193.111.248.58/x86,Malware distribution site
2024-02-01,Payload delivery,url,http://193.111.248.58/mips,Malware distribution site
2024-02-01,Payload delivery,url,https://jklkcg.db.files.1drv.com/y4mHtQPK7IjV6XGCx_SN9H-Fu1aFm93U-_yMtvfznick1T_4g4_wBJkIqCMB4N7oE-VT-YCpHaCPOJsSS7tZVUMDe8jMUV4PrdjnBhho2ESMRiYDadCsRymv56eSdmQ1bQ6BtjMu15n9LgdOUK7UqccjjKG4ldq3PPaTD7TKgwN6vx_rQF8pYdLf5ef8InQ0YOqeEo45trH95UKcDgwtPlZOg,Malware distribution site
2024-02-01,Payload delivery,url,http://222.140.237.24:42205/bin.sh,Malware distribution site
2024-02-01,Payload delivery,url,http://123.8.161.73:55165/i,Malware distribution site
2024-02-01,Payload delivery,url,http://61.53.152.83:36438/i,Malware distribution site
2024-02-01,Payload delivery,url,http://59.92.185.158:41180/Mozi.m,Malware distribution site
2024-02-01,Payload delivery,url,http://112.242.226.243:38565/i,Malware distribution site
2024-02-01,Payload delivery,url,http://182.126.243.113:53027/bin.sh,Malware distribution site
2024-02-01,Payload delivery,url,http://222.140.198.90:55720/bin.sh,Malware distribution site
2024-02-01,Payload delivery,url,http://61.53.251.22:54783/bin.sh,Malware distribution site
2024-02-01,Payload delivery,url,http://59.92.187.167:57479/bin.sh,Malware distribution site
2024-02-01,Payload delivery,url,http://222.140.237.24:42205/i,Malware distribution site
2024-02-01,Payload delivery,url,http://90.159.4.179:37036/bin.sh,Malware distribution site
2024-02-01,Payload delivery,url,http://45.81.23.10/rt/dp/1,Malware distribution site
2024-02-01,Payload delivery,url,http://115.57.112.152:58670/i,Malware distribution site
2024-02-01,Payload delivery,url,http://45.81.23.10/rt/dp/2,Malware distribution site
2024-02-01,Payload delivery,url,http://219.157.51.0:34442/i,Malware distribution site
2024-02-01,Payload delivery,url,http://222.140.198.90:55720/i,Malware distribution site
2024-02-01,Payload delivery,url,http://109.107.182.3/lego/AquariumScreening.exe,Malware distribution site
2024-02-01,Payload delivery,url,http://90.159.4.179:37036/i,Malware distribution site
2024-02-01,Payload delivery,url,http://109.107.182.3/lego/build.exe,Malware distribution site
2024-02-01,Payload delivery,url,http://59.92.187.167:57479/i,Malware distribution site
2024-02-02,Payload delivery,url,http://emgvod.com/emd/1.jpg,Malware distribution site
2024-02-02,Payload delivery,url,http://123.129.153.33:49058/i,Malware distribution site
2024-02-02,Payload delivery,url,http://59.93.194.221:37237/i,Malware distribution site
2024-02-02,Payload delivery,url,http://37.13.58.19:51917/bin.sh,Malware distribution site
2024-02-02,Payload delivery,url,https://hwpr.honors.howamerica.com/editContent,Malware distribution site
2024-02-02,Payload delivery,url,http://109.107.182.3/lego/blackwindows.exe,Malware distribution site
2024-02-02,Payload delivery,url,http://82.147.84.194/0.exe,Malware distribution site
2024-02-02,Payload delivery,url,http://27.206.237.4:42137/Mozi.m,Malware distribution site
2024-02-02,Payload delivery,url,http://59.89.198.145:40354/i,Malware distribution site
2024-02-02,Payload delivery,url,http://182.121.232.7:39813/bin.sh,Malware distribution site
2024-02-02,Payload delivery,url,http://112.248.107.253:60659/bin.sh,Malware distribution site
2024-02-02,Payload delivery,url,https://thrivetrail.org/BCx64.exe,Malware distribution site
2024-02-02,Payload delivery,url,http://123.13.23.130:42017/Mozi.m,Malware distribution site
2024-02-02,Payload delivery,url,http://222.137.15.212:32909/Mozi.m,Malware distribution site
2024-02-02,Payload delivery,url,http://27.215.48.120:42541/bin.sh,Malware distribution site
2024-02-02,Payload delivery,url,http://42.231.91.153:42952/bin.sh,Malware distribution site
2024-02-02,Payload delivery,url,http://109.107.182.3/lego/firefoxsunny.exe,Malware distribution site
2024-02-02,Payload delivery,url,http://182.121.232.7:39813/i,Malware distribution site
2024-02-02,Payload delivery,url,http://123.129.153.33:49058/bin.sh,Malware distribution site
2024-02-02,Payload delivery,url,http://115.55.246.207:49013/bin.sh,Malware distribution site
2024-02-02,Payload delivery,url,http://42.231.91.153:42952/i,Malware distribution site
2024-02-02,Payload delivery,url,http://182.126.243.113:53027/i,Malware distribution site
2024-02-02,Payload delivery,url,http://123.5.186.217:57545/bin.sh,Malware distribution site
2024-02-02,Payload delivery,url,http://112.248.124.42:35771/bin.sh,Malware distribution site
2024-02-02,Payload delivery,url,https://vk.com/doc481075715_673302562?hash=CJpOP6UACnasGhuFl2OaZdMGgGBCTByNbnuhpwgV0I0&dl=qWt9E6tU2KBZFjWo5FZKhXcHlIVkg0T4Vzgvg6DjG0H&api=1&no_preview=1#build,Malware distribution site
2024-02-02,Payload delivery,url,http://182.124.52.120:34520/bin.sh,Malware distribution site
2024-02-02,Payload delivery,url,http://222.140.156.94:39734/bin.sh,Malware distribution site
2024-02-02,Payload delivery,url,http://94.156.71.172/bins/jew.x86,Malware distribution site
2024-02-02,Payload delivery,url,http://123.5.186.217:57545/i,Malware distribution site
2024-02-02,Payload delivery,url,http://222.141.120.173:45727/bin.sh,Malware distribution site
2024-02-02,Payload delivery,url,http://223.68.142.178:50775/Mozi.m,Malware distribution site
2024-02-02,Payload delivery,url,http://222.140.156.94:39734/i,Malware distribution site
2024-02-02,Payload delivery,url,http://175.209.123.68:43844/Mozi.m,Malware distribution site
2024-02-02,Payload delivery,url,http://42.235.190.53:46887/bin.sh,Malware distribution site
2024-02-02,Payload delivery,url,http://27.6.167.127:59213/Mozi.m,Malware distribution site
2024-02-02,Payload delivery,url,http://125.43.26.157:53221/bin.sh,Malware distribution site
2024-02-02,Payload delivery,url,http://115.48.10.76:50138/bin.sh,Malware distribution site
2024-02-02,Payload delivery,url,http://61.53.138.197:55382/i,Malware distribution site
2024-02-02,Payload delivery,url,http://42.235.7.109:36870/i,Malware distribution site
2024-02-02,Payload delivery,url,http://42.235.190.53:46887/i,Malware distribution site
2024-02-02,Payload delivery,url,http://172.86.75.10/Install.exe,Malware distribution site
2024-02-02,Payload delivery,url,http://182.112.142.255:58867/bin.sh,Malware distribution site
2024-02-02,Payload delivery,url,http://172.86.75.10/rdpcllp.exe,Malware distribution site
2024-02-02,Payload delivery,url,http://185.172.128.19/dayroc.exe,Malware distribution site
2024-02-02,Payload delivery,url,http://182.112.142.255:58867/i,Malware distribution site
2024-02-02,Payload delivery,url,http://94.156.71.172/bins/jew.m68k,Malware distribution site
2024-02-02,Payload delivery,url,http://94.156.71.172/bins/jew.mips,Malware distribution site
2024-02-02,Payload delivery,url,http://94.156.71.172/bins/jew.arm6,Malware distribution site
2024-02-02,Payload delivery,url,http://94.156.71.172/bins/jew.arm5,Malware distribution site
2024-02-02,Payload delivery,url,http://94.156.71.172/bins/jew.arm7,Malware distribution site
2024-02-02,Payload delivery,url,http://94.156.71.172/bins/jew.arm,Malware distribution site
2024-02-02,Payload delivery,url,https://45.15.156.13/index.php/s/egALDmbY5gj9RFt/download/meta12.exe,Malware distribution site
2024-02-02,Payload delivery,url,http://94.156.71.148/bilds/E_kis.bmp,Malware distribution site
2024-02-02,Payload delivery,url,http://115.48.10.76:50138/i,Malware distribution site
2024-02-02,Payload delivery,url,http://117.252.100.115:57855/Mozi.a,Malware distribution site
2024-02-02,Payload delivery,url,http://42.239.228.200:47797/i,Malware distribution site
2024-02-02,Payload delivery,url,http://125.43.26.157:53221/i,Malware distribution site
2024-02-02,Payload delivery,url,http://219.155.210.253:45678/i,Malware distribution site
2024-02-02,Payload delivery,url,http://116.31.152.241:34269/i,Malware distribution site
2024-02-02,Payload delivery,url,http://115.55.243.249:37389/bin.sh,Malware distribution site
2024-02-02,Payload delivery,url,http://27.215.54.141:47735/bin.sh,Malware distribution site
2024-02-02,Payload delivery,url,http://109.107.182.3/lego/RDX.exe,Malware distribution site
2024-02-02,Payload delivery,url,http://115.55.159.100:48288/bin.sh,Malware distribution site
2024-02-02,Payload delivery,url,http://119.179.236.144:52924/bin.sh,Malware distribution site
2024-02-02,Payload delivery,url,http://182.118.155.160:42328/i,Malware distribution site
2024-02-02,Payload delivery,url,http://182.114.33.57:34303/Mozi.m,Malware distribution site
2024-02-02,Payload delivery,url,http://27.215.54.141:47735/i,Malware distribution site
2024-02-02,Payload delivery,url,http://42.239.224.146:41140/bin.sh,Malware distribution site
2024-02-02,Payload delivery,url,http://115.55.243.249:37389/i,Malware distribution site
2024-02-02,Payload delivery,url,http://182.123.247.218:59326/bin.sh,Malware distribution site
2024-02-02,Payload delivery,url,http://222.137.209.196:57679/Mozi.m,Malware distribution site
2024-02-02,Payload delivery,url,http://182.127.113.41:33688/Mozi.m,Malware distribution site
2024-02-02,Payload delivery,url,http://42.235.7.109:36870/bin.sh,Malware distribution site
2024-02-02,Payload delivery,url,http://115.49.67.219:47347/bin.sh,Malware distribution site
2024-02-02,Payload delivery,url,http://42.238.173.34:44313/bin.sh,Malware distribution site
2024-02-02,Payload delivery,url,http://27.215.108.236:37865/bin.sh,Malware distribution site
2024-02-02,Payload delivery,url,http://182.123.247.218:59326/i,Malware distribution site
2024-02-02,Payload delivery,url,http://182.126.116.192:33688/bin.sh,Malware distribution site
2024-02-02,Payload delivery,url,http://42.232.238.93:57045/bin.sh,Malware distribution site
2024-02-02,Payload delivery,url,http://61.0.150.14:42039/Mozi.m,Malware distribution site
2024-02-02,Payload delivery,url,http://46.32.172.212:11459/Mozi.m,Malware distribution site
2024-02-02,Payload delivery,url,http://27.219.121.99:48159/Mozi.m,Malware distribution site
2024-02-02,Payload delivery,url,http://163.125.248.131:39331/Mozi.m,Malware distribution site
2024-02-02,Payload delivery,url,http://120.211.104.162:47037/Mozi.a,Malware distribution site
2024-02-02,Payload delivery,url,http://223.8.215.207:17437/.i,Malware distribution site
2024-02-02,Payload delivery,url,http://115.50.227.14:45250/i,Malware distribution site
2024-02-02,Payload delivery,url,http://42.224.151.200:47132/bin.sh,Malware distribution site
2024-02-02,Payload delivery,url,http://42.238.173.34:44313/i,Malware distribution site
2024-02-02,Payload delivery,url,http://175.209.123.68:43844/bin.sh,Malware distribution site
2024-02-02,Payload delivery,url,http://115.49.67.219:47347/i,Malware distribution site
2024-02-02,Payload delivery,url,http://27.215.108.236:37865/i,Malware distribution site
2024-02-02,Payload delivery,url,http://221.14.10.85:52404/Mozi.m,Malware distribution site
2024-02-02,Payload delivery,url,http://42.239.228.200:47797/bin.sh,Malware distribution site
2024-02-02,Payload delivery,url,https://vk.com/doc481075715_673307128?hash=r5ZWUWhY062gHSEGVMpHZ7DOa6zpvwqbVHAm50rSHYg&dl=fGRY5CsQ7bsjb6ncFxsRRxcfBlpE1j6zaKVohM8JcWH&api=1&no_preview=1#trace,Malware distribution site
2024-02-02,Payload delivery,url,http://115.55.139.211:50633/bin.sh,Malware distribution site
2024-02-02,Payload delivery,url,https://ygjxh.colors.usajicgu.com/editContent,Malware distribution site
2024-02-02,Payload delivery,url,http://42.232.238.93:57045/i,Malware distribution site
2024-02-02,Payload delivery,url,http://175.209.123.68:43844/i,Malware distribution site
2024-02-02,Payload delivery,url,http://115.49.232.10:50967/bin.sh,Malware distribution site
2024-02-02,Payload delivery,url,http://37.55.178.20:45082/Mozi.m,Malware distribution site
2024-02-02,Payload delivery,url,http://182.112.53.244:57274/Mozi.m,Malware distribution site
2024-02-02,Payload delivery,url,http://117.201.5.178:56255/Mozi.m,Malware distribution site
2024-02-02,Payload delivery,url,http://117.220.99.226:52145/Mozi.a,Malware distribution site
2024-02-02,Payload delivery,url,http://42.224.151.200:47132/i,Malware distribution site
2024-02-02,Payload delivery,url,http://115.49.232.10:50967/i,Malware distribution site
2024-02-02,Payload delivery,url,http://117.201.3.8:54046/bin.sh,Malware distribution site
2024-02-02,Payload delivery,url,http://221.15.21.63:58860/bin.sh,Malware distribution site
2024-02-02,Payload delivery,url,http://117.211.213.137:47667/Mozi.m,Malware distribution site
2024-02-02,Payload delivery,url,http://115.55.139.211:50633/i,Malware distribution site
2024-02-02,Payload delivery,url,http://175.211.215.26:41911/bin.sh,Malware distribution site
2024-02-02,Payload delivery,url,http://117.201.3.8:54046/i,Malware distribution site
2024-02-02,Payload delivery,url,http://221.15.21.63:58860/i,Malware distribution site
2024-02-02,Payload delivery,url,http://175.211.215.26:41911/i,Malware distribution site
2024-02-02,Payload delivery,url,http://182.116.120.197:54289/i,Malware distribution site
2024-02-02,Payload delivery,url,http://182.116.15.127:51894/bin.sh,Malware distribution site
2024-02-02,Payload delivery,url,http://182.116.117.126:50119/i,Malware distribution site
2024-02-02,Payload delivery,url,http://222.136.82.43:57492/Mozi.m,Malware distribution site
2024-02-02,Payload delivery,url,http://59.92.176.29:57317/bin.sh,Malware distribution site
2024-02-02,Payload delivery,url,http://182.116.15.127:51894/i,Malware distribution site
2024-02-02,Payload delivery,url,http://61.54.10.234:39287/bin.sh,Malware distribution site
2024-02-02,Payload delivery,url,https://vk.com/doc481075715_673304792?hash=qpykEecMY4bHVnaEJT3qMxqn5J10AfDaBBzGZVyMSND&dl=zMIu20DasFRgrYI19b9saxP59i41MLf3vZ6gZdszZMc&api=1&no_preview=1#kisrise,Malware distribution site
2024-02-02,Payload delivery,url,http://219.157.233.13:37535/bin.sh,Malware distribution site
2024-02-02,Payload delivery,url,http://42.225.206.38:45192/bin.sh,Malware distribution site
2024-02-02,Payload delivery,url,http://175.173.192.147:52816/bin.sh,Malware distribution site
2024-02-02,Payload delivery,url,http://59.92.176.29:57317/i,Malware distribution site
2024-02-02,Payload delivery,url,http://94.156.68.158/bins/jew.x86,Malware distribution site
2024-02-02,Payload delivery,url,http://61.54.10.234:39287/i,Malware distribution site
2024-02-02,Payload delivery,url,http://115.55.51.123:41534/bin.sh,Malware distribution site
2024-02-02,Payload delivery,url,http://42.225.206.38:45192/i,Malware distribution site
2024-02-02,Payload delivery,url,http://219.157.233.13:37535/i,Malware distribution site
2024-02-02,Payload delivery,url,http://182.124.51.177:34520/mozi.m,Malware distribution site
2024-02-02,Payload delivery,url,http://190.94.16.211:48157/Mozi.m,Malware distribution site
2024-02-02,Payload delivery,url,http://175.173.192.147:52816/i,Malware distribution site
2024-02-02,Payload delivery,url,http://120.211.70.75:56437/bin.sh,Malware distribution site
2024-02-02,Payload delivery,url,http://182.112.50.75:44068/i,Malware distribution site
2024-02-02,Payload delivery,url,http://117.196.8.85:54501/i,Malware distribution site
2024-02-01,Payload delivery,ip-dst,102.33.31.107,Malware payload delivery host
2024-02-01,Payload delivery,ip-dst,102.33.32.26,Malware payload delivery host
2024-02-01,Payload delivery,ip-dst,102.33.69.136,Malware payload delivery host
2024-02-01,Payload delivery,ip-dst,102.33.82.27,Malware payload delivery host
2024-02-01,Payload delivery,ip-dst,111.61.94.132,Malware payload delivery host
2024-02-01,Payload delivery,ip-dst,112.225.127.38,Malware payload delivery host
2024-02-01,Payload delivery,ip-dst,112.242.58.131,Malware payload delivery host
2024-02-02,Payload delivery,ip-dst,112.248.107.253,Malware payload delivery host
2024-02-02,Payload delivery,ip-dst,112.248.124.42,Malware payload delivery host
2024-02-01,Payload delivery,ip-dst,112.248.28.32,Malware payload delivery host
2024-02-01,Payload delivery,ip-dst,112.253.116.110,Malware payload delivery host
2024-02-01,Payload delivery,ip-dst,115.183.45.152,Malware payload delivery host
2024-02-01,Payload delivery,ip-dst,115.48.10.76,Malware payload delivery host
2024-02-01,Payload delivery,ip-dst,115.48.43.57,Malware payload delivery host
2024-02-02,Payload delivery,ip-dst,115.49.232.10,Malware payload delivery host
2024-02-01,Payload delivery,ip-dst,115.49.30.233,Malware payload delivery host
2024-02-01,Payload delivery,ip-dst,115.50.218.150,Malware payload delivery host
2024-02-01,Payload delivery,ip-dst,115.50.227.14,Malware payload delivery host
2024-02-02,Payload delivery,ip-dst,115.55.139.211,Malware payload delivery host
2024-02-01,Payload delivery,ip-dst,115.55.159.100,Malware payload delivery host
2024-02-02,Payload delivery,ip-dst,115.55.243.249,Malware payload delivery host
2024-02-01,Payload delivery,ip-dst,115.55.246.207,Malware payload delivery host
2024-02-01,Payload delivery,ip-dst,115.55.252.152,Malware payload delivery host
2024-02-01,Payload delivery,ip-dst,115.55.49.251,Malware payload delivery host
2024-02-01,Payload delivery,ip-dst,115.56.173.238,Malware payload delivery host
2024-02-01,Payload delivery,ip-dst,115.57.112.152,Malware payload delivery host
2024-02-01,Payload delivery,ip-dst,115.58.172.116,Malware payload delivery host
2024-02-01,Payload delivery,ip-dst,115.59.91.177,Malware payload delivery host
2024-02-02,Payload delivery,ip-dst,116.31.152.241,Malware payload delivery host
2024-02-01,Payload delivery,ip-dst,117.192.126.41,Malware payload delivery host
2024-02-02,Payload delivery,ip-dst,117.196.8.85,Malware payload delivery host
2024-02-01,Payload delivery,ip-dst,117.196.9.88,Malware payload delivery host
2024-02-01,Payload delivery,ip-dst,117.199.11.146,Malware payload delivery host
2024-02-01,Payload delivery,ip-dst,117.199.12.103,Malware payload delivery host
2024-02-01,Payload delivery,ip-dst,117.199.13.220,Malware payload delivery host
2024-02-01,Payload delivery,ip-dst,117.200.184.72,Malware payload delivery host
2024-02-02,Payload delivery,ip-dst,117.201.3.8,Malware payload delivery host
2024-02-02,Payload delivery,ip-dst,117.201.5.178,Malware payload delivery host
2024-02-01,Payload delivery,ip-dst,117.201.8.97,Malware payload delivery host
2024-02-01,Payload delivery,ip-dst,117.201.9.142,Malware payload delivery host
2024-02-01,Payload delivery,ip-dst,117.211.25.35,Malware payload delivery host
2024-02-01,Payload delivery,ip-dst,117.217.32.92,Malware payload delivery host
2024-02-01,Payload delivery,ip-dst,117.217.33.230,Malware payload delivery host
2024-02-01,Payload delivery,ip-dst,117.217.42.101,Malware payload delivery host
2024-02-01,Payload delivery,ip-dst,117.217.43.141,Malware payload delivery host
2024-02-01,Payload delivery,ip-dst,117.217.45.235,Malware payload delivery host
2024-02-01,Payload delivery,ip-dst,117.217.45.35,Malware payload delivery host
2024-02-01,Payload delivery,ip-dst,117.217.83.179,Malware payload delivery host
2024-02-01,Payload delivery,ip-dst,117.217.83.194,Malware payload delivery host
2024-02-01,Payload delivery,ip-dst,117.217.87.100,Malware payload delivery host
2024-02-02,Payload delivery,ip-dst,117.220.99.226,Malware payload delivery host
2024-02-01,Payload delivery,ip-dst,117.235.156.171,Malware payload delivery host
2024-02-01,Payload delivery,ip-dst,117.235.159.72,Malware payload delivery host
2024-02-01,Payload delivery,ip-dst,117.241.201.114,Malware payload delivery host
2024-02-02,Payload delivery,ip-dst,117.252.100.115,Malware payload delivery host
2024-02-01,Payload delivery,ip-dst,117.252.194.245,Malware payload delivery host
2024-02-01,Payload delivery,ip-dst,117.252.195.177,Malware payload delivery host
2024-02-01,Payload delivery,ip-dst,117.252.200.217,Malware payload delivery host
2024-02-01,Payload delivery,ip-dst,117.252.206.79,Malware payload delivery host
2024-02-01,Payload delivery,ip-dst,117.254.194.134,Malware payload delivery host
2024-02-01,Payload delivery,ip-dst,117.63.96.213,Malware payload delivery host
2024-02-01,Payload delivery,ip-dst,119.178.218.229,Malware payload delivery host
2024-02-02,Payload delivery,ip-dst,119.179.236.144,Malware payload delivery host
2024-02-01,Payload delivery,ip-dst,120.56.14.184,Malware payload delivery host
2024-02-01,Payload delivery,ip-dst,120.57.126.191,Malware payload delivery host
2024-02-01,Payload delivery,ip-dst,123.10.7.67,Malware payload delivery host
2024-02-01,Payload delivery,ip-dst,123.11.222.111,Malware payload delivery host
2024-02-01,Payload delivery,ip-dst,123.12.44.179,Malware payload delivery host
2024-02-01,Payload delivery,ip-dst,123.130.171.117,Malware payload delivery host
2024-02-01,Payload delivery,ip-dst,123.173.78.98,Malware payload delivery host
2024-02-01,Payload delivery,ip-dst,123.5.150.110,Malware payload delivery host
2024-02-01,Payload delivery,ip-dst,123.8.161.73,Malware payload delivery host
2024-02-01,Payload delivery,ip-dst,123.8.8.158,Malware payload delivery host
2024-02-01,Payload delivery,ip-dst,123.9.87.19,Malware payload delivery host
2024-02-01,Payload delivery,ip-dst,124.131.39.131,Malware payload delivery host
2024-02-01,Payload delivery,ip-dst,125.112.123.103,Malware payload delivery host
2024-02-01,Payload delivery,ip-dst,125.43.36.248,Malware payload delivery host
2024-02-01,Payload delivery,ip-dst,125.43.75.121,Malware payload delivery host
2024-02-01,Payload delivery,ip-dst,125.47.58.65,Malware payload delivery host
2024-02-02,Payload delivery,ip-dst,163.125.248.131,Malware payload delivery host
2024-02-01,Payload delivery,ip-dst,165.232.86.151,Malware payload delivery host
2024-02-02,Payload delivery,ip-dst,172.86.75.10,Malware payload delivery host
2024-02-01,Payload delivery,ip-dst,173.208.148.138,Malware payload delivery host
2024-02-01,Payload delivery,ip-dst,173.230.138.79,Malware payload delivery host
2024-02-01,Payload delivery,ip-dst,173.249.207.15,Malware payload delivery host
2024-02-01,Payload delivery,ip-dst,175.167.20.184,Malware payload delivery host
2024-02-02,Payload delivery,ip-dst,175.173.192.147,Malware payload delivery host
2024-02-02,Payload delivery,ip-dst,175.209.123.68,Malware payload delivery host
2024-02-01,Payload delivery,ip-dst,178.141.60.26,Malware payload delivery host
2024-02-01,Payload delivery,ip-dst,182.112.50.75,Malware payload delivery host
2024-02-02,Payload delivery,ip-dst,182.112.53.244,Malware payload delivery host
2024-02-01,Payload delivery,ip-dst,182.112.60.233,Malware payload delivery host
2024-02-02,Payload delivery,ip-dst,182.114.33.57,Malware payload delivery host
2024-02-02,Payload delivery,ip-dst,182.116.117.126,Malware payload delivery host
2024-02-02,Payload delivery,ip-dst,182.116.120.197,Malware payload delivery host
2024-02-01,Payload delivery,ip-dst,182.117.127.95,Malware payload delivery host
2024-02-02,Payload delivery,ip-dst,182.118.155.160,Malware payload delivery host
2024-02-01,Payload delivery,ip-dst,182.119.123.245,Malware payload delivery host
2024-02-01,Payload delivery,ip-dst,182.121.11.37,Malware payload delivery host
2024-02-02,Payload delivery,ip-dst,182.121.232.7,Malware payload delivery host
2024-02-01,Payload delivery,ip-dst,182.121.41.100,Malware payload delivery host
2024-02-01,Payload delivery,ip-dst,182.122.234.255,Malware payload delivery host
2024-02-01,Payload delivery,ip-dst,182.123.232.130,Malware payload delivery host
2024-02-01,Payload delivery,ip-dst,182.123.232.17,Malware payload delivery host
2024-02-01,Payload delivery,ip-dst,182.123.245.86,Malware payload delivery host
2024-02-01,Payload delivery,ip-dst,182.123.250.0,Malware payload delivery host
2024-02-02,Payload delivery,ip-dst,182.124.51.177,Malware payload delivery host
2024-02-02,Payload delivery,ip-dst,182.124.52.120,Malware payload delivery host
2024-02-01,Payload delivery,ip-dst,182.126.243.113,Malware payload delivery host
2024-02-02,Payload delivery,ip-dst,182.127.113.41,Malware payload delivery host
2024-02-01,Payload delivery,ip-dst,182.127.124.234,Malware payload delivery host
2024-02-01,Payload delivery,ip-dst,185.172.128.127,Malware payload delivery host
2024-02-01,Payload delivery,ip-dst,185.196.9.5,Malware payload delivery host
2024-02-01,Payload delivery,ip-dst,185.202.175.135,Malware payload delivery host
2024-02-01,Payload delivery,ip-dst,185.234.216.64,Malware payload delivery host
2024-02-01,Payload delivery,ip-dst,192.151.244.144,Malware payload delivery host
2024-02-01,Payload delivery,ip-dst,192.177.111.112,Malware payload delivery host
2024-02-01,Payload delivery,ip-dst,194.87.14.131,Malware payload delivery host
2024-02-01,Payload delivery,ip-dst,197.201.53.89,Malware payload delivery host
2024-02-02,Payload delivery,ip-dst,219.155.210.253,Malware payload delivery host
2024-02-01,Payload delivery,ip-dst,219.156.42.87,Malware payload delivery host
2024-02-01,Payload delivery,ip-dst,219.157.208.195,Malware payload delivery host
2024-02-02,Payload delivery,ip-dst,219.157.233.13,Malware payload delivery host
2024-02-01,Payload delivery,ip-dst,221.13.163.239,Malware payload delivery host
2024-02-01,Payload delivery,ip-dst,221.14.10.85,Malware payload delivery host
2024-02-01,Payload delivery,ip-dst,221.14.160.86,Malware payload delivery host
2024-02-02,Payload delivery,ip-dst,221.15.21.63,Malware payload delivery host
2024-02-01,Payload delivery,ip-dst,221.15.228.20,Malware payload delivery host
2024-02-01,Payload delivery,ip-dst,222.136.154.143,Malware payload delivery host
2024-02-02,Payload delivery,ip-dst,222.136.82.43,Malware payload delivery host
2024-02-02,Payload delivery,ip-dst,222.137.209.196,Malware payload delivery host
2024-02-01,Payload delivery,ip-dst,222.138.177.178,Malware payload delivery host
2024-02-01,Payload delivery,ip-dst,222.139.42.200,Malware payload delivery host
2024-02-02,Payload delivery,ip-dst,222.140.156.94,Malware payload delivery host
2024-02-01,Payload delivery,ip-dst,222.140.198.90,Malware payload delivery host
2024-02-01,Payload delivery,ip-dst,222.140.237.24,Malware payload delivery host
2024-02-01,Payload delivery,ip-dst,222.141.41.41,Malware payload delivery host
2024-02-01,Payload delivery,ip-dst,222.141.43.113,Malware payload delivery host
2024-02-01,Payload delivery,ip-dst,222.141.80.47,Malware payload delivery host
2024-02-01,Payload delivery,ip-dst,222.142.212.54,Malware payload delivery host
2024-02-01,Payload delivery,ip-dst,222.142.214.94,Malware payload delivery host
2024-02-01,Payload delivery,ip-dst,222.142.251.131,Malware payload delivery host
2024-02-02,Payload delivery,ip-dst,223.8.215.207,Malware payload delivery host
2024-02-01,Payload delivery,ip-dst,223.9.148.0,Malware payload delivery host
2024-02-01,Payload delivery,ip-dst,23.94.235.12,Malware payload delivery host
2024-02-01,Payload delivery,ip-dst,27.106.166.245,Malware payload delivery host
2024-02-01,Payload delivery,ip-dst,27.194.75.13,Malware payload delivery host
2024-02-02,Payload delivery,ip-dst,27.206.237.4,Malware payload delivery host
2024-02-01,Payload delivery,ip-dst,27.215.81.179,Malware payload delivery host
2024-02-01,Payload delivery,ip-dst,27.215.84.66,Malware payload delivery host
2024-02-02,Payload delivery,ip-dst,27.219.121.99,Malware payload delivery host
2024-02-02,Payload delivery,ip-dst,37.13.58.19,Malware payload delivery host
2024-02-02,Payload delivery,ip-dst,37.55.178.20,Malware payload delivery host
2024-02-01,Payload delivery,ip-dst,37.60.227.156,Malware payload delivery host
2024-02-01,Payload delivery,ip-dst,39.17.3.13,Malware payload delivery host
2024-02-01,Payload delivery,ip-dst,39.170.49.133,Malware payload delivery host
2024-02-01,Payload delivery,ip-dst,39.74.34.147,Malware payload delivery host
2024-02-01,Payload delivery,ip-dst,39.87.106.0,Malware payload delivery host
2024-02-01,Payload delivery,ip-dst,41.216.183.193,Malware payload delivery host
2024-02-02,Payload delivery,ip-dst,42.224.151.200,Malware payload delivery host
2024-02-01,Payload delivery,ip-dst,42.224.198.217,Malware payload delivery host
2024-02-01,Payload delivery,ip-dst,42.225.193.187,Malware payload delivery host
2024-02-02,Payload delivery,ip-dst,42.225.206.38,Malware payload delivery host
2024-02-01,Payload delivery,ip-dst,42.227.204.237,Malware payload delivery host
2024-02-01,Payload delivery,ip-dst,42.230.47.177,Malware payload delivery host
2024-02-02,Payload delivery,ip-dst,42.231.91.153,Malware payload delivery host
2024-02-02,Payload delivery,ip-dst,42.232.238.93,Malware payload delivery host
2024-02-01,Payload delivery,ip-dst,42.233.104.232,Malware payload delivery host
2024-02-02,Payload delivery,ip-dst,42.235.190.53,Malware payload delivery host
2024-02-02,Payload delivery,ip-dst,42.235.7.109,Malware payload delivery host
2024-02-02,Payload delivery,ip-dst,42.238.173.34,Malware payload delivery host
2024-02-01,Payload delivery,ip-dst,42.238.185.231,Malware payload delivery host
2024-02-01,Payload delivery,ip-dst,42.238.236.161,Malware payload delivery host
2024-02-01,Payload delivery,ip-dst,42.239.190.139,Malware payload delivery host
2024-02-02,Payload delivery,ip-dst,42.239.228.200,Malware payload delivery host
2024-02-01,Payload delivery,ip-dst,45.128.232.215,Malware payload delivery host
2024-02-01,Payload delivery,ip-dst,45.128.232.240,Malware payload delivery host
2024-02-01,Payload delivery,ip-dst,45.32.236.130,Malware payload delivery host
2024-02-01,Payload delivery,ip-dst,45.81.22.67,Malware payload delivery host
2024-02-01,Payload delivery,ip-dst,45.81.23.10,Malware payload delivery host
2024-02-01,Payload delivery,ip-dst,5.206.227.59,Malware payload delivery host
2024-02-01,Payload delivery,ip-dst,51.81.69.127,Malware payload delivery host
2024-02-01,Payload delivery,ip-dst,59.180.128.185,Malware payload delivery host
2024-02-01,Payload delivery,ip-dst,59.180.187.27,Malware payload delivery host
2024-02-01,Payload delivery,ip-dst,59.182.245.177,Malware payload delivery host
2024-02-01,Payload delivery,ip-dst,59.182.249.70,Malware payload delivery host
2024-02-01,Payload delivery,ip-dst,59.182.255.57,Malware payload delivery host
2024-02-01,Payload delivery,ip-dst,59.88.210.255,Malware payload delivery host
2024-02-01,Payload delivery,ip-dst,59.89.198.145,Malware payload delivery host
2024-02-01,Payload delivery,ip-dst,59.89.199.90,Malware payload delivery host
2024-02-01,Payload delivery,ip-dst,59.89.202.52,Malware payload delivery host
2024-02-01,Payload delivery,ip-dst,59.92.177.13,Malware payload delivery host
2024-02-01,Payload delivery,ip-dst,59.92.185.158,Malware payload delivery host
2024-02-01,Payload delivery,ip-dst,59.92.187.167,Malware payload delivery host
2024-02-01,Payload delivery,ip-dst,59.93.194.194,Malware payload delivery host
2024-02-02,Payload delivery,ip-dst,59.93.194.221,Malware payload delivery host
2024-02-01,Payload delivery,ip-dst,59.95.124.231,Malware payload delivery host
2024-02-01,Payload delivery,ip-dst,59.95.128.180,Malware payload delivery host
2024-02-01,Payload delivery,ip-dst,59.98.234.92,Malware payload delivery host
2024-02-01,Payload delivery,ip-dst,59.98.236.255,Malware payload delivery host
2024-02-02,Payload delivery,ip-dst,61.0.150.14,Malware payload delivery host
2024-02-01,Payload delivery,ip-dst,61.1.145.204,Malware payload delivery host
2024-02-01,Payload delivery,ip-dst,61.2.108.37,Malware payload delivery host
2024-02-01,Payload delivery,ip-dst,61.52.63.102,Malware payload delivery host
2024-02-01,Payload delivery,ip-dst,61.53.118.164,Malware payload delivery host
2024-02-01,Payload delivery,ip-dst,61.53.152.83,Malware payload delivery host
2024-02-01,Payload delivery,ip-dst,61.53.251.22,Malware payload delivery host
2024-02-02,Payload delivery,ip-dst,61.54.10.234,Malware payload delivery host
2024-02-01,Payload delivery,ip-dst,61.54.57.30,Malware payload delivery host
2024-02-01,Payload delivery,ip-dst,64.112.85.135,Malware payload delivery host
2024-02-01,Payload delivery,ip-dst,84.54.51.254,Malware payload delivery host
2024-02-01,Payload delivery,ip-dst,90.159.4.179,Malware payload delivery host
2024-02-01,Payload delivery,ip-dst,91.92.253.199,Malware payload delivery host
2024-02-01,Payload delivery,ip-dst,91.92.255.45,Malware payload delivery host
2024-02-01,Payload delivery,ip-dst,93.123.39.76,Malware payload delivery host
2024-02-02,Payload delivery,ip-dst,94.156.68.158,Malware payload delivery host
2024-02-02,Payload delivery,ip-dst,94.156.71.148,Malware payload delivery host
2024-02-02,Payload delivery,ip-dst,94.156.71.172,Malware payload delivery host
2024-02-01,Payload delivery,ip-dst,94.156.71.208,Malware payload delivery host
2024-02-01,Payload delivery,ip-dst,94.156.71.213,Malware payload delivery host
2024-02-01,Payload delivery,domain,a0914823.xsph.ru,Malware payload delivery host
2024-02-01,Payload delivery,domain,a0914921.xsph.ru,Malware payload delivery host
2024-02-01,Payload delivery,domain,astervell.fun,Malware payload delivery host
2024-02-01,Payload delivery,domain,best.obs.cn-sz1.ctyun.cn,Malware payload delivery host
2024-02-01,Payload delivery,domain,blueyonderllc.top,Malware payload delivery host
2024-02-01,Payload delivery,domain,hentaicapture.com,Malware payload delivery host
2024-02-02,Payload delivery,domain,hwpr.honors.howamerica.com,Malware payload delivery host
2024-02-01,Payload delivery,domain,mmtplonline.com,Malware payload delivery host
2024-02-01,Payload delivery,domain,quacklypay.online,Malware payload delivery host
2024-02-02,Payload delivery,domain,thrivetrail.org,Malware payload delivery host
2024-02-02,Payload delivery,domain,ygjxh.colors.usajicgu.com,Malware payload delivery host
2024-02-01,Payload delivery,md5,5e39763edfbca86f3273122541f6196e,Malware payload
2024-02-01,Payload delivery,sha256,74f49b8fc9d1da04dbc1121b7a2d64a8fafe75861ae007acc9173dcc011ca03e,Malware payload
2024-02-01,Payload delivery,tlsh,t1a4526287fb928a3bc495523444abc23075b3e8b1eb621337250952b65f563cd2f2fb,
2024-02-01,Payload delivery,ssdeep,192:GYzOcYF2xlF27H6F/PjTVRHybf4KHaWvS:nCcYF2x/2z6FPb0F6,
2024-02-01,Other,size-in-bytes,13464,
2024-02-01,Payload delivery,mime-type,application/x-executable,
2024-02-01,Payload delivery,md5,884d547cc5e9a57d982ba28a16c8d87e,Malware payload
2024-02-01,Payload delivery,sha256,b65121a7150dfe75b0899bca167aeb13614663e942230a9b93052c6697869522,Malware payload
2024-02-01,Payload delivery,tlsh,t1cb529487fb92ca7fc4d543748587423073b3d8f1ab2363271509227a2e627cc5e6ea,
2024-02-01,Payload delivery,ssdeep,192:GCy70FOkLZUhditFJgVLUfw44En1vSSLO:R40FOk9UhdsF1hpn1+,
2024-02-01,Other,size-in-bytes,13896,
2024-02-01,Payload delivery,mime-type,application/x-executable,
2024-02-02,Payload delivery,md5,2ea6c5e97869622dfe70d2b34daf564e,Malware payload (CoinMiner)
2024-02-02,Payload delivery,sha256,5f28bba8bd23cdb5c8a3fa018727bcf365eaf31c06b7bc8d3f3097a85db037f3,Malware payload (CoinMiner)
2024-02-02,Payload delivery,tlsh,t150121a0abdca40b0e3a08cf057f58b4a8abe5063179672dfb7b3c5494f5039184677,
2024-02-02,Payload delivery,imphash,7fda7734b056db13fe95f35927509e47,
2024-02-02,Payload delivery,ssdeep,96:zM4LwN8GXhc1I+a8gnYFdj9DSYp+BYA8v7cVO15uJxGE9YUBz2qh3C7tCE4ecp:AwwNfC1TUYv9p+OF8JxTmUBzthcqp,
2024-02-02,Other,size-in-bytes,9728,
2024-02-02,Payload delivery,mime-type,application/x-dosexec,
2024-02-02,Payload delivery,md5,05a607cfc9ac7c66d4ce77dde0a2e491,Malware payload (CoinMiner)
2024-02-02,Payload delivery,sha256,9bee594297039533caa952164d5f121d238d7c4f64cbcb7bd4b50925b66a9bee,Malware payload (CoinMiner)
2024-02-02,Payload delivery,tlsh,t1666633c93ec15ca9f045c73086537bbc75276f768819c0863fc5da624f6e2c9283b6,
2024-02-02,Payload delivery,imphash,7acb4fb57d4a455cc5a099b13faf6540,
2024-02-02,Payload delivery,ssdeep,98304:Eu50YoHGsu/ccnx9xKKPWCLqpcCEQFW7TlfpMarlx+yP/Vc+KOrlzfWmgGi60gMl:TMDu/f9xKWGpcR5lx1RbqSlpigy,
2024-02-02,Other,size-in-bytes,6579104,
2024-02-02,Payload delivery,mime-type,application/x-dosexec,
2024-02-01,Payload delivery,md5,230c0c4d6093a74763327da465f16231,Malware payload (LummaStealer)
2024-02-01,Payload delivery,sha256,8e93ca07a6f30ce79c5ca912bce1d993d5ed249aeae596d5c846f4a3c1f76935,Malware payload (LummaStealer)
2024-02-01,Payload delivery,tlsh,t161463314ffc174d9e86ea03a59cfbc1d32ff2e790569192e802937d7ad27a441a398,
2024-02-01,Payload delivery,imphash,8036840c09d03a87577c6f33960a9d3e,
2024-02-01,Payload delivery,ssdeep,98304:yaNhKetDJISqhQiQCjNC9bW5Bf6qkZiwUcDNGQslUsmtIFlUsOd/hFPHpFWfYRs:yctD6SqhFtjNC9bW5pb0elUulUj1HpFA,
2024-02-01,Other,size-in-bytes,5838848,
2024-02-01,Payload delivery,mime-type,application/x-dosexec,
2024-02-01,Payload delivery,md5,817a1995e37c8df1b63cbd783c836c69,Malware payload
2024-02-01,Payload delivery,sha256,b5880a77ade16977d219fbc4c09c5566fd3e4a464cd974701849b000854cc666,Malware payload
2024-02-01,Payload delivery,tlsh,t106928f35a8a1641b403bd8f9356fa28df82194078c4749a4b11f412dcbf6e934baff,
2024-02-01,Payload delivery,ssdeep,384:OftrMf+F0e0H3nh2W6E45wse5QjuFwgzxdaqlU4:tIn0H3nhh6tOseQZgraqb,
2024-02-01,Other,size-in-bytes,19559,
2024-02-01,Payload delivery,mime-type,text/html,
2024-02-01,Payload delivery,md5,bcacf7835f67e7e7455c998aa34e586d,Malware payload
2024-02-01,Payload delivery,sha256,46339089633675b37381e76afdc20f2afe1f222164fcdf3eb7e6709e00436ca6,Malware payload
2024-02-01,Payload delivery,tlsh,t1baa195ab31550cbd86288be694e53e8b47ad0173a0d8ad14f4ad4f4c85ff8f5037aa,
2024-02-01,Payload delivery,ssdeep,48:Yxg3SPhJSPdqKkY7EbnlUQl29BRifk/n0+aW/bDF4w0biYtX8rG2xp9WoKsYUxGC:QOnOkTakuNe9yMG1vbDAtHR,
2024-02-01,Other,size-in-bytes,4962,
2024-02-01,Payload delivery,mime-type,application/json,
2024-02-01,Payload delivery,md5,faead13c0c333870bf5073b44e5f041a,Malware payload
2024-02-01,Payload delivery,sha256,942014e761bf59715cfad5e2b6793a3936646151528ee055d5480387f0c3c241,Malware payload
2024-02-01,Payload delivery,tlsh,t15ab533e2027f4c02e0df63bb462069a8512b5e574788e76f5f63f486e73d8b4919cd,
2024-02-01,Payload delivery,imphash,baa93d47220682c04d92f7797d9224ce,
2024-02-01,Payload delivery,ssdeep,49152:PJ2uo7x9TXssQktNDj8jN/+tLOwbAxtW187jvMwzQ0bwMy:BNo19TcQD4/wOMu8186My,
2024-02-01,Other,size-in-bytes,2328576,
2024-02-01,Payload delivery,mime-type,application/x-dosexec,
2024-02-01,Payload delivery,md5,945954870941e1ddb1265d54ed2df2c9,Malware payload
2024-02-01,Payload delivery,sha256,3325c138227860bddc551fb14df53200add7d3f9e73dcbb9ab41c930e91ac7f4,Malware payload
2024-02-01,Payload delivery,tlsh,t18841dd7ccf29f8e0033db0a088492e2620989e57d6f58e24d9574ee62d7c30acf1b1,
2024-02-01,Payload delivery,ssdeep,48:LGfEFWuJqs9HZNjd+SfprcKyK0hE6S1FtfsC5P3RX5ZWiaoIhSNtU:LGfEFW87jd+Sfpbaq6S1FtfsC5P39Eft,
2024-02-01,Other,size-in-bytes,2219,
2024-02-01,Payload delivery,mime-type,text/plain,
2024-02-01,Payload delivery,md5,62962604e4636c022ec0d956365cae4c,Malware payload
2024-02-01,Payload delivery,sha256,6a098dbac1e6d4ac60c12d333ffb5828a1ed8c366354e8714086e571b3f5b5f1,Malware payload
2024-02-01,Payload delivery,tlsh,t142a194ab32550cbc86288be795e53e8b47ad0173a0d4ad18f4ad4f4c85ff8f5037a9,
2024-02-01,Payload delivery,ssdeep,48:Yxg3SPhJSPdqKkY7EbnlUQl27Rifk/n0+aW/bDF4w0biYtX8rG2xp9WoKsYUxG1T:QOKkTakuNe9yMG1vbDAC9IIH,
2024-02-01,Other,size-in-bytes,4963,
2024-02-01,Payload delivery,mime-type,application/json,
2024-02-01,Payload delivery,md5,6d0982805ddea794e80fd52f44a79942,Malware payload
2024-02-01,Payload delivery,sha256,02f747e3215f99455b2fda94dfa7341314dd7e821f85f00ba0541a005363630b,Malware payload
2024-02-01,Payload delivery,tlsh,t1b4a1a75b35654cbcc624c7ea94e23e8b57ad0073a1d4ec18a8ac5f5895fe8f1037ea,
2024-02-01,Payload delivery,ssdeep,48:Yxg3SPhJSPdqKkY7EbnlUQl23oRifk/n0+aWblFDF4w0biYtXqlNBT2Hp9Wt0mUo:QOxFkTaGuIT49YMG1veKA82dq,
2024-02-01,Other,size-in-bytes,4831,
2024-02-01,Payload delivery,mime-type,application/json,
2024-02-01,Payload delivery,md5,dff3c6ecc1dd713bdc86d4986faca697,Malware payload
2024-02-01,Payload delivery,sha256,d21348f01f43d7470766c1af6413184aae0c9f7a13ab0b7779e6529daeffe9d3,Malware payload
2024-02-01,Payload delivery,tlsh,t151a1865f31551cbc851487ea98e13e8b97ad00b3a084ac18b8ed5f5c96fe8f1037a9,
2024-02-01,Payload delivery,ssdeep,48:Yxg3SPhJSPdqKkY7EbnlUQl2eRifk/n0+aWKSPmDF4w0biYtXDSPGq2Hp9WcseNd:QOFkTaUeuef49VEMG1vHRAOcuhlwt,
2024-02-01,Other,size-in-bytes,4922,
2024-02-01,Payload delivery,mime-type,application/json,
2024-02-01,Payload delivery,md5,278390b809b1b4cf81aff99a6fdcfef6,Malware payload
2024-02-01,Payload delivery,sha256,e15517494ac1191fd869f1d45cbd0585f7743edfa044e3ca69a30c6687f387d1,Malware payload
2024-02-01,Payload delivery,tlsh,t12f91417662180c7ec63482d6b4597ad767be0267a0d4ec28a8fd4f0ca6ff1f205b59,
2024-02-01,Payload delivery,ssdeep,48:YxCpt2fbZkvnY+Cs+DF4w0nltXPSjeUT2Gp9WnTUd81vdE7b/KcRezbC3wxioorV:mbZknCs+w/05TH9I681vdEHAbpZc0tO,
2024-02-01,Other,size-in-bytes,4248,
2024-02-01,Payload delivery,mime-type,application/json,
2024-02-01,Payload delivery,md5,0b4587122e46af55fe4d607f56aa63b0,Malware payload
2024-02-01,Payload delivery,sha256,6d7926abc37d69f9d009df59c846bd4a1059f0e5a501241eed2225df8e5cca93,Malware payload
2024-02-01,Payload delivery,tlsh,t124043b17f9c0003be1db89b8e267933ff572f046d724a9f579d46a602a81ff266253,
2024-02-01,Payload delivery,ssdeep,3072:RBraY3dB91wbMgX+/8RIEhNpIBJsP00Akox4EAv3iYgSGSlBt5usQtKftr4BceHj:RBrTdn6O/8RIEjp6OXo5XtKftr+ceHUO,
2024-02-01,Other,size-in-bytes,185743,
2024-02-01,Payload delivery,mime-type,application/x-executable,
2024-02-01,Payload delivery,md5,529a3d2a7251f62b6fe348cda6b598e1,Malware payload
2024-02-01,Payload delivery,sha256,fbdd12953824f2b5a0752420524b74e831b2e8a6b61d8a1847fb4ce04834062a,Malware payload
2024-02-01,Payload delivery,tlsh,t179b533f5f8363130e803e7f2966d23a429cb7d838a84067e5985f65487bd0fe264bd,
2024-02-01,Payload delivery,imphash,baa93d47220682c04d92f7797d9224ce,
2024-02-01,Payload delivery,ssdeep,49152:uof5vWuD+uN7pRuM0agQhBtOu19AzOzCXpgfvcIwIu0b/H/13:wZA7Tl5t16kC5gs0hbV3,
2024-02-01,Other,size-in-bytes,2343936,
2024-02-01,Payload delivery,mime-type,application/x-dosexec,
2024-02-01,Payload delivery,md5,76fca3b5e7fb2b991cad5aa72766c2b6,Malware payload
2024-02-01,Payload delivery,sha256,cfd8de8b10b090704c36403cd586823caed383b2c756ea9d96163d9dba6689a6,Malware payload
2024-02-01,Payload delivery,tlsh,t1a29175eb71155eb8c51fc5ee969938ce8abd001390745c2ce5ad4b0b88fe1b513239,
2024-02-01,Payload delivery,ssdeep,96:XGx9k0yan4wgaBSQcsTN9+BMOy0G1vRctHsz9UAeG0wVXr:J0049rVGml0a,
2024-02-01,Other,size-in-bytes,4529,
2024-02-01,Payload delivery,mime-type,application/json,
2024-02-01,Payload delivery,md5,a3a8ce660c17213ce50d87cb93b1455b,Malware payload
2024-02-01,Payload delivery,sha256,1707c00d8abf93135fa4a8f52de3aa8dfb551f5e5e12005eb612bc58307ad5be,Malware payload
2024-02-01,Payload delivery,tlsh,t149a1b76b36554cbcc524c7ea94e23e8b57ac0073a1d4ed14a8ac5f5c85fe8f1037ea,
2024-02-01,Payload delivery,ssdeep,48:Yxg3SPhJSPdqKkY7EbnlUQl2aRifk/n0+aWblFDF4w0biYtXqlNBT2Hp9Wt0mUxH:QONkTaGuIT49YMG1veKAFpdIW,
2024-02-01,Other,size-in-bytes,4831,
2024-02-01,Payload delivery,mime-type,application/json,
2024-02-01,Payload delivery,md5,9ee137bdac4fac2492533689d7f1a99c,Malware payload
2024-02-01,Payload delivery,sha256,73643640a59e6983b551066663b70af556d3c016d3a9485ec88086f63ed60e64,Malware payload
2024-02-01,Payload delivery,tlsh,t1eb531a0db38ba325ce551ab480e3d46103f69b5b65b3da4b3d8922c60f137e18e837,
2024-02-01,Payload delivery,imphash,f34d5f2d4577ed6d9ceec516c1f5a744,
2024-02-01,Payload delivery,ssdeep,1536:FRacxKyvVurIMNjZpb3Eoqz9j2Xk6Phpn:FRac3Mr/jXzEomd8pN,
2024-02-01,Other,size-in-bytes,62464,
2024-02-01,Payload delivery,mime-type,application/x-dosexec,
2024-02-01,Payload delivery,md5,53d18dee99ba0a55cfb463036cef00ff,Malware payload
2024-02-01,Payload delivery,sha256,ec44a39c8b3204907ab4fa9066c0fe2a9a97688bc6fbe499b563b227574ce01e,Malware payload
2024-02-01,Payload delivery,tlsh,t1dca195ab15795cbccb14c7c685c93a8797ed015363a8ac18bded6f0c82ff8b142659,
2024-02-01,Payload delivery,ssdeep,48:Yxg3SPhJSPdqKkY7EbnlUQl22hpk6nYK+z1DF4w0dM0tXnT2up9WSFo8ZUfi1vA2:QO4kB5KDz9vLEi1vYYYJgP,
2024-02-01,Other,size-in-bytes,4874,
2024-02-01,Payload delivery,mime-type,application/json,
2024-02-01,Payload delivery,md5,a85e30b5ab6efe65b6207b4a0643be18,Malware payload (AgentTesla)
2024-02-01,Payload delivery,sha256,2f7f8aa963bd4cd4610ccd5e5dce4d61794382b110d4388bb19183e37123ed80,Malware payload (AgentTesla)
2024-02-01,Payload delivery,tlsh,t1cbf413a42b7c8726d5fa93fe65a0001017f86a162526f3169dc670ca3e73fd08b45b,
2024-02-01,Payload delivery,imphash,f34d5f2d4577ed6d9ceec516c1f5a744,
2024-02-01,Payload delivery,ssdeep,12288:8/fKc8j8qshD7KYK41ZKyc6Evhw9hHR2xhFDiZIjpunvgR:8/fKc8bsh4ctc6YOHOlblunvg,
2024-02-01,Other,size-in-bytes,749056,
2024-02-01,Payload delivery,mime-type,application/x-dosexec,
2024-02-01,Payload delivery,md5,647f755d4608daa51866bf48eb4cafa0,Malware payload
2024-02-01,Payload delivery,sha256,c18e17c82670de5340c7b1119e49346c050459e62e5677fdab933197662ff903,Malware payload
2024-02-01,Payload delivery,tlsh,t1b0b533d52a7622e9f44727b89a896ba5720fcf07948901dc5d90f00a43fe37397e9f,
2024-02-01,Payload delivery,imphash,baa93d47220682c04d92f7797d9224ce,
2024-02-01,Payload delivery,ssdeep,49152:qO2bd13llI9Wv/AfOlbNVcGrQ1FY+7Z4/PNiLK3at4idhsJT:Kd1VlTHXjVtrKXeP3eB/sJ,
2024-02-01,Other,size-in-bytes,2353664,
2024-02-01,Payload delivery,mime-type,application/x-dosexec,
2024-02-01,Payload delivery,md5,a5636898128d87f92a0db5128b7a55ab,Malware payload
2024-02-01,Payload delivery,sha256,1609b72e144ac2ffa18df6045a3a91a26cc26687378b74cde3c667bd614c8955,Malware payload
2024-02-01,Payload delivery,tlsh,t18aa1779712545cbccb14dbd654da3aab47ed0013a2e4ac14eded5f0c91ff8b50266d,
2024-02-01,Payload delivery,ssdeep,48:Yxg3SPhJSPdqKkY7EbnlUQl2qIhpk6nYK+zobgDF4w0dM0tXcg/i2up9WXibUfib:QO8MkBtKCz93Ei1vnfYDsdhP,
2024-02-01,Other,size-in-bytes,4798,
2024-02-01,Payload delivery,mime-type,application/json,
2024-02-01,Payload delivery,md5,c53b79e1911a74f5b93836d7d724b7f8,Malware payload
2024-02-01,Payload delivery,sha256,bdf3d3710cb4b782ae20d655009fefb11a72d4e92e2ac962461aee388cdcdd01,Malware payload
2024-02-01,Payload delivery,tlsh,t1ea918726251c0cbdc6288b92d05c7ad76bae027790c4fd2888bd9f0cb5ff2b141769,
2024-02-01,Payload delivery,ssdeep,96:jjZekxq8pVFawTH9o2nTv71vzhHtsIZhoRR+:jjZvguFaA9o2nbdhNsIroRR+,
2024-02-01,Other,size-in-bytes,4225,
2024-02-01,Payload delivery,mime-type,application/json,
2024-02-01,Payload delivery,md5,6d689a67ce523dedd4bb2c5a518a505b,Malware payload
2024-02-01,Payload delivery,sha256,86df9e1f9dc1de43c8a94b59475689ad2fb2a224c074fe4c9bff91be88e398d0,Malware payload
2024-02-01,Payload delivery,tlsh,t159a1849b61691cbccb1487d698d53e9797ed0053a298ac18fced6f0c92ff4a103659,
2024-02-01,Payload delivery,ssdeep,48:Yxg3SPhJSPdqKkY7EbnlUQl2+ohpk6nYK+z9SPmDF4w0dM0tXDSPGo2up9WvseNr:QOBkBIeKezz9EEEi1vZhY4qEYdP,
2024-02-01,Other,size-in-bytes,4940,
2024-02-01,Payload delivery,mime-type,application/json,
2024-02-01,Payload delivery,md5,cc23fdf3b4fe332cabcace19e0eb5b9a,Malware payload
2024-02-01,Payload delivery,sha256,cfcf1447e332c9ca611b4a45d577ab76715c6874224751be0b7bb23e28f43beb,Malware payload
2024-02-01,Payload delivery,tlsh,t155a1879716585cbccb14c7d694da3aab43ed005392a8ac24eded5f0c91ff8b10226e,
2024-02-01,Payload delivery,ssdeep,48:Yxg3SPhJSPdqKkY7EbnlUQl2Uhpk6nYK+zobgDF4w0dM0tXcg/i2up9WXibUfi1W:QOWkBtKCz93Ei1vnfYTzP,
2024-02-01,Other,size-in-bytes,4798,
2024-02-01,Payload delivery,mime-type,application/json,
2024-02-01,Payload delivery,md5,c1f0d84714a2ee6496006dabf228bbf9,Malware payload
2024-02-01,Payload delivery,sha256,616b3fdf2140047f72ce80859b5618c13a4df0f5ee7bf9af858e618ffcf6d7f7,Malware payload
2024-02-01,Payload delivery,tlsh,t161a1979b15681cbcc724cbc295d93a9787ed0113a2a4ad14fced5f0c82ff4b603669,
2024-02-01,Payload delivery,ssdeep,48:Yxg3SPhJSPdqKkY7EbnlUQl2XKJhpk6nYK+zebDF4w0dM0tX8r82bp9WG9sYUfix:QOV2kBAKpg9nEi1v1/Ytbt4ZP,
2024-02-01,Other,size-in-bytes,4971,
2024-02-01,Payload delivery,mime-type,application/json,
2024-02-01,Payload delivery,md5,a8b61ae03983ad489eab5d4a4d14a75d,Malware payload (Amadey)
2024-02-01,Payload delivery,sha256,e49cb5615aa3a25f60accf2c38389228e1beef9cc17abcfc1a8ceab04331af51,Malware payload (Amadey)
2024-02-01,Payload delivery,tlsh,t1ca0533c4576fa7c0c56db8f0c34609e0b57bb94ef504cb3546bb829e08a99cde7661,
2024-02-01,Payload delivery,imphash,7515ecf8c0dfa4d230ad835fe0acb57f,
2024-02-01,Payload delivery,ssdeep,12288:i1BZCfnYWK3X82n2o7YNQTGnBaWnBsPDqWOFyT/rDvoFVGUTBhwoM6+FD7fGbbsD:mBZ4YWYLn/wQSBaWnBCqo78lU9FOEHj,
2024-02-01,Other,size-in-bytes,809472,
2024-02-01,Payload delivery,mime-type,application/x-dosexec,
2024-02-01,Payload delivery,md5,89031d4e784abb0e9cacf8e596fc3339,Malware payload
2024-02-01,Payload delivery,sha256,8488fdb14c5ba955fbfb2f423c74e778fd154ccd0a34b69a3b814f2c2df8fa04,Malware payload
2024-02-01,Payload delivery,tlsh,t11291641615385c7cc658c5da94fc3d8f567d005bf1649c14a6de8e0ae2ff1f243a61,
2024-02-01,Payload delivery,ssdeep,96:eyrrkYOhDH5R0DWfrfT594ds1Y7g1vUreHTMsgiFEqnSQfJeR:eyrQThr5RIWfrt94ds1Y7FrezMsgiFE3,
2024-02-01,Other,size-in-bytes,4614,
2024-02-01,Payload delivery,mime-type,application/json,
2024-02-01,Payload delivery,md5,130a5349485ff203ab4d3e68d05088bd,Malware payload
2024-02-01,Payload delivery,sha256,48a0c6d6fc34c3b272d793eb582de5f1f9b6442d754be4791e24875d879f34a2,Malware payload
2024-02-01,Payload delivery,tlsh,t1baa1b7ab35164c7cca2487ea98d13a8b57ac01b3a194ec18f9fd5f4c81fe8f143769,
2024-02-01,Payload delivery,ssdeep,48:Yxg3SPhJSPdqKkY7EbnlUQl2+fJRifk/n0+aW0DF4w0biYtXnR2Hp9WO8ZUxG1vn:QO/kTa1uh49AMG1vSmAa/,
2024-02-01,Other,size-in-bytes,4856,
2024-02-01,Payload delivery,mime-type,application/json,
2024-02-01,Payload delivery,md5,d8d7d949967e1cd657f0c71c9c41ae6a,Malware payload
2024-02-01,Payload delivery,sha256,0ad93f91e4e1b9054383ef7406bc0bdbab67c14ecd35f0b5bf05b53d8d9e3f90,Malware payload
2024-02-01,Payload delivery,tlsh,t11d91762662581cbd8628869fe4443bf35bee05a3a1d4ec28c4be5f5ca0ff5f111769,
2024-02-01,Payload delivery,ssdeep,96:zOzOg+km7O8ZlOFKiwTH9DnT71vfihHxisoZ5i43gVRg4+:YPHKT9TTx+RJoDi4WRg3,
2024-02-01,Other,size-in-bytes,4272,
2024-02-01,Payload delivery,mime-type,application/json,
2024-02-01,Payload delivery,md5,fc1cc13099ed3d396bfb48ed1968aff4,Malware payload
2024-02-01,Payload delivery,sha256,e643505029c4d5dd98f725ffc62ca910b18062bdda72434cd9b74cc31e8d7d29,Malware payload
2024-02-01,Payload delivery,tlsh,t195916326261c0dbe83294b96a05c7a976bae02639094fd2888bd4f4ca5ff2b141769,
2024-02-01,Payload delivery,ssdeep,96:jjCekxq8pVFawTH9o2nTv71vzhHtsIZhEctb6R+:jjCvguFaA9o2nbdhNsIrVtGR+,
2024-02-01,Other,size-in-bytes,4225,
2024-02-01,Payload delivery,mime-type,application/json,
2024-02-01,Payload delivery,md5,b50f44715f751e314ef2f0ac65bd5851,Malware payload (RiseProStealer)
2024-02-01,Payload delivery,sha256,ccf3cc9d65db1709afda611846c956826dab5233a06b663b3b04a3774430fe1f,Malware payload (RiseProStealer)
2024-02-01,Payload delivery,tlsh,t1214533bd037bea61f930b4752541519c2b68f98ca7849b182d6f01aa3fa44df231fd,
2024-02-01,Payload delivery,imphash,5ab723dc8d5af21b79dc301ed6a56a64,
2024-02-01,Payload delivery,ssdeep,24576:6V+eFX/8HpEcnsTjEqWzNKmzN+D28Y8wQLyEvOk8MymLu5tnNt:6ceFwpWTjEqWXaPl0kQmLuL,
2024-02-01,Other,size-in-bytes,1195520,
2024-02-01,Payload delivery,mime-type,application/x-dosexec,
2024-02-01,Payload delivery,md5,f888477c3574086dc7700f7f817d2e27,Malware payload
2024-02-01,Payload delivery,sha256,24b8ada0d824723e81af1f0be6398a1956ee778922f30df50e8e0a6887954e4e,Malware payload
2024-02-01,Payload delivery,tlsh,t13091446a26085dbdcb9496d7d5803ac7d76e1053e0a4de2ce8fd9f08a1ef1f10276a,
2024-02-01,Payload delivery,ssdeep,48:YxY6wRdlpkofn16Ru+FvDF4w0NhtXpk2Kp9Wo6sUHs1vFbvKzRteU3wxioorbaKy:RpkocRtxYyH97Ss1vdTHWauaJx,
2024-02-01,Other,size-in-bytes,4403,
2024-02-01,Payload delivery,mime-type,application/json,
2024-02-01,Payload delivery,md5,5c6898ecb2a59a7a0116b1c9a54b5843,Malware payload
2024-02-01,Payload delivery,sha256,0fc5e78dd814723e4a235a5a637514bf7672dddaa700fb58f88dc3aa084da2ed,Malware payload
2024-02-01,Payload delivery,tlsh,t117a1979b31551cacc51487ea98e13e8b97bd00b3a1c4ec18b8ed5f5c95fe8f103759,
2024-02-01,Payload delivery,ssdeep,48:Yxg3SPhJSPdqKkY7EbnlUQl2/Rifk/n0+aWKSPmDF4w0biYtXDSPGq2Hp9WcseNl:QO6kTaUeuef49VEMG1vHRAf7jt,
2024-02-01,Other,size-in-bytes,4932,
2024-02-01,Payload delivery,mime-type,application/json,
2024-02-01,Payload delivery,md5,f05d24cdee5fd6dfb5f2a5306577f9cc,Malware payload
2024-02-01,Payload delivery,sha256,0b26567d37d8c870997b0835dd8926956be4e533e2682a23d8ae6867776a6f71,Malware payload
2024-02-01,Payload delivery,tlsh,t1089184f7b1151eb9c51fc9ee56d939cecabc005390305c2ce5a94a0b98fe1b51323d,
2024-02-01,Payload delivery,ssdeep,96:XGC9k0yan4wgaBSQcsTN9+BMOy0G1vRctHsz9UAeG7TkcPVsVXr:i0049rVGmlvLPs,
2024-02-01,Other,size-in-bytes,4529,
2024-02-01,Payload delivery,mime-type,application/json,
2024-02-01,Payload delivery,md5,bc6f15097e75ddd3554f0b9cafd1ce0b,Malware payload
2024-02-01,Payload delivery,sha256,69b499702709a363993ccf63f063214cf4054fb56417e9f7088f542faba66da8,Malware payload
2024-02-01,Payload delivery,tlsh,t12d91522629386d7dc75885ca94fc3d4e5a7e005bf1649c14a6de8f0ae2ff1f183a61,
2024-02-01,Payload delivery,ssdeep,96:eyKrkYOhDH5R0DWfrfT594ds1Y7g1vUreHTMsgiFEq9JeR:eyKQThr5RIWfrt94ds1Y7FrezMsgiFEh,
2024-02-01,Other,size-in-bytes,4614,
2024-02-01,Payload delivery,mime-type,application/json,
2024-02-01,Payload delivery,md5,856bda76544c295035ff3fb3cce67bac,Malware payload
2024-02-01,Payload delivery,sha256,7c031915b6ee8eedbec2c9594d89927230c80f7e7511a4384a7b6fc1d9bfe944,Malware payload
2024-02-01,Payload delivery,tlsh,t1c8a176eb65691cbcca29c3c690d93b8797fc015352a4ec24ac9c9b0c93ff97143669,
2024-02-01,Payload delivery,ssdeep,48:Yxg3SPhJSPdqKkY7EbnlUQl2Whpk6nYK+z1DF4w0dM0tXnGbZ2up9WSgyUfi1vUb:QOUkBhKWbZz9BEi1vUb8pbbY8fXoP,
2024-02-01,Other,size-in-bytes,5023,
2024-02-01,Payload delivery,mime-type,application/json,
2024-02-01,Payload delivery,md5,009dbeda8bbc371343854db97c3a27ca,Malware payload
2024-02-01,Payload delivery,sha256,53ed19ad7b76b6eb84248464ae9392d54ab90528b0244fdc37837f51a8dcf135,Malware payload
2024-02-01,Payload delivery,tlsh,t17da184ab31150cacc52983da94e13f8b87bc01a39494ec28a4ac5f5cd2ff8f1437ad,
2024-02-01,Payload delivery,ssdeep,48:Yxg3SPhJSPdqKkY7EbnlUQl2SRifk/n0+aWCDF4w0biYtXnQbZ2Hp9WjyUxG1vCs:QO1kTa1uAbZ49bMG1vCb8vbJAs7/,
2024-02-01,Other,size-in-bytes,5005,
2024-02-01,Payload delivery,mime-type,application/json,
2024-02-01,Payload delivery,md5,f46a9bae0553ddbe275e0205711a9969,Malware payload
2024-02-01,Payload delivery,sha256,d7d0dbd10b67bd8693594b18aee41b5a5c846e1fdd4fdb6a7bdf356126f227a3,Malware payload
2024-02-01,Payload delivery,tlsh,t13991a777151c4cbc8a248bd7a6943bd7567f4167e084ad68b9bc8f0ce0fe1f50136a,
2024-02-01,Payload delivery,ssdeep,96:YAvwlgkvQISnya0o9HT2FJ1vltPBi5MAnE:YAvoXo9z2FBi5MwE,
2024-02-01,Other,size-in-bytes,4330,
2024-02-01,Payload delivery,mime-type,application/json,
2024-02-01,Payload delivery,md5,251a0df52a75f2074eec04852b8b5a37,Malware payload
2024-02-01,Payload delivery,sha256,ded5eed6b70dcd7553ae0af74a70582aef34ad609c84c7ff127477be05d8009f,Malware payload
2024-02-01,Payload delivery,tlsh,t1f191656926089dbdc79496d3e4843ac78b6e1053e194ed2ce4fd9f08a2ff1f10276a,
2024-02-01,Payload delivery,ssdeep,48:YxY6whdlpkofn16Ru+FvDF4w0NhtXpk2Kp9Wo6sUHs1vFbvKzRteU3wxioorbToa:BpkocRtxYyH97Ss1vdTHWb+6x,
2024-02-01,Other,size-in-bytes,4413,
2024-02-01,Payload delivery,mime-type,application/json,
2024-02-01,Payload delivery,md5,8b04062c40c661d556a6c1d6ed61ac16,Malware payload
2024-02-01,Payload delivery,sha256,480b96a7422f7789a7eeeba75cf6bf2d98643d497c7d1935624ffc31102a4f7a,Malware payload
2024-02-01,Payload delivery,tlsh,t167a1639732554dbc8a2487eb94e63aaf87ad0073a4949c24a9ed4f4c91ff8f10276d,
2024-02-01,Payload delivery,ssdeep,48:Yxg3SPhJSPdqKkY7EbnlUQl26Rifk/n0+aWHbgDF4w0biYtXcgFi2Hp9WoibUxG6:QOBkTaRug49KMG1v5vAXWC,
2024-02-01,Other,size-in-bytes,4770,
2024-02-01,Payload delivery,mime-type,application/json,
2024-02-01,Payload delivery,md5,20b743be4b2ec97e97dcd5bae0f89b62,Malware payload
2024-02-01,Payload delivery,sha256,594e35485458f0efdf4eefcd33fdf46bd903087d0b57fb45edde9671b2f8261e,Malware payload
2024-02-01,Payload delivery,tlsh,t1d0a1a5ab15295cbccb14c7c685c93a8797ed0153a3a8ac18fded6f0c92ef4b142659,
2024-02-01,Payload delivery,ssdeep,48:Yxg3SPhJSPdqKkY7EbnlUQl2Thpk6nYK+z1DF4w0dM0tXnT2up9WSFo8ZUfi1vAz:QOBkB5KDz9vLEi1vYYYg2Yt6P,
2024-02-01,Other,size-in-bytes,4874,
2024-02-01,Payload delivery,mime-type,application/json,
2024-02-01,Payload delivery,md5,49c973aaf39db018f2ee60cdc2befb11,Malware payload
2024-02-01,Payload delivery,sha256,3da60ebf3c907348b333137fc0423cb7baf312089693b7a42d7aa78282850e0a,Malware payload
2024-02-01,Payload delivery,tlsh,t1e89195b716280cbcca2487d3a5a43bd756af4167e0849d68b9b88f0ce0fe1f50176a,
2024-02-01,Payload delivery,ssdeep,96:YAvwlKkvQISnya0o9HT2FJ1vltPBis9X6znE:YAv8Xo9z2FBisYDE,
2024-02-01,Other,size-in-bytes,4329,
2024-02-01,Payload delivery,mime-type,application/json,
2024-02-01,Payload delivery,md5,eae8ee02187761b7d8811f45c2703769,Malware payload (BumbleBee)
2024-02-01,Payload delivery,sha256,6ddb255531e059d87ced25ef37d1b5b984245088c03bbe5743a0fb19f78003d1,Malware payload (BumbleBee)
2024-02-01,Payload delivery,tlsh,t1f545e111e6921ff8d4b651b681ab2a2fb7743e180324d377abc0d2377d933a45b1a7,
2024-02-01,Payload delivery,imphash,47e01530ad43ec939d1c47709a80a5c6,
2024-02-01,Payload delivery,ssdeep,24576:bDuxKmI0rJwMcB7T/HEbLtg25N9n9usMlBk1aIurzG+lbGzZrxGNV6IOfTEQ:x1dTvEHtr5N94Zpu9wXmEQ,
2024-02-01,Other,size-in-bytes,1222673,
2024-02-01,Payload delivery,mime-type,application/x-dosexec,
2024-02-01,Payload delivery,md5,842e7f2a7c04884c595f0bb1ef4d09d8,Malware payload
2024-02-01,Payload delivery,sha256,3405d19dc73907e8d5da4924c5fcc93d175ba1583d256b155d3f84ac7f525a2d,Malware payload
2024-02-01,Payload delivery,tlsh,t193a1c9ab21795cbccb24c7d655ca3e8357ed005363a4ac14ecec5f0c91fe8b10269a,
2024-02-01,Payload delivery,ssdeep,48:Yxg3SPhJSPdqKkY7EbnlUQl2chpk6nYK+zMlFDF4w0dM0tXqlNjT2up9WMTv0mUG:QO+kB6KoTz9DEi1vgQYUGQP,
2024-02-01,Other,size-in-bytes,4850,
2024-02-01,Payload delivery,mime-type,application/json,
2024-02-01,Payload delivery,md5,6a118af7b42a0f0ca44a5383cd1ffccc,Malware payload
2024-02-01,Payload delivery,sha256,836e75fbb439f6bb6f6e1d5f8263bae1357398132ecac241f54034ec10986684,Malware payload
2024-02-01,Payload delivery,tlsh,t14991417562180c7d873482c7b4597ad367be0257a1d4ac28a8bd4f0cf6ef1f205b6a,
2024-02-01,Payload delivery,ssdeep,96:IbZknCs+w/05TH9I681vdEHAbpZcVD4E0O:Ib21R0B9I6KEgbp+VEvO,
2024-02-01,Other,size-in-bytes,4248,
2024-02-01,Payload delivery,mime-type,application/json,
2024-02-01,Payload delivery,md5,f6544bf44376875562b9321330ffcb0b,Malware payload (GCleaner)
2024-02-01,Payload delivery,sha256,da46858b7646346ac3b6e1495b7f6cf77eb7f6f688f42d84b8af512067ef9832,Malware payload (GCleaner)
2024-02-01,Payload delivery,tlsh,t1d074ae9073f5d031e2e75630453dc2e56a3bb872a9335d8eda902a3a2f376c196d83,
2024-02-01,Payload delivery,imphash,685a2798ec5758e8d584dbcc26c0bfd7,
2024-02-01,Payload delivery,ssdeep,6144:persrCjpTqIVd5oQDldolUDS95o44EJFTvVws:peIrCjEIVTDlyIi5/4Ehws,
2024-02-01,Other,size-in-bytes,359936,
2024-02-01,Payload delivery,mime-type,application/x-dosexec,
2024-02-01,Payload delivery,md5,928f987743bc040ab882a14ea9d8d79f,Malware payload
2024-02-01,Payload delivery,sha256,f0adaaa5cf2d046442e2a57377aab93ad745b49da8a67e82716b3e225f9d447a,Malware payload
2024-02-01,Payload delivery,tlsh,t1e691749a26094dbcca5497d3e8503ad7876e1493f1d8de28e4fd9f08e1ef1f04276a,
2024-02-01,Payload delivery,ssdeep,96:DpkocRtp9hEA9Sr2Ss1vhPMeHLuonYKN/x:DG/79y2SmUeHLuonxhx,
2024-02-01,Other,size-in-bytes,4284,
2024-02-01,Payload delivery,mime-type,application/json,
2024-02-01,Payload delivery,md5,e1a9954338f0f1e992fbfcc5b5b751c2,Malware payload
2024-02-01,Payload delivery,sha256,2551aa4e072befd56cfd8c2a6ca1c244356a65b35ef0ba91c9ab3e0befa4de11,Malware payload
2024-02-01,Payload delivery,tlsh,t160a174ab31550cacc52987da94e53f8b97bc01a35494ec28a49c9f5c92ff8f1037a9,
2024-02-01,Payload delivery,ssdeep,48:Yxg3SPhJSPdqKkY7EbnlUQl21Rifk/n0+aWCDF4w0biYtXnQbZ2Hp9WjyUxG1vCZ:QOQkTa1uAbZ49bMG1vCb8vbJARN,
2024-02-01,Other,size-in-bytes,5015,
2024-02-01,Payload delivery,mime-type,application/json,
2024-02-01,Payload delivery,md5,43e6b73a4d4c43489286b328ba0a9a47,Malware payload
2024-02-01,Payload delivery,sha256,3179ae597f74e72657f8e46d66d6938d59205db2ea95ade914fdf9154197de21,Malware payload
2024-02-01,Payload delivery,tlsh,t1189185aa26094dbcca5497e3e9503ad7876e0093b098dd2cd5fd9f08f1ef1f04276a,
2024-02-01,Payload delivery,ssdeep,48:YxY6wR/dlpkofn16Ru+FzvDFU0NhtXN3rm/2xp9WhHp6Y2UHs1vhmObvK3moRtec:hnpkocRtp9hEA9Sr2Ss1vhPMeHLAevgx,
2024-02-01,Other,size-in-bytes,4274,
2024-02-01,Payload delivery,mime-type,application/json,
2024-02-01,Payload delivery,md5,e454876047e2e77928dcdaa8d8e89c5d,Malware payload
2024-02-01,Payload delivery,sha256,104c759e077fd0e059dac1b85d4266aae28e74fa7c6d98756effeb8d5857427e,Malware payload
2024-02-01,Payload delivery,tlsh,t1ba91c6b7162c4cad9a1487d395903b87577f4167f0849e68fab88f08e0fe2b51137a,
2024-02-01,Payload delivery,ssdeep,48:Yx5AvwlYYwFKbsJkmnh+0DFU0omOtXxR23p9WtY2UKJ1vybaKqRrC3wxioi+Rs7a:YAvwl2kv0S7U9/2FJ1vu8i+O9E,
2024-02-01,Other,size-in-bytes,4323,
2024-02-01,Payload delivery,mime-type,application/json,
2024-02-01,Payload delivery,md5,93db111dbbfee55fe863611dcca31b9f,Malware payload
2024-02-01,Payload delivery,sha256,79fff663ceef6e94dcbbc36ad52d29f9d9982439b32140d24bd4f9ba7ad7e387,Malware payload
2024-02-01,Payload delivery,tlsh,t1b191752661181cbd8628869be4447bf35bee01a391d4ec28c4fe5f5ca0ff6f201765,
2024-02-01,Payload delivery,ssdeep,96:zOzOQ+km7O8ZlOFKiwTH9DnT71vfihHxisoZ5Wk74+:oPHKT9TTx+RJoD773,
2024-02-01,Other,size-in-bytes,4262,
2024-02-01,Payload delivery,mime-type,application/json,
2024-02-01,Payload delivery,md5,7d5ae0f07208504d43c04b0761ea6ea8,Malware payload
2024-02-01,Payload delivery,sha256,9bad88f1be5cc3cf3b92c17752f1a02723437b809c78d8df21442a6be0d9fde8,Malware payload
2024-02-01,Payload delivery,tlsh,t1c8043b17f9c0403be1db88b9e257a33ff572f146d724a9f169e45a702a80ff266253,
2024-02-01,Payload delivery,ssdeep,3072:RBraY3dB91wbMgX+/8RIEhNpIBJsP00Akox4Eav3iYgSGSlBt5WUQtKftrkBceH9:RBrTdn6O/8RIEjp6OXo51tKftr6ceHUW,
2024-02-01,Other,size-in-bytes,185022,
2024-02-01,Payload delivery,mime-type,application/x-executable,
2024-02-01,Payload delivery,md5,4d86f3c959a61fade6550fa35575fa81,Malware payload
2024-02-01,Payload delivery,sha256,11a9f1152d8799ab7e6511e5fa7fdac128271ff0fa6ca985431ce53a1ea3c4ee,Malware payload
2024-02-01,Payload delivery,tlsh,t1909154aa26085dbcca5496d3d5943ad7876e0493b194dd28e8fc9f0ce1ef1f002769,
2024-02-01,Payload delivery,ssdeep,48:YxY6wYdlpkofn16Ru+FkDFU0NhtXeV2Qp9We6T2UHs1vibvKqRteU3wxioL2skBe:QpkocRtG9U/9K2Ss1veiHL5kB78x,
2024-02-01,Other,size-in-bytes,4284,
2024-02-01,Payload delivery,mime-type,application/json,
2024-02-01,Payload delivery,md5,f185ec0f19dbbd3b57fe135cd4d5af48,Malware payload (BumbleBee)
2024-02-01,Payload delivery,sha256,414eee000564c47a8695d67474ac159f2f98ad1b9adedb46e35a60272c5177ac,Malware payload (BumbleBee)
2024-02-01,Payload delivery,tlsh,t14d45f011e5921ff5d47291b681ab2a3bbb307e180324d3b7abc0d2377d827e45b1a7,
2024-02-01,Payload delivery,imphash,47e01530ad43ec939d1c47709a80a5c6,
2024-02-01,Payload delivery,ssdeep,24576:p0owXSk0IkO0KJY6ZoEYncw87DnoYjnfpxA7eEKjAcBpc:KvJTrnJLhSTK0cg,
2024-02-01,Other,size-in-bytes,1222161,
2024-02-01,Payload delivery,mime-type,application/x-dosexec,
2024-02-01,Payload delivery,md5,08fe3d18d97bf2977403d425d9160f21,Malware payload
2024-02-01,Payload delivery,sha256,bab183c89b4a783e8c1d2694d2c780c07129f9a80ae71b579d19706860f793a8,Malware payload
2024-02-01,Payload delivery,tlsh,t106a1745732554dbc8b2487ea94e63aab47ad0073a094ac28a9ed5f4c91ff8f10376d,
2024-02-01,Payload delivery,ssdeep,48:Yxg3SPhJSPdqKkY7EbnlUQl2sRifk/n0+aWHbgDF4w0biYtXcgFi2Hp9WoibUxGP:QOvkTaRug49KMG1v5vApXw,
2024-02-01,Other,size-in-bytes,4770,
2024-02-01,Payload delivery,mime-type,application/json,
2024-02-01,Payload delivery,md5,796eadb7531ee9148538024d77b5e77b,Malware payload (RiseProStealer)
2024-02-01,Payload delivery,sha256,c6069b0fa94c0de377e6e0ae16cfc79f09de4ef5a1dfdad8aeb250ebbecece85,Malware payload (RiseProStealer)
2024-02-01,Payload delivery,tlsh,t1e74533bd611b8bd1e324a7f8274b08d257683d4c0ec24556c39f1a930eb8b9da35b9,
2024-02-01,Payload delivery,imphash,5ab723dc8d5af21b79dc301ed6a56a64,
2024-02-01,Payload delivery,ssdeep,24576:5PrH+5nte6xBYMVwdoxWGSgasmL9nLwQYRHW/nSTh4cL5Vo:5PqnUgZVwdoxNgLlYR2/St4clVo,
2024-02-01,Other,size-in-bytes,1196032,
2024-02-01,Payload delivery,mime-type,application/x-dosexec,
2024-02-01,Payload delivery,md5,bf929be8d91bc811a2f99c2e9e3db22f,Malware payload
2024-02-01,Payload delivery,sha256,727d84e6779cc8ef1ab93d1acc0331fc1d3a9ccca6e6c7d4398c8e7a2c7dc059,Malware payload
2024-02-01,Payload delivery,tlsh,t12fd4235a9d476a29efd49b309908821d1197ef33beb4d3570340b61f637fa872c66c,
2024-02-01,Payload delivery,imphash,af02ce4a4548e322a95ca15cb9608683,
2024-02-01,Payload delivery,ssdeep,12288:8HLUMuiv9RgfSjAzRty26xGJeMTE3Z2ap4srKWLZg:WtARD6EAMC41/,
2024-02-01,Other,size-in-bytes,599822,
2024-02-01,Payload delivery,mime-type,application/x-dosexec,
2024-02-01,Payload delivery,md5,a0fe648a09938fc9ae5e89209f7708d4,Malware payload
2024-02-01,Payload delivery,sha256,bb2da0d70a951a06d41ab7c01ecd8a8969d9a05ac3d690104e96f1031269ab8b,Malware payload
2024-02-01,Payload delivery,tlsh,t1c391c5b715284c6dca1487d795903b9757af41a7e0849e28b9f88f08e0ff1b511366,
2024-02-01,Payload delivery,ssdeep,48:Yx5AvwlYYwOKbsJkmnh+0DFU0omOtXxR23p9WtY2UKJ1vybaKqRrC3wxioisJvT9:YAvwlJkv0S7U9/2FJ1vu8iyTEE,
2024-02-01,Other,size-in-bytes,4333,
2024-02-01,Payload delivery,mime-type,application/json,
2024-02-01,Payload delivery,md5,771214df7fb46a888e6a1191006d0618,Malware payload
2024-02-01,Payload delivery,sha256,d753479d0e7adef1186f8519a31291fb5b1ea382f0edbdd465a6d169ec763392,Malware payload
2024-02-01,Payload delivery,tlsh,t1d2a1a66b31551cac852487eb98e13e9b97bc00a3a1c4ac18f4ec5f4c96fe4f1037a9,
2024-02-01,Payload delivery,ssdeep,48:Yxg3SPhJSPdqKkY7EbnlUQl2kRifk/n0+aWKSPmDF4w0biYtXDSPGq2Hp9WcseNA:QOLkTaUeuef49VEMG1vHRAXHwLt,
2024-02-01,Other,size-in-bytes,4922,
2024-02-01,Payload delivery,mime-type,application/json,
2024-02-01,Payload delivery,md5,1b1309d8801ea6f61b3203f17e5ac636,Malware payload
2024-02-01,Payload delivery,sha256,7cf429456c27596a8fb13d67f0e3afaaef1c08527513e3ef10ef6cb6f5d02f69,Malware payload
2024-02-01,Payload delivery,tlsh,t10cd4234bad47aa39ef906b309908851d2197ef23bd74e2970340b61f637fa872c75c,
2024-02-01,Payload delivery,imphash,af02ce4a4548e322a95ca15cb9608683,
2024-02-01,Payload delivery,ssdeep,12288:8HLUMuiv9RgfSjAzRty26xGJeMTE3Z2ap4srKWLZ6JCtXZYJD:WtARD6EAMC41o6JD,
2024-02-01,Other,size-in-bytes,655304,
2024-02-01,Payload delivery,mime-type,application/x-dosexec,
2024-02-01,Payload delivery,md5,7877daf8c35cfae0d9a9f22db09eeb4e,Malware payload
2024-02-01,Payload delivery,sha256,feb241c4e4683cf42cf1a80192f09474bb07b89b8d10550b6ea5eea7b42878d6,Malware payload
2024-02-01,Payload delivery,tlsh,t132a187db25795cfccb24c7d655c63a8357ed001362e4ad14ecad5f0c91fe8b24269a,
2024-02-01,Payload delivery,ssdeep,48:Yxg3SPhJSPdqKkY7EbnlUQl2Dhpk6nYK+zMlFDF4w0dM0tXqlNjT2up9WMTv0mUi:QOZkB6KoTz9DEi1vgQYebP,
2024-02-01,Other,size-in-bytes,4860,
2024-02-01,Payload delivery,mime-type,application/json,
2024-02-01,Payload delivery,md5,61aef7508d9f63f9b0da8e51b006b248,Malware payload
2024-02-01,Payload delivery,sha256,5a83c71b00a8aa763ccf0755cf4ed5ed70214278a1c6b65b69bbcd1bdab4cb7a,Malware payload
2024-02-01,Payload delivery,tlsh,t1a9a174ab31150cbcc52987ea94e13f8b97bc01635494ec24a4ac9f5cd2ff8f1437a9,
2024-02-01,Payload delivery,ssdeep,48:Yxg3SPhJSPdqKkY7EbnlUQl27Rifk/n0+aWCDF4w0biYtXnQbZ2Hp9WjyUxG1vC1:QOqkTa1uAbZ49bMG1vCb8vbJAXpBI8,
2024-02-01,Other,size-in-bytes,5005,
2024-02-01,Payload delivery,mime-type,application/json,
2024-02-01,Payload delivery,md5,66efecfcf20d47a77f69e025c9419fb3,Malware payload
2024-02-01,Payload delivery,sha256,c8d5e7b9183367a1b0fc1ef9262c40f1b5ab2184383f09ea9f10569515dbff8b,Malware payload
2024-02-01,Payload delivery,tlsh,t1179176aa26085ebcc65496e3d5843ad7c76e0493b194ed2cd8fd9f08e1ef1f102769,
2024-02-01,Payload delivery,ssdeep,48:YxY6wmdlpkofn16Ru+FkDFU0NhtXeV2Qp9We6T2UHs1vibvKqRteU3wxioL0dzAD:mpkocRtG9U/9K2Ss1veiHL0dwZx,
2024-02-01,Other,size-in-bytes,4274,
2024-02-01,Payload delivery,mime-type,application/json,
2024-02-01,Payload delivery,md5,83b121aab72c40f921d6bb87f243bbed,Malware payload (RiseProStealer)
2024-02-01,Payload delivery,sha256,becc9cb9bb399dfad149871a9e144de2d1d3d2d9518e4e4dc1175bfc4f5c7ef7,Malware payload (RiseProStealer)
2024-02-01,Payload delivery,tlsh,t1af4533f3401b5270ca2ab5f2424c008a85f5bcf68359e535a9bf4962c5d4c6f7bbba,
2024-02-01,Payload delivery,imphash,5ab723dc8d5af21b79dc301ed6a56a64,
2024-02-01,Payload delivery,ssdeep,24576:ElLwDwRcTCwYN1lj8EosSer9wQAiyIakELTtZM0HZbmNrUtE/O:yU3TGPKneBlJL8vHZSg6/O,
2024-02-01,Other,size-in-bytes,1196032,
2024-02-01,Payload delivery,mime-type,application/x-dosexec,
2024-02-01,Payload delivery,md5,05a5bcf487cd574a6b2e0163d3f82a24,Malware payload
2024-02-01,Payload delivery,sha256,6def9d58f56684474617a7894f8174766223680852b8c3c73debba3ec8c7c6aa,Malware payload
2024-02-01,Payload delivery,tlsh,t105a184eb65691cbcca18c7c694d93b8797fc015352a4ec28a8ac5f0c93ff87153669,
2024-02-01,Payload delivery,ssdeep,48:Yxg3SPhJSPdqKkY7EbnlUQl23hpk6nYK+z1DF4w0dM0tXnGbZ2up9WSgyUfi1vUW:QOBkBhKWbZz9BEi1vUb8pbbYoLp+upP,
2024-02-01,Other,size-in-bytes,5033,
2024-02-01,Payload delivery,mime-type,application/json,
2024-02-01,Payload delivery,md5,3a6dc59381c20f109d427d41a240e7ff,Malware payload
2024-02-01,Payload delivery,sha256,0caf647510b23fc58e80514a18c6f74006f6f94d52cc787192fc470ed55cd8fe,Malware payload
2024-02-01,Payload delivery,tlsh,t1e9a196eb15691cbc8a14d7c295d93a8787ed0113b2a8ac14fced5f0c82ff9b603669,
2024-02-01,Payload delivery,ssdeep,48:Yxg3SPhJSPdqKkY7EbnlUQl2Chpk6nYK+zebDF4w0dM0tX8r82bp9WG9sYUfi1vK:QOAkBAKpg9nEi1v1/YiAP,
2024-02-01,Other,size-in-bytes,4971,
2024-02-01,Payload delivery,mime-type,application/json,
2024-02-01,Payload delivery,md5,4d9cff264e8fc032f94d8c67234c1ccd,Malware payload (Smoke Loader)
2024-02-01,Payload delivery,sha256,d6957e1277005aad92f543afbf07782f6a6a2a21077f9a7d3655f05f64e34706,Malware payload (Smoke Loader)
2024-02-01,Payload delivery,tlsh,t1b1547e2072e59031e2e75530957fc3f52a3b78a225735dbeda90263a2f732c186da3,
2024-02-01,Payload delivery,imphash,685a2798ec5758e8d584dbcc26c0bfd7,
2024-02-01,Payload delivery,ssdeep,6144:JEk/6uK6McE3eBXzW7rndjm61+HoCTlqljbHlvVws:JEE6uKaE3eBDcdjb1koTlj7ws,
2024-02-01,Other,size-in-bytes,303104,
2024-02-01,Payload delivery,mime-type,application/x-dosexec,
2024-02-01,Payload delivery,md5,f2ec2433544298fdb542d53fabac34ad,Malware payload
2024-02-01,Payload delivery,sha256,6e5e03994300917b712f9c0a8263e3580a6c14bcedfd908781c4462027df1144,Malware payload
2024-02-01,Payload delivery,tlsh,t15f41cc7ccf69f8e0037db0a088492e2620949e57d6b58e24d9574ee62d7c20acf1b1,
2024-02-01,Payload delivery,ssdeep,48:LGfEFWuJqs9HZNjd+SfprcKyK0hE6S1FtfsC5P3RX5ZWiaoIhSNtb:LGfEFW87jd+Sfpbaq6S1FtfsC5P39EfW,
2024-02-01,Other,size-in-bytes,2219,
2024-02-01,Payload delivery,mime-type,text/plain,
2024-02-01,Payload delivery,md5,a5db7a11d98ffc45cff31a0764cd02cb,Malware payload
2024-02-01,Payload delivery,sha256,e7e7f3edda990678870581e48c75e706d1c60cf114724f6a25058ef6cfb1cf04,Malware payload
2024-02-01,Payload delivery,tlsh,t15b91627122180c7e873483c6b4557ad767be0267a0d4ac28a8bd4f0cf6ef1f205b6a,
2024-02-01,Payload delivery,ssdeep,48:YxC3qt2fbZkvnY+Cs+DF4w0nltXPSjeUT2Gp9WnTUd81vdE7b/KcRezbC3wxiooq:lbZknCs+w/05TH9I681vdEHAbpZcMg5O,
2024-02-01,Other,size-in-bytes,4238,
2024-02-01,Payload delivery,mime-type,application/json,
2024-02-01,Payload delivery,md5,8e679c2813b9a291a464c889c4a0e013,Malware payload
2024-02-01,Payload delivery,sha256,771c3f75e843c74bd062b9e2c7f99dc18ffa2a1afef65addb4934a04300f9ef5,Malware payload
2024-02-01,Payload delivery,tlsh,t15291749a27085dbdc65496d3d5403ad7876e0493b194ed2cd8fd9f08e1ef1f002759,
2024-02-01,Payload delivery,ssdeep,48:YxY6wDjGdlpkofn16Ru+FkDFU0NhtXeV2Qp9We6T2UHs1vibvKqRteU3wxioLvUN:3WpkocRtG9U/9K2Ss1veiHLvKYex,
2024-02-01,Other,size-in-bytes,4274,
2024-02-01,Payload delivery,mime-type,application/json,
2024-02-01,Payload delivery,md5,78929aa2530489151ecc6c5048ab6ac7,Malware payload
2024-02-01,Payload delivery,sha256,de046b31b6622772ba919a9ee255b68f8b34c87d4379e8636a089fc6a003ec02,Malware payload
2024-02-01,Payload delivery,tlsh,t10091659a26095dbcca5497d3e8843ac78b6e1093b098dd2cd9fd9f08f1ef1f04276a,
2024-02-01,Payload delivery,ssdeep,48:YxY6w57dlpkofn16Ru+FzvDFU0NhtXN3rm/2xp9WhHp6Y2UHs1vhmObvK3moRteo:9pkocRtp9hEA9Sr2Ss1vhPMeHLbOWcdx,
2024-02-01,Other,size-in-bytes,4284,
2024-02-01,Payload delivery,mime-type,application/json,
2024-02-01,Payload delivery,md5,792ad5cb553ad55f3a30b10c84982bb9,Malware payload (RiseProStealer)
2024-02-01,Payload delivery,sha256,779cde0ccd2fda602abb797f35abf735cde6429d1b885ce55949980117ebd468,Malware payload (RiseProStealer)
2024-02-01,Payload delivery,tlsh,t1b24533feab9691c1d6389ab10145e4909d3cbe8088098727f43f1b760d6668e739bf,
2024-02-01,Payload delivery,imphash,5ab723dc8d5af21b79dc301ed6a56a64,
2024-02-01,Payload delivery,ssdeep,24576:ncOtF2hWX66rlhax8xu2wQJBaWnBCqpaR0jPFn/9Vtw3/:n/2gXLzaxmlJBaWntpaWVVtw3,
2024-02-01,Other,size-in-bytes,1196032,
2024-02-01,Payload delivery,mime-type,application/x-dosexec,
2024-02-01,Payload delivery,md5,5bc994e19b966514a0ff6a7e312ed3bb,Malware payload
2024-02-01,Payload delivery,sha256,723157324610ea518996a9e2d14135a3ae151f562560c5ad5888e447bcc207bd,Malware payload
2024-02-01,Payload delivery,tlsh,t1a6a1d8ab35664c7cca1487da98e53e8b576d00b3a194ec18f8ec5f4881fe8f1037a9,
2024-02-01,Payload delivery,ssdeep,48:Yxg3SPhJSPdqKkY7EbnlUQl2MRifk/n0+aW0DF4w0biYtXnR2Hp9WO8ZUxG1v+bv:QOPkTa1uh49AMG1vSmAMYJb,
2024-02-01,Other,size-in-bytes,4856,
2024-02-01,Payload delivery,mime-type,application/json,
2024-02-01,Payload delivery,md5,825f7de6793dd8b1a44ac553d25d7181,Malware payload
2024-02-01,Payload delivery,sha256,9061d004771d7ce48add067ef55403452552020f52f5e2b385a88402241711c5,Malware payload
2024-02-01,Payload delivery,tlsh,t19da1c76b36654cbcc624c3ea94e23e4757ad0073a1d4ec14a8ac5f5c94fe8f1037ea,
2024-02-01,Payload delivery,ssdeep,48:Yxg3SPhJSPdqKkY7EbnlUQl2ARifk/n0+aWblFDF4w0biYtXqlNBT2Hp9Wt0mUxx:QOXkTaGuIT49YMG1veKAHB,
2024-02-01,Other,size-in-bytes,4832,
2024-02-01,Payload delivery,mime-type,application/json,
2024-02-01,Payload delivery,md5,bf36c7823a18962b603e7c16cc400db6,Malware payload
2024-02-01,Payload delivery,sha256,7a3cb6d848126b4dd957d62789221eeb7b457bbfcbeb6029cbcbd41d2cf958e4,Malware payload
2024-02-01,Payload delivery,tlsh,t1eca197ab11681cbdc7148bd255d93a8787ed0113a2a8ac58fced5f0c82ff8b603669,
2024-02-01,Payload delivery,ssdeep,48:Yxg3SPhJSPdqKkY7EbnlUQl2ahpk6nYK+zebDF4w0dM0tX8r82bp9WG9sYUfi1va:QOQkBAKpg9nEi1v1/YAOP,
2024-02-01,Other,size-in-bytes,4971,
2024-02-01,Payload delivery,mime-type,application/json,
2024-02-01,Payload delivery,md5,2e0cbb673eb0d53e163a0bf569419b90,Malware payload
2024-02-01,Payload delivery,sha256,d6726a9b0e8aa7bec3079545ef1b4563dfa30f10b169c06df96cc20c500017a7,Malware payload
2024-02-01,Payload delivery,tlsh,t18591752562180cbd8728869be0443aa75bee0593a184ec28c4ae5f5cb1ff5f101769,
2024-02-01,Payload delivery,ssdeep,96:zOzOC+km7O8ZlOFKiwTH9DnT71vfihHxisoZ5kt+v/14+:qPHKT9TTx+RJoD04t3,
2024-02-01,Other,size-in-bytes,4262,
2024-02-01,Payload delivery,mime-type,application/json,
2024-02-01,Payload delivery,md5,193c0795a4c629ec843865a012311bd2,Malware payload
2024-02-01,Payload delivery,sha256,12d2d666c6d96ae61aff707158e054af7a4ebf44926f6fb00f9012529937e3d1,Malware payload
2024-02-01,Payload delivery,tlsh,t1dfa1aa9716545cbccf14c7d684da3aab87ed0053a2a4ac18eded5f0c91ff8b10262d,
2024-02-01,Payload delivery,ssdeep,48:Yxg3SPhJSPdqKkY7EbnlUQl2Thpk6nYK+zobgDF4w0dM0tXcg/i2up9WXibUfi1u:QOJkBtKCz93Ei1vnfYcEP,
2024-02-01,Other,size-in-bytes,4788,
2024-02-01,Payload delivery,mime-type,application/json,
2024-02-01,Payload delivery,md5,952f184b74eeeb3d70a4e55262a5563c,Malware payload
2024-02-01,Payload delivery,sha256,96ebfcee98ffc18deb1b2a9b0499a9827bdc9e4cc586afcf8d7fb608a5e57753,Malware payload
2024-02-01,Payload delivery,tlsh,t12ba1749b61692cbcc71487e759d93e8797ed0053a298ac18fced5f0c92fe8a103659,
2024-02-01,Payload delivery,ssdeep,48:Yxg3SPhJSPdqKkY7EbnlUQl2E+hpk6nYK+z9SPmDF4w0dM0tXDSPGo2up9WvseNs:QO/kBIeKezz9EEEi1vZhYRnwdP,
2024-02-01,Other,size-in-bytes,4950,
2024-02-01,Payload delivery,mime-type,application/json,
2024-02-01,Payload delivery,md5,6615ce835c9f864e5b37d45f76771e67,Malware payload
2024-02-01,Payload delivery,sha256,a730d0133cc74e8cc4652995a5deb0456eb49a5b21be525bf9d71ba7fc723cf2,Malware payload
2024-02-01,Payload delivery,tlsh,t18991b4b7162c4cadca1487d796903b975aaf41a7f0849e68b9f88f0cd0fe1f41136a,
2024-02-01,Payload delivery,ssdeep,48:Yx5AvwlYYw/KbsJkmnh+0DFU0omOtXxR23p9WtY2UKJ1vybaKqRrC3wxioi35QcM:YAvwlkkv0S7U9/2FJ1vu8imc6kE,
2024-02-01,Other,size-in-bytes,4323,
2024-02-01,Payload delivery,mime-type,application/json,
2024-02-01,Payload delivery,md5,21b5d05ec2007e649a3679bb12f5b3be,Malware payload
2024-02-01,Payload delivery,sha256,2338964446b445e2ae667aa4cc4b4275ba77a5203196c764f11eb820c46bf772,Malware payload
2024-02-01,Payload delivery,tlsh,t143a1a3ab15395cbccb10c7c699c93a8797ed005363a8ac08fdad6f0c82ff4a142659,
2024-02-01,Payload delivery,ssdeep,48:Yxg3SPhJSPdqKkY7EbnlUQl2ghpk6nYK+z1DF4w0dM0tXnT2up9WSFo8ZUfi1vAP:QOykB5KDz9vLEi1vYYYli2P,
2024-02-01,Other,size-in-bytes,4874,
2024-02-01,Payload delivery,mime-type,application/json,
2024-02-01,Payload delivery,md5,1829a4d6a4d1ef8b594386142b8a1b46,Malware payload
2024-02-01,Payload delivery,sha256,16d3940ee80440cf6b585b96eccfbd0fcee45df8ce27359be8e67eb5226b9145,Malware payload
2024-02-01,Payload delivery,tlsh,t1fda1759b21691cbcc714c7d299d53e9797ed0053a298ac18fcad5f0c92ff4a203655,
2024-02-01,Payload delivery,ssdeep,48:Yxg3SPhJSPdqKkY7EbnlUQl2ahpk6nYK+z9SPmDF4w0dM0tXDSPGo2up9WvseNEg:QOYkBIeKezz9EEEi1vZhYfPdP,
2024-02-01,Other,size-in-bytes,4940,
2024-02-01,Payload delivery,mime-type,application/json,
2024-02-01,Payload delivery,md5,f6ee52b9c75b053493860613997cfeef,Malware payload
2024-02-01,Payload delivery,sha256,cba8fbb2ab9e4ef12c87bb41f48291e0ada753b09164980abfef2970869ffb0c,Malware payload
2024-02-01,Payload delivery,tlsh,t14891b8b7161c4cbcca2487d7a5643bd756bf4163e0849d28b9bc8f08e0fe1f51136a,
2024-02-01,Payload delivery,ssdeep,96:YAvwl8kvQISnya0o9HT2FJ1vltPBiKjEtcTnE:YAvuXo9z2FBieEyjE,
2024-02-01,Other,size-in-bytes,4339,
2024-02-01,Payload delivery,mime-type,application/json,
2024-02-01,Payload delivery,md5,305fa7906d5e6b738252e93eb2ab3552,Malware payload
2024-02-01,Payload delivery,sha256,177a8ade41e3fb548c38b24aac987f475ccc2e4cf6ab3d372c2fef1981facfbf,Malware payload
2024-02-01,Payload delivery,tlsh,t18991446a26085dbdcb9496d3e4443ad7d77e0053e194dd2ce8fd9f08a1ef1f10276a,
2024-02-01,Payload delivery,ssdeep,48:YxY6wtdlpkofn16Ru+FvDF4w0NhtXpk2Kp9Wo6sUHs1vFbvKzRteU3wxioorbG49:tpkocRtxYyH97Ss1vdTHWz7x,
2024-02-01,Other,size-in-bytes,4413,
2024-02-01,Payload delivery,mime-type,application/json,
2024-02-01,Payload delivery,md5,67ec56449533331968b96cec4f5e4c4d,Malware payload
2024-02-01,Payload delivery,sha256,74689849e4300571a8d1c3d74e1b22e823c9104416c064c2729a74d397aaebd4,Malware payload
2024-02-01,Payload delivery,tlsh,t1c191656629385d7cc758c4ca98fc3d4e567e405bf1609c14a6de8e0ae2ff1f183a61,
2024-02-01,Payload delivery,ssdeep,96:eyirkYOhDH5R0DWfrfT594ds1Y7g1vUreHTMsgiFE80CfWJeR:eyiQThr5RIWfrt94ds1Y7FrezMsgiFEQ,
2024-02-01,Other,size-in-bytes,4614,
2024-02-01,Payload delivery,mime-type,application/json,
2024-02-01,Payload delivery,md5,2a24196f7b0b445a8c68c2290155e9ea,Malware payload
2024-02-01,Payload delivery,sha256,101e59d7f695dad0b82ba772bef17421c245d5440bab2a59b0d73a05814813d6,Malware payload
2024-02-01,Payload delivery,tlsh,t1cba1a55732554cbc8b2487ea94e63aaf47ad00b3a1949c28a5ed4f4c90ff8f10376d,
2024-02-01,Payload delivery,ssdeep,48:Yxg3SPhJSPdqKkY7EbnlUQl2eRifk/n0+aWHbgDF4w0biYtXcgFi2Hp9WoibUxG+:QONkTaRug49KMG1v5vABt,
2024-02-01,Other,size-in-bytes,4780,
2024-02-01,Payload delivery,mime-type,application/json,
2024-02-01,Payload delivery,md5,563629f166186438116432ee97923038,Malware payload
2024-02-01,Payload delivery,sha256,4886d50fd5cc2b44c4af965c151363ad7739ab4748d8e5d4b148249a793c96e0,Malware payload
2024-02-01,Payload delivery,tlsh,t17da1a79b25695cfccb24c7c655c53e8397ed0053a2a4ad14ecac5f0c91ff8b14269a,
2024-02-01,Payload delivery,ssdeep,48:Yxg3SPhJSPdqKkY7EbnlUQl2Bhpk6nYK+zMlFDF4w0dM0tXqlNjT2up9WMTv0mUQ:QODkB6KoTz9DEi1vgQYjSBI0P,
2024-02-01,Other,size-in-bytes,4849,
2024-02-01,Payload delivery,mime-type,application/json,
2024-02-01,Payload delivery,md5,faa90f736e8b08563dc8b2327be07309,Malware payload
2024-02-01,Payload delivery,sha256,f2c7bc813a0fbc51b6b0847f141fff83820d970cd60ab5972153c2cb01eb86a3,Malware payload
2024-02-01,Payload delivery,tlsh,t1d2b533f266b20b04e2431b3c65174a5ab1d7ed6378b441ba1362fb035ffe3312916d,
2024-02-01,Payload delivery,imphash,baa93d47220682c04d92f7797d9224ce,
2024-02-01,Payload delivery,ssdeep,49152:CqCPX222jWCmILx/3k/K/osX7rqW3pPRBlC6o366u:CfPm22jWGx/3WO7mWZJBl7+lu,
2024-02-01,Other,size-in-bytes,2326016,
2024-02-01,Payload delivery,mime-type,application/x-dosexec,
2024-02-01,Payload delivery,md5,8bb3fe900a6c310f716bdbdd3b31e340,Malware payload
2024-02-01,Payload delivery,sha256,a23d49a2073b8a090a6aba9e6c70113f9f3ba6dd6f49c0f9b2f5c6586c113a26,Malware payload
2024-02-01,Payload delivery,tlsh,t13fa1b7ab35664c7cca2487ea98d13e8b57ac00b39194ec18b9ad5f4c91fe8f103769,
2024-02-01,Payload delivery,ssdeep,48:Yxg3SPhJSPdqKkY7EbnlUQl2ZRifk/n0+aW0DF4w0biYtXnR2Hp9WO8ZUxG1v+bl:QOckTa1uh49AMG1vSmAOXauGl,
2024-02-01,Other,size-in-bytes,4856,
2024-02-01,Payload delivery,mime-type,application/json,
2024-02-01,Payload delivery,md5,b8069a29332e4bc4f0a87645cabdb81b,Malware payload (BumbleBee)
2024-02-01,Payload delivery,sha256,a743f378b7b1cfa1a19f76929b82eb9fcabb7d9102ff9fe58e5d2f22e55811e8,Malware payload (BumbleBee)
2024-02-01,Payload delivery,tlsh,t1ca45e011e2921ff5d0ba917780ab252ebb743e580315d377abc0d2373d937a46b19b,
2024-02-01,Payload delivery,imphash,47e01530ad43ec939d1c47709a80a5c6,
2024-02-01,Payload delivery,ssdeep,24576:nbbwp9QYuu+Nj2bzGsjnI0eS2gJd1lgHzWVT5ec5jrVsKo0S:eE2RnFlgHzoTvrVsKE,
2024-02-01,Other,size-in-bytes,1222159,
2024-02-01,Payload delivery,mime-type,application/x-dosexec,
2024-02-01,Payload delivery,md5,c4fe6775ce2a02fdf8ed44ab7d30b039,Malware payload
2024-02-01,Payload delivery,sha256,5a82e6eefaa352aabbdb53c74fc20e8b31032bdd0c8409dd44ddec773a380506,Malware payload
2024-02-01,Payload delivery,tlsh,t1aca185eb61685cbcca18c3c690d93b8797fd011352a4ec24b8ec5b0c93fe97252669,
2024-02-01,Payload delivery,ssdeep,48:Yxg3SPhJSPdqKkY7EbnlUQl2Zhpk6nYK+z1DF4w0dM0tXnGbZ2up9WSgyUfi1vUl:QOjkBhKWbZz9BEi1vUb8pbbYceP,
2024-02-01,Other,size-in-bytes,5033,
2024-02-01,Payload delivery,mime-type,application/json,
2024-02-01,Payload delivery,md5,c984aa59ed65d4961ee933cbca2a7264,Malware payload (GCleaner)
2024-02-01,Payload delivery,sha256,64f37fad2de6f4f045e37dc543d5778a982b0de397429302715215ff14d9d73b,Malware payload (GCleaner)
2024-02-01,Payload delivery,tlsh,t1e384ae0072e59030e2e75634467cc7f56a7fb86675339d8eda90263a3e332c18ae97,
2024-02-01,Payload delivery,imphash,685a2798ec5758e8d584dbcc26c0bfd7,
2024-02-01,Payload delivery,ssdeep,6144:di4frXaqf68QdhI87rIh3S69mUIMPe44m1YkvVws:di0rXaU6fm8gTxPB4mWqws,
2024-02-01,Other,size-in-bytes,392704,
2024-02-01,Payload delivery,mime-type,application/x-dosexec,
2024-02-01,Payload delivery,md5,2d04bcc0372dd9a2c7ab14da55392290,Malware payload
2024-02-01,Payload delivery,sha256,2d8a069e58648aff01c3198cb9a650ca1837eb7076c6e1277e845fcab096b1da,Malware payload
2024-02-01,Payload delivery,tlsh,t100f4f11076e5d071e2f7a930596cc7e51a3bb8676133ad8ed790273a2f3b68186d93,
2024-02-01,Payload delivery,imphash,685a2798ec5758e8d584dbcc26c0bfd7,
2024-02-01,Payload delivery,ssdeep,12288:CWJUDnv3qDuxspvNmk5lDZTEotOqxxrFKGn7cFbFTFD+HaINn6SNM7V2arQ4ws:T6v3q1dfb5IGnwFPD+646bV2alw,
2024-02-01,Other,size-in-bytes,770560,
2024-02-01,Payload delivery,mime-type,application/x-dosexec,
2024-02-01,Payload delivery,md5,19edefdbe345354366c3a4272636caf3,Malware payload
2024-02-01,Payload delivery,sha256,48a4fc806731bd1a0fcd8d3ae3ae161b34cdb230b89c87bd25784d15e6a498eb,Malware payload
2024-02-01,Payload delivery,tlsh,t103b533d408363540c48b973d9197097c958f9e9f808e91bab4cafcb9efbd171a185f,
2024-02-01,Payload delivery,imphash,baa93d47220682c04d92f7797d9224ce,
2024-02-01,Payload delivery,ssdeep,49152:X1LEYbkZW+oEIWGzq6z4RAFGTznE2S9tDq41uWnuV:FLnbkZDoxWfRAFIS9tDx,
2024-02-01,Other,size-in-bytes,2312192,
2024-02-01,Payload delivery,mime-type,application/x-dosexec,
2024-02-01,Payload delivery,md5,a2f1118733b73bc4eef5909c0de237a3,Malware payload (RedLineStealer)
2024-02-01,Payload delivery,sha256,61a8b08547fd80f308551ddfa55d0b3f64db6a106bb664b32f994bb8bbc31044,Malware payload (RedLineStealer)
2024-02-01,Payload delivery,tlsh,t1ca0533fc2e2c2590d519aeb2009ea261ecbdfc68430cd6612bbf95ea4c6c4de5f57c,
2024-02-01,Payload delivery,imphash,7515ecf8c0dfa4d230ad835fe0acb57f,
2024-02-01,Payload delivery,ssdeep,24576:+UjNQ6kn2wQjBaWnBCqvdrfzTnZbmNrU0W0RlWo:fWn2ljBaWntvtzTnZSgu7Wo,
2024-02-01,Other,size-in-bytes,809472,
2024-02-01,Payload delivery,mime-type,application/x-dosexec,
2024-02-01,Payload delivery,md5,24c1d230212689b71225f4cf767dd157,Malware payload
2024-02-01,Payload delivery,sha256,33a731a292876621ba52209b130f2e962603e37356933af28ec992828aad9e3b,Malware payload
2024-02-01,Payload delivery,tlsh,t197a1a6ab32550cbc85248beb94e53e8b47ad0163a094ed18f4ed4f4c95ff8f5037a9,
2024-02-01,Payload delivery,ssdeep,48:Yxg3SPhJSPdqKkY7EbnlUQl2sRifk/n0+aW/bDF4w0biYtX8rG2xp9WoKsYUxG18:QO7kTakuNe9yMG1vbDAS+Sj6,
2024-02-01,Other,size-in-bytes,4953,
2024-02-01,Payload delivery,mime-type,application/json,
2024-02-01,Payload delivery,md5,fa9405fcda6d49a4894322d99ac80dc2,Malware payload
2024-02-01,Payload delivery,sha256,e702df5d79922aa9ca2bebcc014048a7c52822a63f2234398aa17d2d40bb2db3,Malware payload
2024-02-01,Payload delivery,tlsh,t115916426261c0cbd86394a97a05c7ad76bae026390d4fd2888bd5f0cb5ff2b141769,
2024-02-01,Payload delivery,ssdeep,96:jjBekxq8pVFawTH9o2nTv71vzhHtsIZhq/E/pTR+:jjBvguFaA9o2nbdhNsIr0E/pTR+,
2024-02-01,Other,size-in-bytes,4215,
2024-02-01,Payload delivery,mime-type,application/json,
2024-02-01,Payload delivery,md5,5a857a3268367cd648516b9fa32f7f50,Malware payload
2024-02-01,Payload delivery,sha256,c2eb5405ac4719c6793a1dfecfdefb9b70700b8bbbd61e0c4ac4e8812edfacba,Malware payload
2024-02-01,Payload delivery,tlsh,t1929174e7b1155eb8c51fc5ee96a939cfcabd005390305c1ce59e4a0b88fe1b21323d,
2024-02-01,Payload delivery,ssdeep,96:XG29k0yan4wgaBSQcsTN9+BMOy0G1vRctHsz9UAeGQAxVXr:e0049rVGmlQY,
2024-02-01,Other,size-in-bytes,4529,
2024-02-01,Payload delivery,mime-type,application/json,
2024-02-01,Payload delivery,md5,bad95d6547d1d7fe904db33c6bf0db34,Malware payload
2024-02-01,Payload delivery,sha256,9ace52c3375e97ad625de7acd6cd4c060883f50ce642b1b2d26ae6bf6be159db,Malware payload
2024-02-01,Payload delivery,tlsh,t19391649a26095dbcca5496e3e4943ad7876e1093b098dd2ce4fd9f08e1ff1f04376a,
2024-02-01,Payload delivery,ssdeep,48:YxY6wxGdlpkofn16Ru+FzvDFU0NhtXN3rm/2xp9WhHp6Y2UHs1vhmObvK3moRtey:BWpkocRtp9hEA9Sr2Ss1vhPMeHLfgtx,
2024-02-01,Other,size-in-bytes,4274,
2024-02-01,Payload delivery,mime-type,application/json,
2024-02-01,Payload delivery,md5,fd526dc05a99d2944eeebd8d8c220f4c,Malware payload
2024-02-01,Payload delivery,sha256,6845966cd19d2a65487c249a5d7100da003df110986eddbfe8341b515810513f,Malware payload
2024-02-01,Payload delivery,tlsh,t186a187eb25b95cbccb24c7d695d63e8357ed001363a4ac14acac5f0c91ee8b10269a,
2024-02-01,Payload delivery,ssdeep,48:Yxg3SPhJSPdqKkY7EbnlUQl2Ahpk6nYK+zMlFDF4w0dM0tXqlNjT2up9WMTv0mUW:QOikB6KoTz9DEi1vgQYeWD2P,
2024-02-01,Other,size-in-bytes,4860,
2024-02-01,Payload delivery,mime-type,application/json,
2024-02-01,Payload delivery,md5,321f014fbea9775bbb1918df4b6cb12b,Malware payload
2024-02-01,Payload delivery,sha256,c7e3ca18ba4e6715874de01a4c3d4a1d4ba0ee30e59a89d6ecabdba072bd0d12,Malware payload
2024-02-01,Payload delivery,tlsh,t1529194e7b1155eb8c51fc9ea56e938cecabd011390705c6ce5ad4b0b88fe1b51323a,
2024-02-01,Payload delivery,ssdeep,96:XGl9k0yan4wgaBSQcsTN9+BMOy0G1vRctHsz9UAeGpVVXr:x0049rVGmlpn,
2024-02-01,Other,size-in-bytes,4529,
2024-02-01,Payload delivery,mime-type,application/json,
2024-02-01,Payload delivery,md5,0a1eb185fb93fdaa247ab7bc274d10db,Malware payload
2024-02-01,Payload delivery,sha256,e7fa957ec96d66dd07794ec1af3c0bc9cdb89689a160ddd9071a4fbdbb04a2c9,Malware payload
2024-02-01,Payload delivery,tlsh,t152a174ab11291cbc8614c7d699d93e8797ed0053a298ac18bced5f0c92ff8a203659,
2024-02-01,Payload delivery,ssdeep,48:Yxg3SPhJSPdqKkY7EbnlUQl2ihpk6nYK+z9SPmDF4w0dM0tXDSPGo2up9WvseNEQ:QOckBIeKezz9EEEi1vZhYvzsfbudP,
2024-02-01,Other,size-in-bytes,4940,
2024-02-01,Payload delivery,mime-type,application/json,
2024-02-01,Payload delivery,md5,311b9b984b697273d37ce43a5920900b,Malware payload (GCleaner)
2024-02-01,Payload delivery,sha256,5a7e5415c7204924f8f916ebfc57f6d7fc92dc58d41211ad916bb498603db61a,Malware payload (GCleaner)
2024-02-01,Payload delivery,tlsh,t1d6748e0132f5b031e2e75f34493cc7e51a3b786224735d8ee69d2a6a2e3f68185d87,
2024-02-01,Payload delivery,imphash,b0570b42c274fa99648c2e4196fed327,
2024-02-01,Payload delivery,ssdeep,6144:LCmbY6EVNcjDvDeNHsD6GkXH+d44E87svVws:L5bY6En2DLFrED4E+Cws,
2024-02-01,Other,size-in-bytes,359424,
2024-02-01,Payload delivery,mime-type,application/x-dosexec,
2024-02-01,Payload delivery,md5,41776460a785cdfea8ead064329a480e,Malware payload (Smoke Loader)
2024-02-01,Payload delivery,sha256,bd969f91f5cdde0c2ee84cf7d3b35822b39be53990b17ddcae7985eb64d79cb9,Malware payload (Smoke Loader)
2024-02-01,Payload delivery,tlsh,t194545b1032f59031e2e7963045b8d3e52a3bbc6675736d8eda91363a2f37e8186d83,
2024-02-01,Payload delivery,imphash,b0570b42c274fa99648c2e4196fed327,
2024-02-01,Payload delivery,ssdeep,3072:zh66nlJRQ+xqBQ50qibIdkorPp2bm5e9v0ctx61+HoohB6UvTeknvPuv8+1nlmMB:9TjG+xqmHYb9Vx61+HoCvRnvVws,
2024-02-01,Other,size-in-bytes,303104,
2024-02-01,Payload delivery,mime-type,application/x-dosexec,
2024-02-01,Payload delivery,md5,f6f888a7b368e1bf817686ff3c89233f,Malware payload
2024-02-01,Payload delivery,sha256,b77eb3b94040970ef9ce890f92daa6a459ffd70c7133ce16f378cab337eb21f5,Malware payload
2024-02-01,Payload delivery,tlsh,t18ea174eb61291cbcca2987c295d93b8797fc011352a4ec24a89c5f0c93ff97253669,
2024-02-01,Payload delivery,ssdeep,48:Yxg3SPhJSPdqKkY7EbnlUQl2Nhpk6nYK+z1DF4w0dM0tXnGbZ2up9WSgyUfi1vU1:QOrkBhKWbZz9BEi1vUb8pbbYJlP,
2024-02-01,Other,size-in-bytes,5033,
2024-02-01,Payload delivery,mime-type,application/json,
2024-02-01,Payload delivery,md5,fd09ec0ee8e810d3761f7a6c932f7d9f,Malware payload
2024-02-01,Payload delivery,sha256,5dcd44a9086342248824c9e7c6789fe472c99215d90de550820c95e301a08bf7,Malware payload
2024-02-01,Payload delivery,tlsh,t12891b5b716284cbdca2487d795903b87967f4167f0849e68f9e88f0ce0fe1b51136a,
2024-02-01,Payload delivery,ssdeep,48:Yx5AvwlYYwjoKbsJkmnh+0DFU0omOtXxR23p9WtY2UKJ1vybaKqRrC3wxioi8Zdf:YAvwlSGkv0S7U9/2FJ1vu8i8Zfa5E,
2024-02-01,Other,size-in-bytes,4333,
2024-02-01,Payload delivery,mime-type,application/json,
2024-02-01,Payload delivery,md5,12c620e23a6f03900c10511711312384,Malware payload (RiseProStealer)
2024-02-01,Payload delivery,sha256,e50f99acb3c9d5d194b344d71f81d81a0ca97e9f79263fcf6e72025f3cd15282,Malware payload (RiseProStealer)
2024-02-01,Payload delivery,tlsh,t1324533e62216c540e525fbfc09e0606ced3c76aed410920f228b565a4b5c5dfdf2ee,
2024-02-01,Payload delivery,imphash,5ab723dc8d5af21b79dc301ed6a56a64,
2024-02-01,Payload delivery,ssdeep,24576:8Fs89J3avwEyHz0jgCeREG7NCO9WwQRrsiK3ib4hGenr96j:8jr3avwujXeREGZCOYlq3iGjh,
2024-02-01,Other,size-in-bytes,1196032,
2024-02-01,Payload delivery,mime-type,application/x-dosexec,
2024-02-01,Payload delivery,md5,46ee556ee84ad8d3a0331a696f8f4837,Malware payload
2024-02-01,Payload delivery,sha256,cfff26de729102da83cd185f289ae0b335e6fbadadd4f8ba77aca7656348f6f0,Malware payload
2024-02-01,Payload delivery,tlsh,t16484ae1172f5d031e2e39531453cc7f52a7bb8a225339d8eda91263a2f336d19ae83,
2024-02-01,Payload delivery,imphash,b0570b42c274fa99648c2e4196fed327,
2024-02-01,Payload delivery,ssdeep,6144:pN137R2OGItJMpTtcVHwICg29qY44mA1pvVws:p/37R2TIQiZLv4mCws,
2024-02-01,Other,size-in-bytes,392192,
2024-02-01,Payload delivery,mime-type,application/x-dosexec,
2024-02-01,Payload delivery,md5,0beca79767a7e63973f9c5c143964a82,Malware payload
2024-02-01,Payload delivery,sha256,cb65e0a8d2efb7288dc1c95d7db6a3178d95aa16dd2e46a4c20db4e4b9eb88bc,Malware payload
2024-02-01,Payload delivery,tlsh,t1eca1b7ab35650cbcc624c3ea95e23d8757ac0073a0d4ed14e8ac5f5895fe8f1037ea,
2024-02-01,Payload delivery,ssdeep,48:Yxg3SPhJSPdqKkY7EbnlUQl27Rifk/n0+aWblFDF4w0biYtXqlNBT2Hp9Wt0mUx5:QO2kTaGuIT49YMG1veKAiY5,
2024-02-01,Other,size-in-bytes,4842,
2024-02-01,Payload delivery,mime-type,application/json,
2024-02-01,Payload delivery,md5,f5b6d2f2418960c0d4cf495d382cdac4,Malware payload
2024-02-01,Payload delivery,sha256,e9813d6b99210de521d4038327fb98fcdbcc1145712042945143dffa4b83f16e,Malware payload
2024-02-01,Payload delivery,tlsh,t102a1966b31560cbc861487eb98e13e8b97bd00b3a194ec28f4ed5f5896ff8e103759,
2024-02-01,Payload delivery,ssdeep,48:Yxg3SPhJSPdqKkY7EbnlUQl2HRifk/n0+aWKSPmDF4w0biYtXDSPGq2Hp9WcseNk:QOWkTaUeuef49VEMG1vHRAC3Ect,
2024-02-01,Other,size-in-bytes,4922,
2024-02-01,Payload delivery,mime-type,application/json,
2024-02-01,Payload delivery,md5,beabfa87d7d270224045ce71cea73c34,Malware payload
2024-02-01,Payload delivery,sha256,0f9d71538d8052132bfe61685510b4689dab280657472367089d0a4c998ec351,Malware payload
2024-02-01,Payload delivery,tlsh,t1f2918626261c0cbd83394b92a05c7ad76bae027390d4fd2888bd8f4ca5ff2f141769,
2024-02-01,Payload delivery,ssdeep,96:jjppekxq8pVFawTH9o2nTv71vzhHtsIZhppDpOR+:jjppvguFaA9o2nbdhNsIrBOR+,
2024-02-01,Other,size-in-bytes,4215,
2024-02-01,Payload delivery,mime-type,application/json,
2024-02-01,Payload delivery,md5,63c6592c83b1570e205c7bccc626d762,Malware payload
2024-02-01,Payload delivery,sha256,3a008836afd21ebbb55037de1091ca10175f590145ab6a2d0d2aaf16416b16a8,Malware payload
2024-02-01,Payload delivery,tlsh,t11ba1779716685cbccf14c7d740da7aab87ed0053a2a4ac18aded5f0c91ff8b502669,
2024-02-01,Payload delivery,ssdeep,48:Yxg3SPhJSPdqKkY7EbnlUQl23hpk6nYK+zobgDF4w0dM0tXcg/i2up9WXibUfi1o:QO9kBtKCz93Ei1vnfYwwWkP,
2024-02-01,Other,size-in-bytes,4798,
2024-02-01,Payload delivery,mime-type,application/json,
2024-02-01,Payload delivery,md5,643f2d4b4f9381f8a185a5016a3d093d,Malware payload (Stealc)
2024-02-01,Payload delivery,sha256,cac8a1a738edf33d96ef3a3403635892cf66b20a825fb71e9ca56c5dde5c6fdb,Malware payload (Stealc)
2024-02-01,Payload delivery,tlsh,t141547d1032e59035e2eb9530457ccff56a3f786625735d8eea90263a2f3729186e83,
2024-02-01,Payload delivery,imphash,685a2798ec5758e8d584dbcc26c0bfd7,
2024-02-01,Payload delivery,ssdeep,6144:rEk/6uK6HXzuMFWtiKt61+HoNQ4nvVws:rEE6uKEH0tiKU1ko5ws,
2024-02-01,Other,size-in-bytes,303104,
2024-02-01,Payload delivery,mime-type,application/x-dosexec,
2024-02-01,Payload delivery,md5,e6cd102f36b7d48913aa92f68e378091,Malware payload
2024-02-01,Payload delivery,sha256,7ff1a671a043dd939c96cbdae40b4ca8ddc49c23eb23e548b1c2243fdf4eadd7,Malware payload
2024-02-01,Payload delivery,tlsh,t1ba91a5b7162c0cbc8a6487d3a5943bd7467f4167e094ad28b9bc8f08e0fe1f50136b,
2024-02-01,Payload delivery,ssdeep,96:YAvwlDkvQISnya0o9HT2FJ1vltPBiJinE:YAv3Xo9z2FBiJaE,
2024-02-01,Other,size-in-bytes,4329,
2024-02-01,Payload delivery,mime-type,application/json,
2024-02-01,Payload delivery,md5,f31441ccec6340139447875aed6ec655,Malware payload
2024-02-01,Payload delivery,sha256,56730f2ff3bee02f4ebf7f375379d4b311b30045302be56bf17dca37e91b31bd,Malware payload
2024-02-01,Payload delivery,tlsh,t118531909b387d221ca794a75c0e3d51903f2abc72673d68e3d8412d60e92be5de52b,
2024-02-01,Payload delivery,imphash,f34d5f2d4577ed6d9ceec516c1f5a744,
2024-02-01,Payload delivery,ssdeep,768:9u8/1KKQzr3ZalAFs+6mmqc7JCTWxqqS3KGN1VnVTj2fbH:AKdur38aFs8rOMTfqS3nxgH,
2024-02-01,Other,size-in-bytes,62464,
2024-02-01,Payload delivery,mime-type,application/x-dosexec,
2024-02-01,Payload delivery,md5,352fcb604cafb8fdb2930322d47de94b,Malware payload (GuLoader)
2024-02-01,Payload delivery,sha256,7657dcb368e0407b2e2221d100f55448dc5aeaa266fd8bbcc32c615e870c236f,Malware payload (GuLoader)
2024-02-01,Payload delivery,tlsh,t190f533189914e101e00ac1b39b677a7aab743332d6db6ff31f119d9e79f2387a48c9,
2024-02-01,Payload delivery,imphash,671f2a1f8aee14d336bab98fea93d734,
2024-02-01,Payload delivery,ssdeep,98304:5i++qX8iuivYw7Kx0tJI7dKeZICYTTr1jjxhq:gcNuyYw7RtJI7ZZhYTtjC,
2024-02-01,Other,size-in-bytes,3427799,
2024-02-01,Payload delivery,mime-type,application/x-dosexec,
2024-02-01,Payload delivery,md5,4bdb7902e0a0785853e21a1926bdf3ea,Malware payload
2024-02-01,Payload delivery,sha256,56538f6907186819df3bf258fd197e7adfd428fc8cfca38417f65e83465543fc,Malware payload
2024-02-01,Payload delivery,tlsh,t156a174ab31150cbcc52987da94e13f8b87bc00639494ec28a4ac9f5c92ff9f1437a9,
2024-02-01,Payload delivery,ssdeep,48:Yxg3SPhJSPdqKkY7EbnlUQl2bRifk/n0+aWCDF4w0biYtXnQbZ2Hp9WjyUxG1vCs:QOKkTa1uAbZ49bMG1vCb8vbJAksnyp,
2024-02-01,Other,size-in-bytes,5005,
2024-02-01,Payload delivery,mime-type,application/json,
2024-02-01,Payload delivery,md5,419892c6ccf649a1d210c4bd85ad61a7,Malware payload
2024-02-01,Payload delivery,sha256,e96ebe26a06fb4662883defde6a1724506f436f78999793cc050151106cb06d7,Malware payload
2024-02-01,Payload delivery,tlsh,t1b391762561140cbd8628869be0547bf35bfe05a351d4ec28c4be5f5ca0ff6f111b65,
2024-02-01,Payload delivery,ssdeep,96:zOzOj+km7O8ZlOFKiwTH9DnT71vfihHxisoZ5Z762X4+:7PHKT9TTx+RJoDZ76o3,
2024-02-01,Other,size-in-bytes,4262,
2024-02-01,Payload delivery,mime-type,application/json,
2024-02-01,Payload delivery,md5,c4ce421305d38f01f4d9240a14f5be57,Malware payload
2024-02-01,Payload delivery,sha256,d98a4b042203a9a85da74b6d82f824fde8fd857605779c1391ace99b4988676c,Malware payload
2024-02-01,Payload delivery,tlsh,t16191546926085dbdcb94a6d3e8443ad7d76e0053e194ed28d8fddb08e1ef1f10276a,
2024-02-01,Payload delivery,ssdeep,48:YxY6wnKdlpkofn16Ru+FvDF4w0NhtXpk2Kp9Wo6sUHs1vFbvKzRteU3wxioorbwv:qpkocRtxYyH97Ss1vdTHWkNaSx,
2024-02-01,Other,size-in-bytes,4403,
2024-02-01,Payload delivery,mime-type,application/json,
2024-02-01,Payload delivery,md5,21b35d42caf444d38568fc453e9b47e0,Malware payload
2024-02-01,Payload delivery,sha256,831011171192661921029d742e75547319d650f9b6d00a28897886120d6c5e66,Malware payload
2024-02-01,Payload delivery,tlsh,t105b533c2a8337e1ee33367b789056135a4979c276d1c8ebb4590f9e287bdef45084d,
2024-02-01,Payload delivery,imphash,baa93d47220682c04d92f7797d9224ce,
2024-02-01,Payload delivery,ssdeep,49152:YvVGr4w37JTtOTUoibFFnIzVXEPEfTArhe8wqhoBn6LODIuvwWl3vC1KsZJUs7bQ:wor4s1tOTUoUSCCOA8B1UwWl3v8Kc6sa,
2024-02-01,Other,size-in-bytes,2283520,
2024-02-01,Payload delivery,mime-type,application/x-dosexec,
2024-02-01,Payload delivery,md5,95c9e7799bfdb49cd6b97886d504e8f8,Malware payload
2024-02-01,Payload delivery,sha256,4cc0cce87156d1e191975f1b630ed38b0ad0a059f0e311ef342fbefd888223c6,Malware payload
2024-02-01,Payload delivery,tlsh,t1de41dd7dcf29f8e0037db0a088492e2620949e57d6f58e24d9574ee62d7c20acf1b1,
2024-02-01,Payload delivery,ssdeep,48:LGfEFWuJqs9HZNjd+SfprcKyK0hE6S1FtfsC5P3RX5ZWiaoIhSNtH:LGfEFW87jd+Sfpbaq6S1FtfsC5P39Efi,
2024-02-01,Other,size-in-bytes,2219,
2024-02-01,Payload delivery,mime-type,text/plain,
2024-02-01,Payload delivery,md5,3c5aa634906b8524a2e84c623d57ad3a,Malware payload
2024-02-01,Payload delivery,sha256,e3565b334ebacf89ba364f39a8d5e4ed326e4c315a40f8f0bbe4f2e66fc954ba,Malware payload
2024-02-01,Payload delivery,tlsh,t1a0a198ab11681cbd8714c7c255d93a9787ed0113a2a8ac18fced5f0c82ff4b603669,
2024-02-01,Payload delivery,ssdeep,48:Yxg3SPhJSPdqKkY7EbnlUQl2hhpk6nYK+zebDF4w0dM0tX8r82bp9WG9sYUfi1vL:QOfkBAKpg9nEi1v1/Y58P,
2024-02-01,Other,size-in-bytes,4971,
2024-02-01,Payload delivery,mime-type,application/json,
2024-02-01,Payload delivery,md5,7cbb4d037846e16e02411112b16a4e0c,Malware payload
2024-02-01,Payload delivery,sha256,3c5c710481aaaae74659f4db77f069a5aaf9d8c79f58bdb53d7ddb8f6f78f471,Malware payload
2024-02-01,Payload delivery,tlsh,t1f9a195ab15695c7ccb14c7c689c93ac797ed015353a8ac18bded5f0c92ff8b102659,
2024-02-01,Payload delivery,ssdeep,48:Yxg3SPhJSPdqKkY7EbnlUQl2Khpk6nYK+z1DF4w0dM0tXnT2up9WSFo8ZUfi1vAg:QO4kB5KDz9vLEi1vYYY31aoHW1BP,
2024-02-01,Other,size-in-bytes,4874,
2024-02-01,Payload delivery,mime-type,application/json,
2024-02-01,Payload delivery,md5,be0b74822112e49416c81983a7a7bea0,Malware payload (BumbleBee)
2024-02-01,Payload delivery,sha256,a312b5c6af07de7529080d3623978d7178cada58dcc42fbc704f4b1325e98a79,Malware payload (BumbleBee)
2024-02-01,Payload delivery,tlsh,t1b045f022e2921ff4d476917781ab252bbb703e2c0725d377ebc0d2377d927a05b196,
2024-02-01,Payload delivery,imphash,47e01530ad43ec939d1c47709a80a5c6,
2024-02-01,Payload delivery,ssdeep,24576:TxhCe4aaHIzu/q3zSYizOyNZpE6Gy+9nKzhfAQEvksapWsqBA:eh/++Y8b/FOCd,
2024-02-01,Other,size-in-bytes,1223699,
2024-02-01,Payload delivery,mime-type,application/x-dosexec,
2024-02-01,Payload delivery,md5,2499b904abed0fc39e40119f608e56f7,Malware payload (Stealc)
2024-02-01,Payload delivery,sha256,fd7cfbb04225c20524895c1650b35812559c4e18db005bba2e3ffb14eeb7c448,Malware payload (Stealc)
2024-02-01,Payload delivery,tlsh,t1f7547d1132e59031e2e79530497cf7f52a3bb8622533dd8ed690272e2f3768186d8b,
2024-02-01,Payload delivery,imphash,b0570b42c274fa99648c2e4196fed327,
2024-02-01,Payload delivery,ssdeep,6144:GTjG+xqml5UikUACqROGQMs661+HoSISe4ztJvVws:GXG+xqtiRASn1koSIHurws,
2024-02-01,Other,size-in-bytes,306176,
2024-02-01,Payload delivery,mime-type,application/x-dosexec,
2024-02-01,Payload delivery,md5,bfa0172e4e6de92b71771bdf9d875aad,Malware payload (Stealc)
2024-02-01,Payload delivery,sha256,9830e16ab5e4c90fe3d6e275ddc32f7d43e163f44b37cd757365656e4ee90367,Malware payload (Stealc)
2024-02-01,Payload delivery,tlsh,t102648d1132e5d031e2e79631497ccff92a3b78a265335d8eda91263a3f3729186d83,
2024-02-01,Payload delivery,imphash,b0570b42c274fa99648c2e4196fed327,
2024-02-01,Payload delivery,ssdeep,3072:kh66nlJRQ+xqBQ50qibjc/3VOv4Ykr6N38n1C/RZ61+Ho6RX6IhuDfWZzvPuv8+F:UTjG+xqmE0OvG1iRZ61+HoSgfqvVws,
2024-02-01,Other,size-in-bytes,306688,
2024-02-01,Payload delivery,mime-type,application/x-dosexec,
2024-02-01,Payload delivery,md5,69bad5b3fbb5c25358ec0d21c8df4beb,Malware payload
2024-02-01,Payload delivery,sha256,f3cf4d4b29aa2c4596921429053bb34ab4492e9829d9d69f24cf9850c1619561,Malware payload
2024-02-01,Payload delivery,tlsh,t1fda1c7ab35564c7cca1487ee98e53e9b57ad00b3a194ec18b8ed5f4c81ee8f103769,
2024-02-01,Payload delivery,ssdeep,48:Yxg3SPhJSPdqKkY7EbnlUQl2DRifk/n0+aW0DF4w0biYtXnR2Hp9WO8ZUxG1v+bG:QOqkTa1uh49AMG1vSmAn5sA8,
2024-02-01,Other,size-in-bytes,4856,
2024-02-01,Payload delivery,mime-type,application/json,
2024-02-01,Payload delivery,md5,39ce77aa88c5926a44e03cb2f899cdfb,Malware payload
2024-02-01,Payload delivery,sha256,7a980ae81f6100a5990d2dfd865b04e68961658e42d0c4376eb2ccc13a91398d,Malware payload
2024-02-01,Payload delivery,tlsh,t1e191522619385c7cc758c5ca98fc3d4e567e005bf2649c14a6ee8e0ae2ff1f183a65,
2024-02-01,Payload delivery,ssdeep,96:eyCrkYOhDH5R0DWfrfT594ds1Y7g1vUreHTMsgiFESJVJeR:eyCQThr5RIWfrt94ds1Y7FrezMsgiFEb,
2024-02-01,Other,size-in-bytes,4614,
2024-02-01,Payload delivery,mime-type,application/json,
2024-02-01,Payload delivery,md5,da1daa4bd5d542a9b7b9bd5a2e99e935,Malware payload
2024-02-01,Payload delivery,sha256,f15ba6437a5b4fc732949e11d84fda9fbe7c38736e8f06f2f60c077801ebb9b3,Malware payload
2024-02-01,Payload delivery,tlsh,t19f91417522180c7dc73482d6b4557ad767be0267a1d4ac28a8bd4f0cb6ef1f205b59,
2024-02-01,Payload delivery,ssdeep,48:YxCzt2fbZkvnY+Cs+DF4w0nltXPSjeUT2Gp9WnTUd81vdE7b/KcRezbC3wxioork:4bZknCs+w/05TH9I681vdEHAbpZcgJmO,
2024-02-01,Other,size-in-bytes,4248,
2024-02-01,Payload delivery,mime-type,application/json,
2024-02-01,Payload delivery,md5,85b3eca956f4d61a44f31c82dfcde917,Malware payload
2024-02-01,Payload delivery,sha256,4eacf9a21869f0fe88c1dde1bd3d4c3aa6368e82e9d8ba20332ca18532971258,Malware payload
2024-02-01,Payload delivery,tlsh,t1bab533fa68bb1651e20373f7b7756a08a347cdf344d9841f1626fa864b7f430a981d,
2024-02-01,Payload delivery,imphash,baa93d47220682c04d92f7797d9224ce,
2024-02-01,Payload delivery,ssdeep,49152:BcUBj+Y4r4uw1HW/7z9HZGvdzSRSTuAalXgXMhOpiVR:3MXw1E95GvduRSyZlXgCO4,
2024-02-01,Other,size-in-bytes,2280960,
2024-02-01,Payload delivery,mime-type,application/x-dosexec,
2024-02-01,Payload delivery,md5,84f5bc2a2fae3f880a5663ae5dea98d9,Malware payload
2024-02-01,Payload delivery,sha256,25b55d6689135200fb835d405be78380c40ac58660c88c32ee8365bc50970ee0,Malware payload
2024-02-01,Payload delivery,tlsh,t19391439a27095dbcca5496d3e5803ad7c76e0493a198ed2ce9fd9f08e1ff1f00275a,
2024-02-01,Payload delivery,ssdeep,48:YxY6wSdlpkofn16Ru+FkDFU0NhtXeV2Qp9We6T2UHs1vibvKqRteU3wxioLfuUPR:SpkocRtG9U/9K2Ss1veiHLfFPbjx,
2024-02-01,Other,size-in-bytes,4274,
2024-02-01,Payload delivery,mime-type,application/json,
2024-02-01,Payload delivery,md5,1fb20c46f040e9b8a0df52ec418a01ff,Malware payload
2024-02-01,Payload delivery,sha256,a5087e430ba9ba6b33ff0601af42f1636906930671a853c02a95676d1019517a,Malware payload
2024-02-01,Payload delivery,tlsh,t1a8a1a5ab32550cbc86288be795e53e8b47ad01a3b094ed14f4ad4f4c85ff8f5037a9,
2024-02-01,Payload delivery,ssdeep,48:Yxg3SPhJSPdqKkY7EbnlUQl2HRifk/n0+aW/bDF4w0biYtX8rG2xp9WoKsYUxG1L:QOukTakuNe9yMG1vbDAjpKx,
2024-02-01,Other,size-in-bytes,4953,
2024-02-01,Payload delivery,mime-type,application/json,
2024-02-01,Payload delivery,md5,94eb5317b1fd39c3de340b47196e5912,Malware payload
2024-02-01,Payload delivery,sha256,561349d0f26ceb4ec7db92af525cbf37d5a3b84473142aebb191ace49b4d017f,Malware payload
2024-02-01,Payload delivery,tlsh,t114a1746732554d7c8b2487ea94e63a9f47ad00a7a0949c18b5ed4f4c91ff8f10276d,
2024-02-01,Payload delivery,ssdeep,48:Yxg3SPhJSPdqKkY7EbnlUQl22Rifk/n0+aWHbgDF4w0biYtXcgFi2Hp9WoibUxGW:QOxkTaRug49KMG1v5vAU8DL,
2024-02-01,Other,size-in-bytes,4770,
2024-02-01,Payload delivery,mime-type,application/json,
2024-02-01,Payload delivery,md5,9c27fe355acaf07e4739a748646514c4,Malware payload
2024-02-01,Payload delivery,sha256,f36011764be0263b817600a9caa8da1d58d39d322c6d52135727ba52f2e9f9bf,Malware payload
2024-02-01,Payload delivery,tlsh,t159a195ab32550cbc86248be795e53e8b87ad0163a094ec18f4ad4f4c85ff8f5037a9,
2024-02-01,Payload delivery,ssdeep,48:Yxg3SPhJSPdqKkY7EbnlUQl2HRifk/n0+aW/bDF4w0biYtX8rG2xp9WoKsYUxG1p:QOykTakuNe9yMG1vbDA2aU,
2024-02-01,Other,size-in-bytes,4953,
2024-02-01,Payload delivery,mime-type,application/json,
2024-02-01,Payload delivery,md5,2879359332f6bb0dbbc2f6fb278d86a3,Malware payload
2024-02-01,Payload delivery,sha256,5177657b1c06529347e453aea1ce406a00d1567870a3a9b643ba5f689ddd06c3,Malware payload
2024-02-01,Payload delivery,tlsh,t18f91435a36085db9cb9496d3e5943ac7d76e0053e094de2ce8bd9f08e1ff1f10276a,
2024-02-01,Payload delivery,ssdeep,48:YxY6wcdlpkofn16Ru+FvDF4w0NhtXpk2Kp9Wo6sUHs1vFbvKzRteU3wxioorbdOQ:kpkocRtxYyH97Ss1vdTHWQHNvAx,
2024-02-01,Other,size-in-bytes,4403,
2024-02-01,Payload delivery,mime-type,application/json,
2024-02-01,Payload delivery,md5,f90592d09be9821537602d906713228e,Malware payload
2024-02-01,Payload delivery,sha256,333dad6e8ecc7a8403f73e55fa4f4a879be6833ba3c4898a8137176770af720f,Malware payload
2024-02-01,Payload delivery,tlsh,t1bfa1975731550cbcc624c7da94e23e4b57ad0073a1d4ec14e8ad5f5c85fe8f1437aa,
2024-02-01,Payload delivery,ssdeep,48:Yxg3SPhJSPdqKkY7EbnlUQl2HRifk/n0+aWblFDF4w0biYtXqlNBT2Hp9Wt0mUxS:QOekTaGuIT49YMG1veKAMFmVy5,
2024-02-01,Other,size-in-bytes,4832,
2024-02-01,Payload delivery,mime-type,application/json,
2024-02-01,Payload delivery,md5,a856b6a8f5f5a6222216910eb5ac05f0,Malware payload
2024-02-01,Payload delivery,sha256,24650b0d12e5156cb31abfb778c85192c9be8dd3bf970ed425a10db97eb953d2,Malware payload
2024-02-01,Payload delivery,tlsh,t1fb91853662140cbe8628869be4447bf35bee05a391c4ec28d4ae9f5cb1ff5f110765,
2024-02-01,Payload delivery,ssdeep,96:zOzO0+km7O8ZlOFKiwTH9DnT71vfihHxisoZ5wuFb4+:sPHKT9TTx+RJoDRFb3,
2024-02-01,Other,size-in-bytes,4262,
2024-02-01,Payload delivery,mime-type,application/json,
2024-02-01,Payload delivery,md5,b977f35f9f39ffcf208b0f42ff52bd7b,Malware payload (Amadey)
2024-02-01,Payload delivery,sha256,a5e6a6b0c97f7431d1f0e819e34781ccd93e89fe65e3c6edad480bd208044479,Malware payload (Amadey)
2024-02-01,Payload delivery,tlsh,t1ce0523d6323a5881e379f8f385c265904f987ed93a49dd29620b88cd99b00dfdf06e,
2024-02-01,Payload delivery,imphash,7515ecf8c0dfa4d230ad835fe0acb57f,
2024-02-01,Payload delivery,ssdeep,24576:VZmqtYjdkniwQg6icoECgKzP9GTNrUvW/JlNu:LmqtYWnilHoEtKD6ga,
2024-02-01,Other,size-in-bytes,809984,
2024-02-01,Payload delivery,mime-type,application/x-dosexec,
2024-02-01,Payload delivery,md5,746aa81fe38ec83f9119b248934ab1f8,Malware payload
2024-02-01,Payload delivery,sha256,79f8e05d9a80a84df53900829ec9949f98cbd9f36d496bd74433345ed2f3380a,Malware payload
2024-02-01,Payload delivery,tlsh,t129a1965b31551cbc851487ea98e13e8b87ad00a7a1c4ac28b8ed5f5896fe8f1037a9,
2024-02-01,Payload delivery,ssdeep,48:Yxg3SPhJSPdqKkY7EbnlUQl2joRifk/n0+aWKSPmDF4w0biYtXDSPGq2Hp9Wcsek:QOBFkTaUeuef49VEMG1vHRAf0VKyt,
2024-02-01,Other,size-in-bytes,4922,
2024-02-01,Payload delivery,mime-type,application/json,
2024-02-01,Payload delivery,md5,01ea1e386b7b5b1c3c40dafb2b447c92,Malware payload (BumbleBee)
2024-02-01,Payload delivery,sha256,fb2ecbba0e719e3804bd3d81929619f8ac1cf5c75dd9493aecd8f1f40f7ad4f8,Malware payload (BumbleBee)
2024-02-01,Payload delivery,tlsh,t10145e021e6921ff4d477817681ab263bbb307e580324d3b7a7c0d3377d927a45b266,
2024-02-01,Payload delivery,imphash,47e01530ad43ec939d1c47709a80a5c6,
2024-02-01,Payload delivery,ssdeep,24576:SxOU/7+LUu4af1WAiwdwjUWHWQuONnh7AC2Dq+FRPa8DacrDSr:YKVvxa4s0HBacir,
2024-02-01,Other,size-in-bytes,1223174,
2024-02-01,Payload delivery,mime-type,application/x-dosexec,
2024-02-01,Payload delivery,md5,f0d2e948c9af91207cf61b73b1f59fce,Malware payload
2024-02-01,Payload delivery,sha256,2a1da1ccbede21e41e50b7f438812deeefda00e7a54ea53ff42a2dc92d890909,Malware payload
2024-02-01,Payload delivery,tlsh,t118a1759b21692cbcc71487d699d93e9797ed0053a298ac18fced6f0c92ff4a103656,
2024-02-01,Payload delivery,ssdeep,48:Yxg3SPhJSPdqKkY7EbnlUQl2Uhpk6nYK+z9SPmDF4w0dM0tXDSPGo2up9WvseNER:QO6kBIeKezz9EEEi1vZhY9GkYdP,
2024-02-01,Other,size-in-bytes,4940,
2024-02-01,Payload delivery,mime-type,application/json,
2024-02-01,Payload delivery,md5,8dd9cac6df2745713377fed3bfcb27f3,Malware payload
2024-02-01,Payload delivery,sha256,2aea193b26426d43d3996b853c9337818d80402002091df723bc2c2c4172b379,Malware payload
2024-02-01,Payload delivery,tlsh,t1e841dc7ccf79f8e0037db0a088492e2620949e57d6f58e24d9574ee62d7c20adf2b1,
2024-02-01,Payload delivery,ssdeep,48:LGfEFWuJqs9HZNjd+SfprcKyK0hE6S1FtfsC5P3RX5ZWiaoIhSNtv:LGfEFW87jd+Sfpbaq6S1FtfsC5P39Ef6,
2024-02-01,Other,size-in-bytes,2219,
2024-02-01,Payload delivery,mime-type,text/plain,
2024-02-01,Payload delivery,md5,983ddbbca1337855e9f00df18a070cf0,Malware payload
2024-02-01,Payload delivery,sha256,4eb948403e9c998207b0ce664dd3cc160dd0bc116cb81b992b1f166461794f11,Malware payload
2024-02-01,Payload delivery,tlsh,t1f6a1a5ab55395cbccb10c7c295c93a8797ed0153a3a8ac14bded5f0c82fe4b202259,
2024-02-01,Payload delivery,ssdeep,48:Yxg3SPhJSPdqKkY7EbnlUQl2ghpk6nYK+z1DF4w0dM0tXnT2up9WSFo8ZUfi1vAm:QOykB5KDz9vLEi1vYYYzyJpP,
2024-02-01,Other,size-in-bytes,4884,
2024-02-01,Payload delivery,mime-type,application/json,
2024-02-01,Payload delivery,md5,bd24e4a0c9f4a830e9507419165ac47c,Malware payload
2024-02-01,Payload delivery,sha256,e3aff91cad3861527c947f28520f2d4045636b03df1f8a0145c78edc0da095e0,Malware payload
2024-02-01,Payload delivery,tlsh,t11b91879a26094dbdca54d6d3e95036d7877e1053b098dd2ce4fd9f08e1ef1f04276a,
2024-02-01,Payload delivery,ssdeep,48:YxY6wgdlpkofn16Ru+FzvDFU0NhtXN3rm/2xp9WhHp6Y2UHs1vhmObvK3moRteUe:4pkocRtp9hEA9Sr2Ss1vhPMeHL0gDx,
2024-02-01,Other,size-in-bytes,4274,
2024-02-01,Payload delivery,mime-type,application/json,
2024-02-01,Payload delivery,md5,88a4df61cce7e5975423f783cc873d7f,Malware payload (Smoke Loader)
2024-02-01,Payload delivery,sha256,ed1d83d1de27fb4255166c51989afa961508d8205cf89657f9066658b9e93abe,Malware payload (Smoke Loader)
2024-02-01,Payload delivery,tlsh,t10f546c1072e5a031e2e75631497cc3f52e3bbc6266335d8ede91262a2f3768186d8f,
2024-02-01,Payload delivery,imphash,b0570b42c274fa99648c2e4196fed327,
2024-02-01,Payload delivery,ssdeep,3072:zh66nlJRQ+xqBQ50qib+D9hJxucdQB1OReMt61+Hoohd6nPcfBqvPuv8+1nlmMB:9TjG+xqmjJhCwft61+HoRcZqvVws,
2024-02-01,Other,size-in-bytes,303104,
2024-02-01,Payload delivery,mime-type,application/x-dosexec,
2024-02-01,Payload delivery,md5,3fc986e4c172c2e02b775e9af75ff11a,Malware payload
2024-02-01,Payload delivery,sha256,711471eb85c5a0e5804e5ff94184d112574835af0275900106a36baa0fbd93c8,Malware payload
2024-02-01,Payload delivery,tlsh,t19191b4b716284cacca2487d396903b9757bf4167f0849e68b9ac8f0ce0fe1f51136a,
2024-02-01,Payload delivery,ssdeep,48:Yx5AvwlYYwx1KbsJkmnh+0DFU0omOtXxR23p9WtY2UKJ1vybaKqRrC3wxioiZVqC:YAvwlk7kv0S7U9/2FJ1vu8inqVE,
2024-02-01,Other,size-in-bytes,4323,
2024-02-01,Payload delivery,mime-type,application/json,
2024-02-01,Payload delivery,md5,c5c7eb9f76f437b2a1191a9338e24b98,Malware payload
2024-02-01,Payload delivery,sha256,f17d63a1abcb3aa058c7181b3ceb2301e3df488f47bf397aef01f134a97868a8,Malware payload
2024-02-01,Payload delivery,tlsh,t1c29164aa26095dbcc65496d3d9503ad7876e1493b198ed2cd8fc9f08f1ef1f002759,
2024-02-01,Payload delivery,ssdeep,48:YxY6wDdlpkofn16Ru+FkDFU0NhtXeV2Qp9We6T2UHs1vibvKqRteU3wxioLiGRVx:rpkocRtG9U/9K2Ss1veiHLiGjx,
2024-02-01,Other,size-in-bytes,4284,
2024-02-01,Payload delivery,mime-type,application/json,
2024-02-01,Payload delivery,md5,2f8c39bb0a6f06612a1dd5f4058f7f6b,Malware payload
2024-02-01,Payload delivery,sha256,115299aeca718de1b3d0b60b13c93b7c4f426421b75590a965921c45826c0617,Malware payload
2024-02-01,Payload delivery,tlsh,t1dd91426619386c7cc758c8ca98fc3d4e567e005bf1649c18a6de8e0ae2ff1f183a65,
2024-02-01,Payload delivery,ssdeep,96:ey9rkYOhDH5R0DWfrfT594ds1Y7g1vUreHTMsgiFEkLnJzJeR:ey9QThr5RIWfrt94ds1Y7FrezMsgiFEZ,
2024-02-01,Other,size-in-bytes,4614,
2024-02-01,Payload delivery,mime-type,application/json,
2024-02-01,Payload delivery,md5,fcd40c73492aa5e43642fcc75384cd2d,Malware payload
2024-02-01,Payload delivery,sha256,301aab9caba8b52dd3e069cf006cf42e93bfdc65a82b9287b38296b993b02ce0,Malware payload
2024-02-01,Payload delivery,tlsh,t192a1879712585cbccf14c7d754da3aab87ed0013a2a8ac24eded5f0c91ff9b502669,
2024-02-01,Payload delivery,ssdeep,48:Yxg3SPhJSPdqKkY7EbnlUQl2Whpk6nYK+zobgDF4w0dM0tXcg/i2up9WXibUfi1t:QOgkBtKCz93Ei1vnfYCFvVP,
2024-02-01,Other,size-in-bytes,4788,
2024-02-01,Payload delivery,mime-type,application/json,
2024-02-01,Payload delivery,md5,99a92ed78f5ba67227e6abb89f5c9008,Malware payload
2024-02-01,Payload delivery,sha256,beffbf8457785683e7564544da41fb5052c419b7044966c3d68dc2d69be36e00,Malware payload
2024-02-01,Payload delivery,tlsh,t1b491749a26085dbcca5496e3d5803ad7876e0493b094ed2cd8fd9f08f1ef1f00275a,
2024-02-01,Payload delivery,ssdeep,48:YxY6wxrGdlpkofn16Ru+FkDFU0NhtXeV2Qp9We6T2UHs1vibvKqRteU3wxioLiOV:8pkocRtG9U/9K2Ss1veiHLz8mmEx,
2024-02-01,Other,size-in-bytes,4274,
2024-02-01,Payload delivery,mime-type,application/json,
2024-02-01,Payload delivery,md5,78fcb278af5ab8123487837c79deddb2,Malware payload
2024-02-01,Payload delivery,sha256,793fe70e8b70e8fdbc6d946cec19c118541631fb19ff33dec53f4a7497d823fb,Malware payload
2024-02-01,Payload delivery,tlsh,t14cb533e997f3c566c1eb03f6b1835b32b2a3ee8381099d1ab441f5894b7e2b5814fd,
2024-02-01,Payload delivery,imphash,baa93d47220682c04d92f7797d9224ce,
2024-02-01,Payload delivery,ssdeep,49152:BoZP4AB7TZcR6D5jKkX3GbuLg8qB8DFYqs6BQQYV3+HXWlsnC5ZJEp:hAB7lcgpKkn/k8pFYpsQxkWlscZJEp,
2024-02-01,Other,size-in-bytes,2300928,
2024-02-01,Payload delivery,mime-type,application/x-dosexec,
2024-02-01,Payload delivery,md5,632ac1aed6c99a1634b065cc3a248785,Malware payload
2024-02-01,Payload delivery,sha256,ed4770fb972a4b3a3d8beef09c2d32ff1759fdb9a40583480e453a6289d65e0a,Malware payload
2024-02-01,Payload delivery,tlsh,t16591b6b7162c4cbc8a2487d399943bd7567f4167e084ad68b9bc8f0ce0fe1f11136a,
2024-02-01,Payload delivery,ssdeep,96:YAvwlfkvQISnya0o9HT2FJ1vltPBiHwZnE:YAvrXo9z2FBiHsE,
2024-02-01,Other,size-in-bytes,4329,
2024-02-01,Payload delivery,mime-type,application/json,
2024-02-01,Payload delivery,md5,d65ea0f8b682705c574e243069a46d43,Malware payload
2024-02-01,Payload delivery,sha256,9f636542409ae3a2a30e205aa7d00187b06fa0391f7aac611b9acf82b3155016,Malware payload
2024-02-01,Payload delivery,tlsh,t158a1c86b31664c7cca2487db98d13e8b57ad01b3a194ec18b9bd5f4c91ef4f103769,
2024-02-01,Payload delivery,ssdeep,48:Yxg3SPhJSPdqKkY7EbnlUQl2ZpRifk/n0+aW0DF4w0biYtXnR2Hp9WO8ZUxG1v+A:QOikTa1uh49AMG1vSmA+VN,
2024-02-01,Other,size-in-bytes,4856,
2024-02-01,Payload delivery,mime-type,application/json,
2024-02-01,Payload delivery,md5,d6f37218db5e9f5eaa607641371861b0,Malware payload
2024-02-01,Payload delivery,sha256,8de0eeb520e31f27f81b2c5fe1792f76e080fd81fa8d15713b4b62a6d023d2ff,Malware payload
2024-02-01,Payload delivery,tlsh,t17c9185e671155eb8c51fc9ee96a938cfcabd011390705c1ce5ae4b4b88fe1b51323e,
2024-02-01,Payload delivery,ssdeep,96:XGB9k0yan4wgaBSQcsTN9+BMOy0G1vRctHsz9UAeGguDnVXr:d0049rVGmlguh,
2024-02-01,Other,size-in-bytes,4529,
2024-02-01,Payload delivery,mime-type,application/json,
2024-02-01,Payload delivery,md5,6e4b77573ee5f4ea02bdb5adc0c1573f,Malware payload
2024-02-01,Payload delivery,sha256,1d7456960f7828b6de156afd400780fcd5f0ad7c1c870704bf0cce097a5c215a,Malware payload
2024-02-01,Payload delivery,tlsh,t15fd4234a9d476a29efd49b309918821d1197ef33beb4d3570340b61f637fa872c66c,
2024-02-01,Payload delivery,imphash,af02ce4a4548e322a95ca15cb9608683,
2024-02-01,Payload delivery,ssdeep,12288:8HLUMuiv9RgfSjAzRty26xGJeMTE3Z2ap4srKWLZD:WtARD6EAMC410,
2024-02-01,Other,size-in-bytes,599152,
2024-02-01,Payload delivery,mime-type,application/x-dosexec,
2024-02-01,Payload delivery,md5,20453f45b68814b5eeb8b0e4a17868f0,Malware payload
2024-02-01,Payload delivery,sha256,be40a72b5c67f9c9112962a3134583db1058ee95ff03ecd76cebfc0ad2fdc136,Malware payload
2024-02-01,Payload delivery,tlsh,t12da184eb61291cbccb14c7c690d93b8796fc01135294ec24a8ac5b0cd3ff97152669,
2024-02-01,Payload delivery,ssdeep,48:Yxg3SPhJSPdqKkY7EbnlUQl2Uhpk6nYK+z1DF4w0dM0tXnGbZ2up9WSgyUfi1vUn:QOikBhKWbZz9BEi1vUb8pbbY63nIP,
2024-02-01,Other,size-in-bytes,5022,
2024-02-01,Payload delivery,mime-type,application/json,
2024-02-01,Payload delivery,md5,82ff421147b73171ff123e56af690e3d,Malware payload
2024-02-01,Payload delivery,sha256,8cf9e3279c9a11844c497c33cbfe68d0219f4f0932a07f3e3ccd2f80def1241a,Malware payload
2024-02-01,Payload delivery,tlsh,t1eda1a8ab15691cbc8714cbc355d93a8387ed0113a2a8ac14fced5f0c82ff9b503669,
2024-02-01,Payload delivery,ssdeep,48:Yxg3SPhJSPdqKkY7EbnlUQl2Shpk6nYK+zebDF4w0dM0tX8r82bp9WG9sYUfi1vX:QOIkBAKpg9nEi1v1/YEi5aP,
2024-02-01,Other,size-in-bytes,4971,
2024-02-01,Payload delivery,mime-type,application/json,
2024-02-01,Payload delivery,md5,805d9f43032036eb2d536ab4858b4e42,Malware payload (BumbleBee)
2024-02-01,Payload delivery,sha256,8cd36e9eb612b9d2149f9cc2a0d9ebc234289ac60d2d90b6d12b977e22bd55a3,Malware payload (BumbleBee)
2024-02-01,Payload delivery,tlsh,t10745f011e2920ff4c472517781ab262bb7747e584325d3bbebd0d2373d927a09b19b,
2024-02-01,Payload delivery,imphash,47e01530ad43ec939d1c47709a80a5c6,
2024-02-01,Payload delivery,ssdeep,24576:hurBQwSCJul5A16u4B43RcGO6KH4uDcYM8wjUPdPL3pPAgMCw0wBR1UAdp:j0iB+3QZYPsaCw0W4o,
2024-02-01,Other,size-in-bytes,1223182,
2024-02-01,Payload delivery,mime-type,application/x-dosexec,
2024-02-01,Payload delivery,md5,b8650108ea52352013f4e799ac35edd7,Malware payload
2024-02-01,Payload delivery,sha256,551b1ff23031487ff3c80101186bd254ecb5ec73e35325ad232763d0d5ca6e3e,Malware payload
2024-02-01,Payload delivery,tlsh,t11ca1b7ab35654cbcc524c7ea94e23e8757ad0073a1d4ed14a8ac5f5c85ee8f1037ea,
2024-02-01,Payload delivery,ssdeep,48:Yxg3SPhJSPdqKkY7EbnlUQl2eRifk/n0+aWblFDF4w0biYtXqlNBT2Hp9Wt0mUx9:QO5kTaGuIT49YMG1veKAvYHYr,
2024-02-01,Other,size-in-bytes,4832,
2024-02-01,Payload delivery,mime-type,application/json,
2024-02-01,Payload delivery,md5,db9717d21019c9571b456a6ddeb692c4,Malware payload
2024-02-01,Payload delivery,sha256,1bdc8fc9d1de7215a87a2d0c4a8f5bf9bb57de2b3c26e5e5610789d05fd9b6ff,Malware payload
2024-02-01,Payload delivery,tlsh,t1ba53090d77cb9325c99a0bb580e3c41507f2eb8b65b3db8e398512c54e227d5cec27,
2024-02-01,Payload delivery,imphash,f34d5f2d4577ed6d9ceec516c1f5a744,
2024-02-01,Payload delivery,ssdeep,768:nkcV8/15WdCS/wSwB0CvnrlRvS0O5W7XKxk2Tb82+1Ysa6KykDamsnR8Hs2VtUw0:tVKO4fShQbSr5yixJsKyOaT89+jF,
2024-02-01,Other,size-in-bytes,62976,
2024-02-01,Payload delivery,mime-type,application/x-dosexec,
2024-02-01,Payload delivery,md5,0819bc4d44e088e271dc88eafc97e725,Malware payload
2024-02-01,Payload delivery,sha256,a18b7b1ddb00a45aa5372d7062915f2385873a970aaae1b4534ee17f1f9281b6,Malware payload
2024-02-01,Payload delivery,tlsh,t1c191847262180c7e873486c7a4557ad767be0267a0d4ec28a8fd4f0ca6ff1f205b55,
2024-02-01,Payload delivery,ssdeep,96:lbZknCs+w/05TH9I681vdEHAbpZcLOJMO:lb21R0B9I6KEgbp+LOmO,
2024-02-01,Other,size-in-bytes,4238,
2024-02-01,Payload delivery,mime-type,application/json,
2024-02-01,Payload delivery,md5,7f27dffc4849e522b14a51e1b52afccb,Malware payload (GuLoader)
2024-02-01,Payload delivery,sha256,08445c2b317712ade69280eaa147c8a60637b0899f496df8fcc4e5d907948bf4,Malware payload (GuLoader)
2024-02-01,Payload delivery,tlsh,t1dbf533286508502af102c5b39f57366beb69b322ded79ff10f51ab136ef7223a44c5,
2024-02-01,Payload delivery,imphash,671f2a1f8aee14d336bab98fea93d734,
2024-02-01,Payload delivery,ssdeep,98304:Vi++qX8iuivYw7Kx0tJI7dKeZICIFTEzdzdk9f:scNuyYw7RtJI7ZZhIFTiK,
2024-02-01,Other,size-in-bytes,3427878,
2024-02-01,Payload delivery,mime-type,application/x-dosexec,
2024-02-01,Payload delivery,md5,974742e6d26a9cb8689e3c7d872e6a59,Malware payload (Stealc)
2024-02-01,Payload delivery,sha256,b3eab71ad701ef5b16ded619eb71d9c263c7e25e98cfa13d8e956a218adb97ae,Malware payload (Stealc)
2024-02-01,Payload delivery,tlsh,t1d3547d1132e5d031e2e75630497ce7f52a3bb86226335d8edb91e62a2f37281d6d83,
2024-02-01,Payload delivery,imphash,b0570b42c274fa99648c2e4196fed327,
2024-02-01,Payload delivery,ssdeep,3072:Hh66nlJRQ+xqBQ50qibQh9SeyviuoX/5IW61+HoX5U6krQpQvPuv8+1nlmMB:BTjG+xqmLhEeuiuoXiW61+Ho0WQvVws,
2024-02-01,Other,size-in-bytes,303616,
2024-02-01,Payload delivery,mime-type,application/x-dosexec,
2024-02-01,Payload delivery,md5,ccc557ab51926d1a0e8bb4f80693350c,Malware payload
2024-02-01,Payload delivery,sha256,0032f37cb73c0253903ea20adb1a59fe4930bfed514526ec3a462abadcf0af5e,Malware payload
2024-02-01,Payload delivery,tlsh,t1eea1659f11691cbc8b1487d699d93e8797ed0053a298ac18fcad5f0c92fe8b143659,
2024-02-01,Payload delivery,ssdeep,48:Yxg3SPhJSPdqKkY7EbnlUQl2ihpk6nYK+z9SPmDF4w0dM0tXDSPGo2up9WvseNEC:QOkkBIeKezz9EEEi1vZhYMJ9ydP,
2024-02-01,Other,size-in-bytes,4940,
2024-02-01,Payload delivery,mime-type,application/json,
2024-02-01,Payload delivery,md5,08beddbcb2e1692c9531719c25f46820,Malware payload
2024-02-01,Payload delivery,sha256,3334e20005703778cc058bd511da7d5d5abbd8441697d0314792cd9096e9fdd3,Malware payload
2024-02-01,Payload delivery,tlsh,t10da185eb65651cbcc718c7c690d93b8797fc011352a8ec24acac5b0c83fe97213669,
2024-02-01,Payload delivery,ssdeep,48:Yxg3SPhJSPdqKkY7EbnlUQl2Ahpk6nYK+z1DF4w0dM0tXnGbZ2up9WSgyUfi1vUY:QOukBhKWbZz9BEi1vUb8pbbYJiz8O5P,
2024-02-01,Other,size-in-bytes,5023,
2024-02-01,Payload delivery,mime-type,application/json,
2024-02-01,Payload delivery,md5,eec90a6650094fc8a66e9af0113fc8ce,Malware payload
2024-02-01,Payload delivery,sha256,d66dd2de769ecd1f0f848cf5d470ed6c569c3d8bbdae28c1a7f45cc874a1754c,Malware payload
2024-02-01,Payload delivery,tlsh,t165b533f18276a6ece2036f3e33495a162257be87631392b845d9fa15c3fd87742e2d,
2024-02-01,Payload delivery,imphash,baa93d47220682c04d92f7797d9224ce,
2024-02-01,Payload delivery,ssdeep,49152:jLyZgEXUUB8fd/bZ3u80fJqZJ3fflYQYG7vZ0kmlNxBvTvMcKSI:jOymUgOzlJ00f3ffu5NLvTUc,
2024-02-01,Other,size-in-bytes,2323968,
2024-02-01,Payload delivery,mime-type,application/x-dosexec,
2024-02-01,Payload delivery,md5,53e70f320f0695f3047494ebbf2077a8,Malware payload (RiseProStealer)
2024-02-01,Payload delivery,sha256,689bbf1b5af985d561780abcf17280c46073b623828ead63d1882b79531888ff,Malware payload (RiseProStealer)
2024-02-01,Payload delivery,tlsh,t1cf4523fa4126c214ca71b9f50c8c65ad9adc7df889209f06790f109ac855edfaf1fc,
2024-02-01,Payload delivery,imphash,5ab723dc8d5af21b79dc301ed6a56a64,
2024-02-01,Payload delivery,ssdeep,24576:RMggwRPV7ZpGQNEjUwQksiK34+AXcXpZbmNrUvW/Jwm2ioxfw:ijGPZ7Nll13pACpZSgaiLiox4,
2024-02-01,Other,size-in-bytes,1195008,
2024-02-01,Payload delivery,mime-type,application/x-dosexec,
2024-02-01,Payload delivery,md5,f2676ea250de972076b79913ffa7fbb8,Malware payload (Ransomware.Stop)
2024-02-01,Payload delivery,sha256,fd08b9700202aa287b81b86e098983283a1bac60d3246397e48a35d07ea7fe22,Malware payload (Ransomware.Stop)
2024-02-01,Payload delivery,tlsh,t1b005e01032e4d031e2f35a31ed6c96f52b7b786235334d8ef69127262f3668299e87,
2024-02-01,Payload delivery,imphash,b0570b42c274fa99648c2e4196fed327,
2024-02-01,Payload delivery,ssdeep,12288:csaCCG1t2SJ0uT2gszaWjkCI+e9KVmkcU/09xM19+uE+3jf3wptt0ws:Z1vqRaWgC69jkt0LzuvjotSw,
2024-02-01,Other,size-in-bytes,844288,
2024-02-01,Payload delivery,mime-type,application/x-dosexec,
2024-02-01,Payload delivery,md5,341b1d761df6660dde91adeec7570229,Malware payload
2024-02-01,Payload delivery,sha256,c4ce99bd769976409278d8645299fe0774c28cf24b07c7b7924f67eebb13e5e4,Malware payload
2024-02-01,Payload delivery,tlsh,t1c59163aa26085dbdcb9496d3e5843ad7876e1053e094dd2ce4fd8b08a2ff1f10276a,
2024-02-01,Payload delivery,ssdeep,48:YxY6wFdlpkofn16Ru+FvDF4w0NhtXpk2Kp9Wo6sUHs1vFbvKzRteU3wxioorbuUk:lpkocRtxYyH97Ss1vdTHWFOjx,
2024-02-01,Other,size-in-bytes,4413,
2024-02-01,Payload delivery,mime-type,application/json,
2024-02-01,Payload delivery,md5,cf1a67650c020537c07838743ebe6a7a,Malware payload
2024-02-01,Payload delivery,sha256,70fa2c68e183898a0795d708cb87dd5a7104c45a535fbe445448c64fe2717450,Malware payload
2024-02-01,Payload delivery,tlsh,t198f4f11072f49032e2e75a31593cc3e4aafb7862a5735d8eda81173a2f3738186d97,
2024-02-01,Payload delivery,imphash,b0570b42c274fa99648c2e4196fed327,
2024-02-01,Payload delivery,ssdeep,12288:n+SXfJW+TKEhqJFQlL5ZDAfCNCVQBVRQwE3N+j+bwrkKzReUigg160/QOmkzOwML:tWAKEhg8LDA2bQNRS9ob15NzOJaSDVw,
2024-02-01,Other,size-in-bytes,770560,
2024-02-01,Payload delivery,mime-type,application/x-dosexec,
2024-02-01,Payload delivery,md5,d9a31166f7a10e0310ea26e968263620,Malware payload
2024-02-01,Payload delivery,sha256,f88344b5d59f188c4e35d7253583a286fb31f50f637518389095c9d6d39e1021,Malware payload
2024-02-01,Payload delivery,tlsh,t146a1849732554c7c8b2487ea94f63a9f47ad0073a494ac24a9ad5f4c91ff8f10266d,
2024-02-01,Payload delivery,ssdeep,48:Yxg3SPhJSPdqKkY7EbnlUQl2iRifk/n0+aWHbgDF4w0biYtXcgFi2Hp9WoibUxGH:QOdkTaRug49KMG1v5vA0Z,
2024-02-01,Other,size-in-bytes,4769,
2024-02-01,Payload delivery,mime-type,application/json,
2024-02-01,Payload delivery,md5,60d64dec34479c3fc24326d0bb00f6f2,Malware payload
2024-02-01,Payload delivery,sha256,4bc55a0903c18ecd207a708a3267d30d32c0e880dd38357e26eb2d068cbe8a60,Malware payload
2024-02-01,Payload delivery,tlsh,t158a1855b31551cacc51487eb98e53e9b87bd00a3a1c4ac18b8dd5f4ca6ff8f103769,
2024-02-01,Payload delivery,ssdeep,48:Yxg3SPhJSPdqKkY7EbnlUQl2oRifk/n0+aWKSPmDF4w0biYtXDSPGq2Hp9WcseNF:QO7kTaUeuef49VEMG1vHRAq+xt,
2024-02-01,Other,size-in-bytes,4932,
2024-02-01,Payload delivery,mime-type,application/json,
2024-02-01,Payload delivery,md5,4f5305e79641cbab2ef206d6087b1005,Malware payload
2024-02-01,Payload delivery,sha256,fda2bc51793f6b97da43b30d0a75b08f28459390e4f214d8338be6fa789d4e84,Malware payload
2024-02-01,Payload delivery,tlsh,t1e4a174ab31550cbcc62987da94e53f8b97bc01639494ec28a49c9f5892ff8f1437ad,
2024-02-01,Payload delivery,ssdeep,48:Yxg3SPhJSPdqKkY7EbnlUQl2iRifk/n0+aWCDF4w0biYtXnQbZ2Hp9WjyUxG1vCd:QOlkTa1uAbZ49bMG1vCb8vbJAIb0,
2024-02-01,Other,size-in-bytes,5005,
2024-02-01,Payload delivery,mime-type,application/json,
2024-02-01,Payload delivery,md5,c38831cc975b39108fcf529737f417d0,Malware payload
2024-02-01,Payload delivery,sha256,31ffeb0c1c3dd1ff89a3032ffc1f874f451b9ff5d52c568a8a44665ad124e535,Malware payload
2024-02-01,Payload delivery,tlsh,t1819164aa26095dbdca5496e3e4903ad7876e1093f098dd2ce4fd9f08e1ef1f04276a,
2024-02-01,Payload delivery,ssdeep,48:YxY6w2dlpkofn16Ru+FzvDFU0NhtXN3rm/2xp9WhHp6Y2UHs1vhmObvK3moRteUV:WpkocRtp9hEA9Sr2Ss1vhPMeHLGhx,
2024-02-01,Other,size-in-bytes,4274,
2024-02-01,Payload delivery,mime-type,application/json,
2024-02-01,Payload delivery,md5,2175ac0c551cf53b98e52458190384b2,Malware payload (RiseProStealer)
2024-02-01,Payload delivery,sha256,7afe83903c6197094442df452e507adcf75d78175848d71102677120a1aa3d3c,Malware payload (RiseProStealer)
2024-02-01,Payload delivery,tlsh,t19b4533b4c316a57dc410e0bb8ac525410f6c7746a248754253ffb9fad8a2b8eb358e,
2024-02-01,Payload delivery,imphash,5ab723dc8d5af21b79dc301ed6a56a64,
2024-02-01,Payload delivery,ssdeep,24576:/sb0OXSjJl/VbUSweaMu+WKwQCRHW/nSBoeBGn6nV/q:Ub0OXsUeuklCR2/SBo7i/,
2024-02-01,Other,size-in-bytes,1195008,
2024-02-01,Payload delivery,mime-type,application/x-dosexec,
2024-02-01,Payload delivery,md5,26f1d74e07ac27f073fd3c5f86679247,Malware payload
2024-02-01,Payload delivery,sha256,a3b527dbfccab172aae45ff174d296c9df1e518bca1e2706c9547f257ac3bb09,Malware payload
2024-02-01,Payload delivery,tlsh,t184a197ab25695cbccb24c7c655c63e8797ed005363e4ad14ecac5f0c91fe8b1427aa,
2024-02-01,Payload delivery,ssdeep,48:Yxg3SPhJSPdqKkY7EbnlUQl2Xhpk6nYK+zMlFDF4w0dM0tXqlNjT2up9WMTv0mU2:QONkB6KoTz9DEi1vgQYVKH1BP,
2024-02-01,Other,size-in-bytes,4860,
2024-02-01,Payload delivery,mime-type,application/json,
2024-02-01,Payload delivery,md5,79a1514ad7d7f1478679cf650d18cdd0,Malware payload (AgentTesla)
2024-02-01,Payload delivery,sha256,f95262165f9afdd1f502b629aaeb753e75bd91d4b743f829af52d4e7cdfa45f8,Malware payload (AgentTesla)
2024-02-01,Payload delivery,tlsh,t176f4125613e94b62da7d87f8246051200bf7b99d7522e38d2fc560ed1a32b80cb4ab,
2024-02-01,Payload delivery,imphash,f34d5f2d4577ed6d9ceec516c1f5a744,
2024-02-01,Payload delivery,ssdeep,12288:AN8Ard53rD22qx+6Tk3x0pp6uIU9WzHGqf5YmMjJ1eOZAvJxuRDo7TMMttwhHUc:AaA3rDIIsu0pAKyBojixAUoU,
2024-02-01,Other,size-in-bytes,769536,
2024-02-01,Payload delivery,mime-type,application/x-dosexec,
2024-02-01,Payload delivery,md5,7f17440f8135ed0e8040a7f189e675b0,Malware payload
2024-02-01,Payload delivery,sha256,ab2365c0914490ac4ea8a220530795c7d4fc91e27459799e21655cd8d86fc483,Malware payload
2024-02-01,Payload delivery,tlsh,t1a2a187ab15681cbcc714c7c295d93a9387ed0153a2a8ad18fced5f0c92ff4a603669,
2024-02-01,Payload delivery,ssdeep,48:Yxg3SPhJSPdqKkY7EbnlUQl2Bhpk6nYK+zebDF4w0dM0tX8r82bp9WG9sYUfi1vf:QOXkBAKpg9nEi1v1/YvXkHP,
2024-02-01,Other,size-in-bytes,4970,
2024-02-01,Payload delivery,mime-type,application/json,
2024-02-01,Payload delivery,md5,39c1d87b27dca9a0e1f7085679371dfa,Malware payload
2024-02-01,Payload delivery,sha256,fd35e76b6b20e0a0aa4b99201446dbe247374a8af77a1ff450e0c718f9621448,Malware payload
2024-02-01,Payload delivery,tlsh,t17291532625386d7cc758c5ca94fc3d4f567d105bf2649c14a5de8e0ae2ff1f183a61,
2024-02-01,Payload delivery,ssdeep,96:eyBrkYOhDH5R0DWfrfT594ds1Y7g1vUreHTMsgiFEySBJeR:eyBQThr5RIWfrt94ds1Y7FrezMsgiFEK,
2024-02-01,Other,size-in-bytes,4624,
2024-02-01,Payload delivery,mime-type,application/json,
2024-02-01,Payload delivery,md5,9c1282f5f0c75f4bfb82b562279a5d76,Malware payload
2024-02-01,Payload delivery,sha256,80e9267eb79cd4d8462995b0b9a06b79f3a22284babd98eee97f34c50d6a3f8b,Malware payload
2024-02-01,Payload delivery,tlsh,t16cf14300db8b61fef40486b44265ae33e23cda094c5c8f74ea25ef679567d09b8c68,
2024-02-01,Payload delivery,ssdeep,48:7I9HOkJPDXrmKSxqxl1/SbcnqMeRSqHfFkrHkL94SqMV7nOYKl0IK+ppobYLQTnu:VkJbYwNSbcxo/AkL94ShlxGKetjJxs+,
2024-02-01,Other,size-in-bytes,8192,
2024-02-01,Payload delivery,mime-type,application/x-dosexec,
2024-02-01,Payload delivery,md5,1ab2c1e08de2d2128348ef98b668f62b,Malware payload
2024-02-01,Payload delivery,sha256,17f69573f3c2ff08f177789ad540ef39e84946dd3156a5109dcc05f1f8850ede,Malware payload
2024-02-01,Payload delivery,tlsh,t159a195ab11295cbccb14c7c699c93ad757ed015393a8ac14fded6f0c82fe8b142659,
2024-02-01,Payload delivery,ssdeep,48:Yxg3SPhJSPdqKkY7EbnlUQl2Khpk6nYK+z1DF4w0dM0tXnT2up9WSFo8ZUfi1vAZ:QO4kB5KDz9vLEi1vYYY1uUVP,
2024-02-01,Other,size-in-bytes,4874,
2024-02-01,Payload delivery,mime-type,application/json,
2024-02-01,Payload delivery,md5,fe01d597dfaa3d6ca160d21b3e085428,Malware payload
2024-02-01,Payload delivery,sha256,0eaccffdd40e894fca562dabed3c0d5238b6eee828af489d8933b4d86044b3be,Malware payload
2024-02-01,Payload delivery,tlsh,t1b4b533f225fb5892f9f30b3f852b5583b0770d030a610b851626f91e67bccb51a29f,
2024-02-01,Payload delivery,imphash,baa93d47220682c04d92f7797d9224ce,
2024-02-01,Payload delivery,ssdeep,24576:x3OvLRc/7HGk5jZfgZu435WzToWbjsf3fOEa+4OnC4hz9B9+aD00qbdCHshZR/hR:x4LR6b7dUulzEWfAPIWC0d00qYHl,
2024-02-01,Other,size-in-bytes,2311680,
2024-02-01,Payload delivery,mime-type,application/x-dosexec,
2024-02-01,Payload delivery,md5,25ee302e99dc59c926859e62e7f69dd0,Malware payload
2024-02-01,Payload delivery,sha256,b5bce3d7cccee4add08300923601dc71dd21ac387c2ce6fb8f33ec64e111dcb2,Malware payload
2024-02-01,Payload delivery,tlsh,t1c0a1979b32550cbc862847ea94e53e4b47ad0173a094ed18f4ed4f4c95ff8f5037a9,
2024-02-01,Payload delivery,ssdeep,48:Yxg3SPhJSPdqKkY7EbnlUQl2rRifk/n0+aW/bDF4w0biYtX8rG2xp9WoKsYUxG1y:QOCkTakuNe9yMG1vbDASu/aA4O,
2024-02-01,Other,size-in-bytes,4953,
2024-02-01,Payload delivery,mime-type,application/json,
2024-02-01,Payload delivery,md5,d5d7b7bede3906fe60f7581c2a0a3ddd,Malware payload
2024-02-01,Payload delivery,sha256,101627e9390243156690e982aacd4f50e6bd2f7df83c1d90c9538dc5ffb430db,Malware payload
2024-02-01,Payload delivery,tlsh,t18da1969712585cbccf14c7d684da3aab97ed001392a4ac28aded5f0c91ff8b10266d,
2024-02-01,Payload delivery,ssdeep,48:Yxg3SPhJSPdqKkY7EbnlUQl2qhpk6nYK+zobgDF4w0dM0tXcg/i2up9WXibUfi16:QOMkBtKCz93Ei1vnfY8S1P,
2024-02-01,Other,size-in-bytes,4788,
2024-02-01,Payload delivery,mime-type,application/json,
2024-02-01,Payload delivery,md5,7666e75e052e28859910cfa04642277d,Malware payload
2024-02-01,Payload delivery,sha256,cce2a1c76ce8aa43ecb13d98383ef3051bdb2030fdef162a44eb29d9755bab76,Malware payload
2024-02-01,Payload delivery,tlsh,t140918422251c0dbd87388bc3a05c7ad76bae0263a0d4fd2898bd5f0ca5ff2b141769,
2024-02-01,Payload delivery,ssdeep,96:jjWekxq8pVFawTH9o2nTv71vzhHtsIZhkEV2eFxR+:jjWvguFaA9o2nbdhNsIrki3xR+,
2024-02-01,Other,size-in-bytes,4215,
2024-02-01,Payload delivery,mime-type,application/json,
2024-02-01,Payload delivery,md5,d780a5dcbb75a78ccdacc655673cfb91,Malware payload
2024-02-01,Payload delivery,sha256,e071942e02e26022e21984ffa474f0618923bc9ab3342a791f48405a4be0efb9,Malware payload
2024-02-01,Payload delivery,tlsh,t13391417161180c7d863482c6b4597ad767be0267a0d4ec28a8bd4f4ca7ef1f206b59,
2024-02-01,Payload delivery,ssdeep,96:ZbZknCs+w/05TH9I681vdEHAbpZcHaTBI5O:Zb21R0B9I6KEgbp+Ha65O,
2024-02-01,Other,size-in-bytes,4238,
2024-02-01,Payload delivery,mime-type,application/json,
2024-02-01,Payload delivery,md5,98e7c4b02c2d6da26673eb7afd989da6,Malware payload
2024-02-01,Payload delivery,sha256,dda290a089e5fa11718b90df462966dc21606ed80b5eeb7c10daa5fcfbd8db37,Malware payload
2024-02-01,Payload delivery,tlsh,t19cb533fa3933928bc0af5fb091088a52fb933d6b21d4167d5428f8dc0bbe9b4465dc,
2024-02-01,Payload delivery,imphash,baa93d47220682c04d92f7797d9224ce,
2024-02-01,Payload delivery,ssdeep,49152:gbfaS8ZGZsuUcnEJvpO5VrTSNseLrjQvMz+xTa/bT9xSpdpF4iuK9YmD:UaS6GZsuLnEDOfuGecvE/bTba4g9bD,
2024-02-01,Other,size-in-bytes,2317824,
2024-02-01,Payload delivery,mime-type,application/x-dosexec,
2024-02-01,Payload delivery,md5,7738c9a6322f3b7e20916cb059b63aa0,Malware payload
2024-02-01,Payload delivery,sha256,547677cd1816aff792bd11de612516d15d4a9bc2b13f3c4a83611a9cc9f7052a,Malware payload
2024-02-01,Payload delivery,tlsh,t18f91c7b7152c0cbc8a2487e3a5903bd746bf4167e0849d68b9bc8f08e0fe1f20136a,
2024-02-01,Payload delivery,ssdeep,96:YAvwlhkvQISnya0o9HT2FJ1vltPBiJYFcnE:YAv5Xo9z2FBiJYF8E,
2024-02-01,Other,size-in-bytes,4329,
2024-02-01,Payload delivery,mime-type,application/json,
2024-02-01,Payload delivery,md5,10958dea0a83a0aea76e1dadd651bd27,Malware payload
2024-02-01,Payload delivery,sha256,fa0da2c7616b614e919fe98b4fdab97afcf6b48afd047f3cc662497cff102a0d,Malware payload
2024-02-01,Payload delivery,tlsh,t1e0a1b7ab35664cbcca2487da98e53e8b57ad00b39194ec14b9ed5f4c81fe8f103769,
2024-02-01,Payload delivery,ssdeep,48:Yxg3SPhJSPdqKkY7EbnlUQl2MRifk/n0+aW0DF4w0biYtXnR2Hp9WO8ZUxG1v+bW:QOnkTa1uh49AMG1vSmASio,
2024-02-01,Other,size-in-bytes,4856,
2024-02-01,Payload delivery,mime-type,application/json,
2024-02-01,Payload delivery,md5,cad7cf73eec3d7213cd7132d417c0e18,Malware payload (Amadey)
2024-02-01,Payload delivery,sha256,7b6bcca8a3f0ca87fda495f79ba4543abb4eac0862778e1c1813a1459b111e4c,Malware payload (Amadey)
2024-02-01,Payload delivery,tlsh,t1b20533e82f4d2d55ca355ab002d65896b47cbd939718f32127af28460c58bceffa3e,
2024-02-01,Payload delivery,imphash,7515ecf8c0dfa4d230ad835fe0acb57f,
2024-02-01,Payload delivery,ssdeep,24576:iidI3KzpKxnRwQSBaWnBCq0AGjPaPGwzZE:xI3KzcxnRlSBaWnt0PjPqVZ,
2024-02-01,Other,size-in-bytes,809472,
2024-02-01,Payload delivery,mime-type,application/x-dosexec,
2024-02-01,Payload delivery,md5,d2eee2a43ebe9d09368454a35243a5c7,Malware payload (RiseProStealer)
2024-02-01,Payload delivery,sha256,19db7f231bad8bfd39be81bcd2d29b386988f627874f604035430143acfedbf8,Malware payload (RiseProStealer)
2024-02-01,Payload delivery,tlsh,t14d4533c90f8e4845c22669b7409bafaa7a593ab04d5a34121f7b4cba4c7c0ce177bd,
2024-02-01,Payload delivery,imphash,5ab723dc8d5af21b79dc301ed6a56a64,
2024-02-01,Payload delivery,ssdeep,24576:je9/cFZWS3YkUhV9dCGkMWsL+wQnBaWnBCqBlVn1hU:scF8u7u9FkYSlnBaWntBlrG,
2024-02-01,Other,size-in-bytes,1195520,
2024-02-01,Payload delivery,mime-type,application/x-dosexec,
2024-02-01,Payload delivery,md5,0f05746a2a894328f052aefff1e3deb0,Malware payload
2024-02-01,Payload delivery,sha256,9dbeb310f32a0013f72b1b5830a222fdcc547ee9b8b321b6f0c45883fd3d03b2,Malware payload
2024-02-01,Payload delivery,tlsh,t1e191752661180cbd8728869be4443bb35bee059391d4ec28c4be5f5da1ff5f111765,
2024-02-01,Payload delivery,ssdeep,96:zOzO8+km7O8ZlOFKiwTH9DnT71vfihHxisoZ5F/ad4+:0PHKT9TTx+RJoDFCd3,
2024-02-01,Other,size-in-bytes,4262,
2024-02-01,Payload delivery,mime-type,application/json,
2024-02-01,Payload delivery,md5,131a48c66fead2aca6779b3ad04925d7,Malware payload
2024-02-01,Payload delivery,sha256,6f11af308dfe0f5bebf9dd3b824cc31135743b9ed30249cfe928c51b3a7d36ee,Malware payload
2024-02-01,Payload delivery,tlsh,t1d8a197eb25695cfcc724c7c655d63e8397ed0053a2e4ad14ecac5f0c91fe8b14269a,
2024-02-01,Payload delivery,ssdeep,48:Yxg3SPhJSPdqKkY7EbnlUQl2Mhpk6nYK+zMlFDF4w0dM0tXqlNjT2up9WMTv0mUU:QOSkB6KoTz9DEi1vgQYIvP,
2024-02-01,Other,size-in-bytes,4860,
2024-02-01,Payload delivery,mime-type,application/json,
2024-02-01,Payload delivery,md5,4afdac30ae4d2654ed9ece50ee3723c9,Malware payload
2024-02-01,Payload delivery,sha256,4c7fb22ff78343f5c4e977be794c4a587ddd7a19f22e9877b0e706ec03955b0a,Malware payload
2024-02-01,Payload delivery,tlsh,t1e2916426261c0cbdc7344b92e05c76e76bae02679094fd2888bd9f0ca5ff2b141769,
2024-02-01,Payload delivery,ssdeep,96:jjaekxq8pVFawTH9o2nTv71vzhHtsIZhbkflR+:jjavguFaA9o2nbdhNsIrbk9R+,
2024-02-01,Other,size-in-bytes,4215,
2024-02-01,Payload delivery,mime-type,application/json,
2024-02-01,Payload delivery,md5,f65fe54ce7bf8dfeefd342b026ea3117,Malware payload
2024-02-01,Payload delivery,sha256,1222fd2f361d501e16574bcb2b213cf35da170d3e082dd94bd4eaa2caea38886,Malware payload
2024-02-01,Payload delivery,tlsh,t1a191b7b7162c4cadca1487d795a03b87576f416be0849e68b9fc8f0cd0fe1f511366,
2024-02-01,Payload delivery,ssdeep,48:Yx5AvwlYYw4KbsJkmnh+0DFU0omOtXxR23p9WtY2UKJ1vybaKqRrC3wxioipDH7R:YAvwlHkv0S7U9/2FJ1vu8ipDHcE,
2024-02-01,Other,size-in-bytes,4323,
2024-02-01,Payload delivery,mime-type,application/json,
2024-02-01,Payload delivery,md5,0e9205eb924634e7ca521f4ee278fbc5,Malware payload
2024-02-01,Payload delivery,sha256,84f239294c93b4d228bb5606a0cf97eb90bd49b3c2b063e6d3a354b3ae9216e6,Malware payload
2024-02-01,Payload delivery,tlsh,t10fa174ab31550cbcc62987da94e53f8b97bc01639494ec28a49c9f5cd2fe8f1437ad,
2024-02-01,Payload delivery,ssdeep,48:Yxg3SPhJSPdqKkY7EbnlUQl2eRifk/n0+aWCDF4w0biYtXnQbZ2Hp9WjyUxG1vCH:QOtkTa1uAbZ49bMG1vCb8vbJAZnMM,
2024-02-01,Other,size-in-bytes,5015,
2024-02-01,Payload delivery,mime-type,application/json,
2024-02-01,Payload delivery,md5,dbc9b7c4c10ad9ecf42f5a1dff7a900a,Malware payload
2024-02-01,Payload delivery,sha256,94bfc8217b2a460636c8b7301a9a900d81982a11e11d7c09aaa659450c3317a7,Malware payload
2024-02-01,Payload delivery,tlsh,t12ba1859732554c7ccb2487eb94e63eaf47ad10b3a4949c28a9ad4f4c91ff8f10276d,
2024-02-01,Payload delivery,ssdeep,48:Yxg3SPhJSPdqKkY7EbnlUQl2NeRifk/n0+aWHbgDF4w0biYtXcgFi2Hp9WoibUxt:QOTrkTaRug49KMG1v5vAeK,
2024-02-01,Other,size-in-bytes,4780,
2024-02-01,Payload delivery,mime-type,application/json,
2024-02-01,Payload delivery,md5,db54413fdab7ea081f3d56429935c128,Malware payload
2024-02-01,Payload delivery,sha256,93a44a7050905d918e972dbb128fcbbe8fd3b01d53cd89ea7eb5f456958aa0ef,Malware payload
2024-02-01,Payload delivery,tlsh,t1029174e7b1155eb8c51fc5eb96e939cedabd005390305c1ce5aa4b4b88fe1b52323d,
2024-02-01,Payload delivery,ssdeep,96:XGf9k0yan4wgaBSQcsTN9+BMOy0G1vRctHsz9UAeGwkuAVXr:j0049rVGmlwk7,
2024-02-01,Other,size-in-bytes,4529,
2024-02-01,Payload delivery,mime-type,application/json,
2024-02-01,Payload delivery,md5,c104260291c38d9ea0c32e140cd88a62,Malware payload
2024-02-01,Payload delivery,sha256,d7ab2e829062ccfa9764096b20335221736249cf60cfed198efd67570c8bcc97,Malware payload
2024-02-01,Payload delivery,tlsh,t1c191549a27095dbcc654a6d3d5503ad7c76e0093b098dd2ce8bd9f08e1ef1f003769,
2024-02-01,Payload delivery,ssdeep,48:YxY6wnKdlpkofn16Ru+FkDFU0NhtXeV2Qp9We6T2UHs1vibvKqRteU3wxioLtg0G:qpkocRtG9U/9K2Ss1veiHLtg0NKx,
2024-02-01,Other,size-in-bytes,4273,
2024-02-01,Payload delivery,mime-type,application/json,
2024-02-01,Payload delivery,md5,5db5554abbb06569bef1175bfb645c1f,Malware payload
2024-02-01,Payload delivery,sha256,75fde7c59a1da18ab194c5b6d43ba23514f0e13f4dee14f30274ce0e83e45eca,Malware payload
2024-02-01,Payload delivery,tlsh,t1c29175aa26095ebcc65497d3e9543ad7c76e1093b098dd2ce4fc9f08e1ef0f04276a,
2024-02-01,Payload delivery,ssdeep,96:zpkocRtp9hEA9Sr2Ss1vhPMeHLSQdygQx:zG/79y2SmUeHLMgQx,
2024-02-01,Other,size-in-bytes,4274,
2024-02-01,Payload delivery,mime-type,application/json,
2024-02-01,Payload delivery,md5,0ab4507827a9fe7900c541148901ee8e,Malware payload
2024-02-01,Payload delivery,sha256,9181cf0a8495213327cfe3767c111b454786fcfac59ca46abaa486ff1c16ace2,Malware payload
2024-02-01,Payload delivery,tlsh,t1dca185eb61691cbcca15c7c694d93b8797fc015352a4ec28bc9c5b0c82ff47153669,
2024-02-01,Payload delivery,ssdeep,48:Yxg3SPhJSPdqKkY7EbnlUQl2Shpk6nYK+z1DF4w0dM0tXnGbZ2up9WSgyUfi1vUx:QOYkBhKWbZz9BEi1vUb8pbbYlgKs2LP,
2024-02-01,Other,size-in-bytes,5033,
2024-02-01,Payload delivery,mime-type,application/json,
2024-02-01,Payload delivery,md5,27a90e832d3f621a8b45c5e59aae304d,Malware payload
2024-02-01,Payload delivery,sha256,ad4beed9b28f0339d0e295c251a8ed9ae6f10f3fe625bebf86207d657fe1445b,Malware payload
2024-02-01,Payload delivery,tlsh,t11a91536a26095dbdcb9496d3d8843ac7c76e0053a194ed3ca8fd9f08e1ff1f10276a,
2024-02-01,Payload delivery,ssdeep,48:YxY6wUdlpkofn16Ru+FvDF4w0NhtXpk2Kp9Wo6sUHs1vFbvKzRteU3wxioorbu8s:cpkocRtxYyH97Ss1vdTHWu8ex,
2024-02-01,Other,size-in-bytes,4403,
2024-02-01,Payload delivery,mime-type,application/json,
2024-02-01,Payload delivery,md5,f769afa419db93334f8a8a65ccdfb985,Malware payload
2024-02-01,Payload delivery,sha256,498378222d812b2531dbb4debaf9d1d632826a5c2ac4b5fd66f6178238b1c79e,Malware payload
2024-02-01,Payload delivery,tlsh,t1599175abb1155eb8c51fc9ea95a939cecabd011390705c18e5ad4b0b98fe1b51323d,
2024-02-01,Payload delivery,ssdeep,96:XGp9k0yan4wgaBSQcsTN9+BMOy0G1vRctHsz9UAeGBghIVXr:x0049rVGmluhy,
2024-02-01,Other,size-in-bytes,4529,
2024-02-01,Payload delivery,mime-type,application/json,
2024-02-01,Payload delivery,md5,3cdc2fc60ecc4f32d844aa05b2f97277,Malware payload
2024-02-01,Payload delivery,sha256,aea9f287a2041ae7a78811f14d852a834360ebff79d7a59bcc630e530ab6d679,Malware payload
2024-02-01,Payload delivery,tlsh,t1e091682561180cbd8a24869be4443bf35bee05a36194ec28d4ae5f5cb1ff5f101b65,
2024-02-01,Payload delivery,ssdeep,96:zOzOD+km7O8ZlOFKiwTH9DnT71vfihHxisoZ57+ELza4+:7PHKT9TTx+RJoDnLza3,
2024-02-01,Other,size-in-bytes,4262,
2024-02-01,Payload delivery,mime-type,application/json,
2024-02-01,Payload delivery,md5,fc2a07e5b2faa950043f40aabe779ef8,Malware payload
2024-02-01,Payload delivery,sha256,1c25130bf7f519ef79d4688004189b01277ab8f0024a077decffd27d2889d53d,Malware payload
2024-02-01,Payload delivery,tlsh,t18791a6b715284cbc8a2487d7a5943bd7967f41b7e084ad58b9bc8f08e0ff1f10176a,
2024-02-01,Payload delivery,ssdeep,96:YAvwlYkvQISnya0o9HT2FJ1vltPBigR8nE:YAvmXo9z2FBigRcE,
2024-02-01,Other,size-in-bytes,4339,
2024-02-01,Payload delivery,mime-type,application/json,
2024-02-01,Payload delivery,md5,4ab317bb3382fef4592ff06592cbcc98,Malware payload
2024-02-01,Payload delivery,sha256,b7358c9728bf5e9c21a3bc8292b95e4af2217fd3deae8e377d57c8db189b2344,Malware payload
2024-02-01,Payload delivery,tlsh,t1f691a4b716284cadca1487d795a03b8796bf4167e0849e68baf88f0cd0fe1b51137a,
2024-02-01,Payload delivery,ssdeep,48:Yx5AvwlYYw7KbsJkmnh+0DFU0omOtXxR23p9WtY2UKJ1vybaKqRrC3wxioiVIhjs:YAvwlUkv0S7U9/2FJ1vu8iihj/E,
2024-02-01,Other,size-in-bytes,4323,
2024-02-01,Payload delivery,mime-type,application/json,
2024-02-01,Payload delivery,md5,64312ebef00ad16471f9e58abdfa78e7,Malware payload
2024-02-01,Payload delivery,sha256,9cf5c0ba1fb35e0d2ae20bc5e6d53c7e94652ce2dfb07912f7a3906cca7c774e,Malware payload
2024-02-01,Payload delivery,tlsh,t128b533f0e2756fa9c8036b7a8565bd90224f9d135f6241b94302f8cd1fbe2f8a0e5d,
2024-02-01,Payload delivery,imphash,baa93d47220682c04d92f7797d9224ce,
2024-02-01,Payload delivery,ssdeep,49152:pyv73bqbeHYUaerH5W3Hav+gFSMSR6OB/VLOsH4AZwV2:pynqbter0wFMRjVLP4yW,
2024-02-01,Other,size-in-bytes,2327552,
2024-02-01,Payload delivery,mime-type,application/x-dosexec,
2024-02-01,Payload delivery,md5,361d1ad9304773508578127e4bbafee1,Malware payload (BumbleBee)
2024-02-01,Payload delivery,sha256,36c32ffbaffb7296f095968ff1e026f75c53b76250ce11dedc10db9b9a93a564,Malware payload (BumbleBee)
2024-02-01,Payload delivery,tlsh,t1f045e012e6920fe4d466517681ab262fbb307e6c0315d3bbabc4d2373d837e45b1a7,
2024-02-01,Payload delivery,imphash,47e01530ad43ec939d1c47709a80a5c6,
2024-02-01,Payload delivery,ssdeep,24576:3FCcW8RT9F67gwL3k2UeOL9HnUUCexncTD+1z4IHN/HL:PIr3jUeOfc3+TZr,
2024-02-01,Other,size-in-bytes,1223700,
2024-02-01,Payload delivery,mime-type,application/x-dosexec,
2024-02-01,Payload delivery,md5,aabc0b1a708a8edfea5a57867e9da27e,Malware payload
2024-02-01,Payload delivery,sha256,dd1d6f62504d5fe5ace828b62b634f080f305ec9af5c8e7ea581d4fca39f41f9,Malware payload
2024-02-01,Payload delivery,tlsh,t1d6a1b79b26a95cbcc724c7c655c53a8357ec005363a4ad14ecac5f0c92fe4b1426aa,
2024-02-01,Payload delivery,ssdeep,48:Yxg3SPhJSPdqKkY7EbnlUQl29hpk6nYK+zMlFDF4w0dM0tXqlNjT2up9WMTv0mUJ:QODkB6KoTz9DEi1vgQYwlqbP,
2024-02-01,Other,size-in-bytes,4850,
2024-02-01,Payload delivery,mime-type,application/json,
2024-02-01,Payload delivery,md5,35284d1de84f9615a1ea0f2fdc81ffea,Malware payload
2024-02-01,Payload delivery,sha256,1dfc9eb958ad3367240f6438e5820e43d9297c49ba4399dacba8a3472c5bca2e,Malware payload
2024-02-01,Payload delivery,tlsh,t18ca1c7ab15395c7ccb14c7c695c93a8797ed0153a3a8ac18bcec6f0c82ee8b103259,
2024-02-01,Payload delivery,ssdeep,48:Yxg3SPhJSPdqKkY7EbnlUQl2Jhpk6nYK+z1DF4w0dM0tXnT2up9WSFo8ZUfi1vA/:QO3kB5KDz9vLEi1vYYYGWP,
2024-02-01,Other,size-in-bytes,4874,
2024-02-01,Payload delivery,mime-type,application/json,
2024-02-01,Payload delivery,md5,fc342a76e1054e263180a7b36bb488bc,Malware payload
2024-02-01,Payload delivery,sha256,ababc85c6b992b7d826bbde6c7d70e3c3f83c993fb24ea8c7ce885f8ef11883c,Malware payload
2024-02-01,Payload delivery,tlsh,t14191736615386d7cc798c4ca94fc3d4e567e005bf1649c14a6de8e0ae2ff1f283a65,
2024-02-01,Payload delivery,ssdeep,96:eymrkYOhDH5R0DWfrfT594ds1Y7g1vUreHTMsgiFEtcitJeR:eymQThr5RIWfrt94ds1Y7FrezMsgiFEa,
2024-02-01,Other,size-in-bytes,4614,
2024-02-01,Payload delivery,mime-type,application/json,
2024-02-01,Payload delivery,md5,af00f8d8bdcb37671b182abc1c7e806b,Malware payload
2024-02-01,Payload delivery,sha256,db5f5720351a53b52f10bfe6b3e6971e44c1e6ef8b8066ef861fab5522369032,Malware payload
2024-02-01,Payload delivery,tlsh,t12041dc7ccf69f8e0033db1a08c492e2620949e57d6f58e24d9574ee62d7c20adf2b1,
2024-02-01,Payload delivery,ssdeep,48:LGfEFWuJqs9HZNjd+SfprcKyK0hE6S1FtfsC5P3RX5ZWiaoIhSNtx:LGfEFW87jd+Sfpbaq6S1FtfsC5P39Efo,
2024-02-01,Other,size-in-bytes,2219,
2024-02-01,Payload delivery,mime-type,text/plain,
2024-02-01,Payload delivery,md5,cb8d7dc196fde11da4bc3ffdd5a119ec,Malware payload
2024-02-01,Payload delivery,sha256,ac2aac6ce00ec76deca7c98b890bf79409da9c9b236f1ca663b93a80d2c5921a,Malware payload
2024-02-01,Payload delivery,tlsh,t193b533fc97b385a4c54b6b3f593a8791264bad7b1785c19d5c06fe18433c83a9c23e,
2024-02-01,Payload delivery,imphash,baa93d47220682c04d92f7797d9224ce,
2024-02-01,Payload delivery,ssdeep,49152:agpuF1sr8hlRVxe8NsMnitu/rV1AwqWWdXR24BwmUv:IFughDVxe8NLituBnwXe,
2024-02-01,Other,size-in-bytes,2339328,
2024-02-01,Payload delivery,mime-type,application/x-dosexec,
2024-02-01,Payload delivery,md5,e7e221291b53922e16d27d7ce942840a,Malware payload
2024-02-01,Payload delivery,sha256,2a6a09d86d0c942a6162a0da7c6e8b3e118155490be54190c8314226f53c34f5,Malware payload
2024-02-01,Payload delivery,tlsh,t154a1b7ab35264c7c8a1487ea98e53e8b57ad00b3a194ec18b9ed5f4c91fe8f103759,
2024-02-01,Payload delivery,ssdeep,48:Yxg3SPhJSPdqKkY7EbnlUQl2TRifk/n0+aW0DF4w0biYtXnR2Hp9WO8ZUxG1v+bM:QOmkTa1uh49AMG1vSmAVKYY,
2024-02-01,Other,size-in-bytes,4856,
2024-02-01,Payload delivery,mime-type,application/json,
2024-02-01,Payload delivery,md5,5bce1fb1fdcd9bff3e2f74d719427594,Malware payload
2024-02-01,Payload delivery,sha256,f5fbee1479421ea0080f81e2a1ada5e4a27c15a31a8eb9743bd68f755fe50886,Malware payload
2024-02-01,Payload delivery,tlsh,t133a1b6ab35614cbcc62487ea94e23e4757ad0073a1d4ec18e8bd5f5c91ee8f1037ea,
2024-02-01,Payload delivery,ssdeep,48:Yxg3SPhJSPdqKkY7EbnlUQl2sV2Rifk/n0+aWblFDF4w0biYtXqlNBT2Hp9Wt0mD:QOi1kTaGuIT49YMG1veKAjAb,
2024-02-01,Other,size-in-bytes,4842,
2024-02-01,Payload delivery,mime-type,application/json,
2024-02-01,Payload delivery,md5,43fc98fa02b1dceb0feba0852949512b,Malware payload
2024-02-01,Payload delivery,sha256,71dd5619fe410365614401028b9996f6dad58ee69b3bedee64825597bac2636e,Malware payload
2024-02-01,Payload delivery,tlsh,t14aa1955b31150cbc852487eb98e13e9b97bd00b3a184ec18b8ed5f5c96fe8f103769,
2024-02-01,Payload delivery,ssdeep,48:Yxg3SPhJSPdqKkY7EbnlUQl2dRifk/n0+aWKSPmDF4w0biYtXDSPGq2Hp9WcseN3:QOMkTaUeuef49VEMG1vHRAoJSlt,
2024-02-01,Other,size-in-bytes,4932,
2024-02-01,Payload delivery,mime-type,application/json,
2024-02-01,Payload delivery,md5,8cc130eb9eabe468947a81900614779c,Malware payload
2024-02-01,Payload delivery,sha256,ddbbf7b18b52b6397c84188de3402ee89293248948bf9ecad30f0eddaa2f5c6f,Malware payload
2024-02-01,Payload delivery,tlsh,t174a1979715545cbccb14c7d644da3a9b87ed005392a8ac14eded5f0c91ff8b10266d,
2024-02-01,Payload delivery,ssdeep,48:Yxg3SPhJSPdqKkY7EbnlUQl2W9hpk6nYK+zobgDF4w0dM0tXcg/i2up9WXibUfiG:QOE9kBtKCz93Ei1vnfYhNLW8VP,
2024-02-01,Other,size-in-bytes,4798,
2024-02-01,Payload delivery,mime-type,application/json,
2024-02-01,Payload delivery,md5,d3b8f376d91bda235b22c5979de649f7,Malware payload
2024-02-01,Payload delivery,sha256,70d57dd007cdc8acdd46c797416e1300ae41d9bf1ee993e4535a7864deebc61b,Malware payload
2024-02-01,Payload delivery,tlsh,t1a3a174ab31550cbcc62987da94e13f8b97bc01735494ec24a4ac5f5c92ff8f1037a9,
2024-02-01,Payload delivery,ssdeep,48:Yxg3SPhJSPdqKkY7EbnlUQl2t/Rifk/n0+aWCDF4w0biYtXnQbZ2Hp9WjyUxG1vH:QOLMkTa1uAbZ49bMG1vCb8vbJAPyod0,
2024-02-01,Other,size-in-bytes,5005,
2024-02-01,Payload delivery,mime-type,application/json,
2024-02-01,Payload delivery,md5,f46b3f5f1ac07ef19528674030982b85,Malware payload
2024-02-01,Payload delivery,sha256,3199f4ff56a1b8e6ad1f8155a0282c3dd6bcab3df3d980272f1852b923d89aa0,Malware payload
2024-02-01,Payload delivery,tlsh,t140a1969b11692cbc8b14c7d699d93e9797ed0053a298ac18fcec6f0c92ff4b103655,
2024-02-01,Payload delivery,ssdeep,48:Yxg3SPhJSPdqKkY7EbnlUQl22hpk6nYK+z9SPmDF4w0dM0tXDSPGo2up9WvseNEQ:QO0kBIeKezz9EEEi1vZhY5WgtHdP,
2024-02-01,Other,size-in-bytes,4940,
2024-02-01,Payload delivery,mime-type,application/json,
2024-02-01,Payload delivery,md5,9f5e0d9b95c6bbe8e89fb9784960c458,Malware payload
2024-02-01,Payload delivery,sha256,63803d283dd3894815a240e9941b35d8ac44c6df00673b86e27ac4d3bbd7ac2e,Malware payload
2024-02-01,Payload delivery,tlsh,t15ca1955732554cbc8b2487ea94f63eaf47ad0073a094ac18a9ed5f4c95ff8f10276d,
2024-02-01,Payload delivery,ssdeep,48:Yxg3SPhJSPdqKkY7EbnlUQl2mmuRifk/n0+aWHbgDF4w0biYtXcgFi2Hp9WoibUP:QORkTaRug49KMG1v5vAKAU47,
2024-02-01,Other,size-in-bytes,4770,
2024-02-01,Payload delivery,mime-type,application/json,
2024-02-01,Payload delivery,md5,e0181e870c7030e7202c88760911f61d,Malware payload
2024-02-01,Payload delivery,sha256,33cdb85d3c6884abc93c3fcb61aa5e36e1dfbbd6a0c3a763b57957f39f607c5a,Malware payload
2024-02-01,Payload delivery,tlsh,t1f491507662080c7e863482d6b4557ad767be0267a0d4ec28a8fd4f4cb6ff1f205b69,
2024-02-01,Payload delivery,ssdeep,48:YxCet2fbZkvnY+Cs+DF4w0nltXPSjeUT2Gp9WnTUd81vdE7b/KcRezbC3wxioorG:5bZknCs+w/05TH9I681vdEHAbpZchdlO,
2024-02-01,Other,size-in-bytes,4238,
2024-02-01,Payload delivery,mime-type,application/json,
2024-02-01,Payload delivery,md5,0d9f2e636033873a12b70850f93ad6a1,Malware payload (CoinMiner)
2024-02-01,Payload delivery,sha256,deb0cb329c64fba7977dc731fd5cfb3b0eb7e80d46fbb7dd89d0e0c0af5538d7,Malware payload (CoinMiner)
2024-02-01,Payload delivery,tlsh,t195d386db0724c22d1b00c641abc8d4983516d996c4f6db18a5ef541bfeb90ee4aec2,
2024-02-01,Payload delivery,ssdeep,3072:/jL+dKMubHspZQ513Rqyy7XZvgYmY04yd:/HkKtbcZyy7XJgX,
2024-02-01,Other,size-in-bytes,130829,
2024-02-01,Payload delivery,mime-type,text/plain,
2024-02-01,Payload delivery,md5,a90b2deef99634fa276d023b4f94a97a,Malware payload
2024-02-01,Payload delivery,sha256,48a71d22b1a3b659d55dadbbe294d904c3d97cb1a1a92b6d6968775677501499,Malware payload
2024-02-01,Payload delivery,tlsh,t1dca175ab15681cbc8714cbd655d93a8687ed0113b2a8ad18fced5f0c82ff4a60266a,
2024-02-01,Payload delivery,ssdeep,48:Yxg3SPhJSPdqKkY7EbnlUQl2Aphpk6nYK+zebDF4w0dM0tX8r82bp9WG9sYUfi1K:QOKkBAKpg9nEi1v1/YopSO4jP,
2024-02-01,Other,size-in-bytes,4981,
2024-02-01,Payload delivery,mime-type,application/json,
2024-02-01,Payload delivery,md5,55aa79e38f91934fbb9082ecdaff0c0d,Malware payload
2024-02-01,Payload delivery,sha256,f4841385abe38b40547ffa1dd9f313869d341361ba7f9d71b1936c2ed65236ef,Malware payload
2024-02-01,Payload delivery,tlsh,t1ae534c05b7c79624c9640ab8c0e7dd2403f2a79b6673db89398412f60e53fd2ce877,
2024-02-01,Payload delivery,imphash,f34d5f2d4577ed6d9ceec516c1f5a744,
2024-02-01,Payload delivery,ssdeep,768:P0PVwO8/1Dzwp4ylwb/DI616HheY6KYNEb4+NQ5hmDX6z8lTP38VvLX2fKr:VOK5E4ylWs616HAYv0IQ3mDXq+POzrr,
2024-02-01,Other,size-in-bytes,62976,
2024-02-01,Payload delivery,mime-type,application/x-dosexec,
2024-02-01,Payload delivery,md5,5632f4c3f3b4897e8a45197b8a704e26,Malware payload
2024-02-01,Payload delivery,sha256,bca382678baa638be52cbde843535b1ab2de8d12ee18e4b088447f57d928d807,Malware payload
2024-02-01,Payload delivery,tlsh,t18c916426261c0cbdc7294b82e05c76976bae026390c4fd2898bd9f4ca5ff2b151769,
2024-02-01,Payload delivery,ssdeep,96:jjTekxq8pVFawTH9o2nTv71vzhHtsIZhMn70R+:jjTvguFaA9o2nbdhNsIrM70R+,
2024-02-01,Other,size-in-bytes,4215,
2024-02-01,Payload delivery,mime-type,application/json,
2024-02-01,Payload delivery,md5,6d9d87aacc63e2e14606cc83d2a52f3a,Malware payload
2024-02-01,Payload delivery,sha256,01c14ff0c72a700bc9296198ce5e14609435f879baf554968b853140cd1a5bca,Malware payload
2024-02-01,Payload delivery,tlsh,t196a196ab32550cbc862487eb94e53e8b476d0173b194ad18f4ad4f4c85ff8f5037a9,
2024-02-01,Payload delivery,ssdeep,48:Yxg3SPhJSPdqKkY7EbnlUQl2cRifk/n0+aW/bDF4w0biYtX8rG2xp9WoKsYUxG1r:QOfkTakuNe9yMG1vbDARaR,
2024-02-01,Other,size-in-bytes,4963,
2024-02-01,Payload delivery,mime-type,application/json,
2024-02-01,Payload delivery,md5,ec5149b4f806db8cb569f3bf2917eca2,Malware payload (Amadey)
2024-02-01,Payload delivery,sha256,f15c20477f859f6629c38df233267945074e54d9ad137f879b0b4c70849d7864,Malware payload (Amadey)
2024-02-01,Payload delivery,tlsh,t1890523ad12b81904d1253cf959d189886fec7fead448ed0803bb04e52c7978eb71bf,
2024-02-01,Payload delivery,imphash,7515ecf8c0dfa4d230ad835fe0acb57f,
2024-02-01,Payload delivery,ssdeep,12288:DrX1bD7iZJAxBTcnIo7YNQX4WioPJicryGBWECTb5QQjUFfRAA1cO:XFHVz4nJwQ+6icoECfIZ1x,
2024-02-01,Other,size-in-bytes,809472,
2024-02-01,Payload delivery,mime-type,application/x-dosexec,
2024-02-01,Payload delivery,md5,d0d3a8d3bb656ac10a9090874e9dfdc1,Malware payload (RiseProStealer)
2024-02-01,Payload delivery,sha256,2b2f3c7f6f3d3cfcd6dc2bd69acdf8349f101931670a92854cbb88abdb219f4b,Malware payload (RiseProStealer)
2024-02-01,Payload delivery,tlsh,t1eb45336a593a65a2c1bc36f0754b0d125a3db4dee484ba4986a309c308d23fd635ff,
2024-02-01,Payload delivery,imphash,5ab723dc8d5af21b79dc301ed6a56a64,
2024-02-01,Payload delivery,ssdeep,24576:ah7A5BckaXGbYpeEe+1h4iowQ36icoECwXu99La967r2S:cSBcOYQL+1hwl+oEnXu7LoK6S,
2024-02-01,Other,size-in-bytes,1195520,
2024-02-01,Payload delivery,mime-type,application/x-dosexec,
2024-02-01,Payload delivery,md5,eb0816dce9516b0678ef4cbf89d13654,Malware payload
2024-02-01,Payload delivery,sha256,1de5ef47d990185c1ecade3835a2f377470eda0a82e7649a8d8d39ba2e4ca816,Malware payload
2024-02-01,Payload delivery,tlsh,t127b533db67ba8aacc0eb677cd5cacb009b4b2d03992185041b5ef14797bebb51275c,
2024-02-01,Payload delivery,imphash,baa93d47220682c04d92f7797d9224ce,
2024-02-01,Payload delivery,ssdeep,49152:5t7nDfEzp5gNIPX2plMtxVLo41gmwRzvwjPJyS5AvuvUwT0omMTia:5tLDfEPgqPXilMtALzEtv4XI,
2024-02-01,Other,size-in-bytes,2328064,
2024-02-01,Payload delivery,mime-type,application/x-dosexec,
2024-02-01,Payload delivery,md5,811c8937ea62a197232ecb5a83c55af3,Malware payload
2024-02-01,Payload delivery,sha256,4de10c7c2a7ec104312cabd76b533636e1951e3525e5d557991ee27814e03a77,Malware payload
2024-02-01,Payload delivery,tlsh,t11b91759a27085dbdca5496e7e5843ad7c76e0093b194ed2cd8bc9f0ce1ef0f00276a,
2024-02-01,Payload delivery,ssdeep,48:YxY6woydlpkofn16Ru+FkDFU0NhtXeV2Qp9We6T2UHs1vibvKqRteU3wxioLUoSI:YCpkocRtG9U/9K2Ss1veiHL+RAx,
2024-02-01,Other,size-in-bytes,4284,
2024-02-01,Payload delivery,mime-type,application/json,
2024-02-01,Payload delivery,md5,efe2ab5ec4e5c971319d910ecbb7311f,Malware payload (BumbleBee)
2024-02-01,Payload delivery,sha256,c9cc19cc17d1f6c945de394b7ceec6d441a30b79e590e34eacef47a104fd77ed,Malware payload (BumbleBee)
2024-02-01,Payload delivery,tlsh,t14145e011e6921ff8d476917680ab252bb7303e594719d377abc0d2373d83be06b1a7,
2024-02-01,Payload delivery,imphash,47e01530ad43ec939d1c47709a80a5c6,
2024-02-01,Payload delivery,ssdeep,24576:hFK18pAURvWDd/xiios/xLkCf+lNn+Oc+xBoNd/RCX3eSqCWxEDgimyY:TRgFokkg+/nfOdCNPY,
2024-02-01,Other,size-in-bytes,1223695,
2024-02-01,Payload delivery,mime-type,application/x-dosexec,
2024-02-01,Payload delivery,md5,b885b99ae6b9e11c78abfd28d4eff13d,Malware payload
2024-02-01,Payload delivery,sha256,51aed3311d1e620d3ece476e31a4ab6845125f4c99973fb5ab6657c9cbc1713a,Malware payload
2024-02-01,Payload delivery,tlsh,t19aa1979712585cbccf14c7d655da3aab87ed001392a8ac14eded5f0c91ff8b50226d,
2024-02-01,Payload delivery,ssdeep,48:Yxg3SPhJSPdqKkY7EbnlUQl23hpk6nYK+zobgDF4w0dM0tXcg/i2up9WXibUfi1L:QOlkBtKCz93Ei1vnfYsdP,
2024-02-01,Other,size-in-bytes,4788,
2024-02-01,Payload delivery,mime-type,application/json,
2024-02-01,Payload delivery,md5,e896467be5fa4f8dbeeae4e0270cfaeb,Malware payload
2024-02-01,Payload delivery,sha256,ddd39cf637c90bb426d7e5d49444f9beadcc406e05dc17847280448d43e07810,Malware payload
2024-02-01,Payload delivery,tlsh,t196a174ab31550cbcc62987da94e53b8b97bc01a39494dc24b4ac5f5cd2ff8f1437a9,
2024-02-01,Payload delivery,ssdeep,48:Yxg3SPhJSPdqKkY7EbnlUQl2IRifk/n0+aWCDF4w0biYtXnQbZ2Hp9WjyUxG1vCQ:QODkTa1uAbZ49bMG1vCb8vbJAIT,
2024-02-01,Other,size-in-bytes,5004,
2024-02-01,Payload delivery,mime-type,application/json,
2024-02-01,Payload delivery,md5,d422c0bf035cfaa2c75f0d7cbe72efc7,Malware payload
2024-02-01,Payload delivery,sha256,02ec1e14a5015f148bf7c9b40161e898acca2e90642c28288aec4eaa3b45b19c,Malware payload
2024-02-01,Payload delivery,tlsh,t10b9195a716280cbcca2487d3a6943bd7567f4167e0c49d68b9a88f0ce0fe1f50136a,
2024-02-01,Payload delivery,ssdeep,96:YAvwlRkvQISnya0o9HT2FJ1vltPBiIODd/WnE:YAvVXo9z2FBiIODVOE,
2024-02-01,Other,size-in-bytes,4339,
2024-02-01,Payload delivery,mime-type,application/json,
2024-02-01,Payload delivery,md5,579ade4d1d1f97a4b8e43ac84fe942bf,Malware payload
2024-02-01,Payload delivery,sha256,3e023efa9c058d6bac02461a02421ad7e764c706b1c76a9e7c076da48c9dd23c,Malware payload
2024-02-01,Payload delivery,tlsh,t1a9a194ab15695c7ccb10c7c699c93ac397ed015363a8ac14bded5f0c82fe8a202659,
2024-02-01,Payload delivery,ssdeep,48:Yxg3SPhJSPdqKkY7EbnlUQl2whpk6nYK+z1DF4w0dM0tXnT2up9WSFo8ZUfi1vAw:QOKkB5KDz9vLEi1vYYYP6vTP,
2024-02-01,Other,size-in-bytes,4884,
2024-02-01,Payload delivery,mime-type,application/json,
2024-02-01,Payload delivery,md5,c2d42c5011ccb37c0b5bf728c4f09339,Malware payload
2024-02-01,Payload delivery,sha256,cb02b80f32242e0d817d2d76851fcaad9f26dac6a4913e60800c450864c3c849,Malware payload
2024-02-01,Payload delivery,tlsh,t16f91547662180d7e873483c6b4597ad767be025790d4ac28a8fd4f0ca6ff1f205b5a,
2024-02-01,Payload delivery,ssdeep,96:4bZknCs+w/05TH9I681vdEHAbpZcrhIiO:4b21R0B9I6KEgbp+rhIiO,
2024-02-01,Other,size-in-bytes,4238,
2024-02-01,Payload delivery,mime-type,application/json,
2024-02-01,Payload delivery,md5,a2e3ccb613a3dbc7d5c5a0d1c96eb2a2,Malware payload
2024-02-01,Payload delivery,sha256,961e32b9d4d351a8813ffee309d2e7e026460144817dddb8b79a17af4ea596e2,Malware payload
2024-02-01,Payload delivery,tlsh,t125f14300db8b61fef40486b45265ae33e23cda094c5c8f74ea25ef679567d09b8c68,
2024-02-01,Payload delivery,ssdeep,48:7I9HOkJvXrmKSxqxl1/SbcnqMeRSqHfFkrHkL94SqMV7nOYKl0IK+ppobYLQTnSN:VkJvYwNSbcxo/AkL94ShlxGKetjJxs+,
2024-02-01,Other,size-in-bytes,8192,
2024-02-01,Payload delivery,mime-type,application/x-dosexec,
2024-02-01,Payload delivery,md5,782b09dfcd1385526cae0ef2e7db1ad9,Malware payload
2024-02-01,Payload delivery,sha256,a6fb40e783d9950325b81cf41d9e0ab12a09c08b68bac0a278c1125ef66164e9,Malware payload
2024-02-01,Payload delivery,tlsh,t177a196eb61691cbcca19c7c694d93b8797fd011352a4ec28a8dc6b0c93ff97113669,
2024-02-01,Payload delivery,ssdeep,48:Yxg3SPhJSPdqKkY7EbnlUQl2Qhpk6nYK+z1DF4w0dM0tXnGbZ2up9WSgyUfi1vUU:QOqkBhKWbZz9BEi1vUb8pbbYJsP,
2024-02-01,Other,size-in-bytes,5023,
2024-02-01,Payload delivery,mime-type,application/json,
2024-02-01,Payload delivery,md5,45cb9593ce4f43fbb8f3ea973df11428,Malware payload
2024-02-01,Payload delivery,sha256,4d8b18f20012362047a271a31b2afc633cc13e090d1b8ec8475c7153853beb09,Malware payload
2024-02-01,Payload delivery,tlsh,t14ba1a7ab32550cbc862487eb94e53e8b47ad0063a094ed18f4ed4f4c85ff8f6037a9,
2024-02-01,Payload delivery,ssdeep,48:Yxg3SPhJSPdqKkY7EbnlUQl2ERifk/n0+aW/bDF4w0biYtX8rG2xp9WoKsYUxG1w:QO7kTakuNe9yMG1vbDA1wY,
2024-02-01,Other,size-in-bytes,4951,
2024-02-01,Payload delivery,mime-type,application/json,
2024-02-01,Payload delivery,md5,b9bae4457b06a573bd813d78fb4c2300,Malware payload
2024-02-01,Payload delivery,sha256,c47c0ce52e405c4497c678e8aef7858aad2cae6dcf5644c38a6431b2e49dfdc6,Malware payload
2024-02-01,Payload delivery,tlsh,t17da198eb25795cfcc724c7c655c63e8357ed0053a2a4ad14ecac5f0c92fe8710269a,
2024-02-01,Payload delivery,ssdeep,48:Yxg3SPhJSPdqKkY7EbnlUQl264hpk6nYK+zMlFDF4w0dM0tXqlNjT2up9WMTv0mu:QO0ckB6KoTz9DEi1vgQYc7wI6P,
2024-02-01,Other,size-in-bytes,4850,
2024-02-01,Payload delivery,mime-type,application/json,
2024-02-01,Payload delivery,md5,57ce3fc479325d1db697a8795e6af5fe,Malware payload
2024-02-01,Payload delivery,sha256,ef127c3ec9c9343e5de292b717a6e065397329590bd0ebf8ae6329a676e289af,Malware payload
2024-02-01,Payload delivery,tlsh,t1d3a1a5ab32550cbc86244be694e53e8b87ad0163a094ed18f4ed4f4c85ff8e5037a9,
2024-02-01,Payload delivery,ssdeep,48:Yxg3SPhJSPdqKkY7EbnlUQl2oRifk/n0+aW/bDF4w0biYtX8rG2xp9WoKsYUxG19:QO7kTakuNe9yMG1vbDALqYcvp,
2024-02-01,Other,size-in-bytes,4953,
2024-02-01,Payload delivery,mime-type,application/json,
2024-02-01,Payload delivery,md5,bf49b67d4745c7b654142bc191d95722,Malware payload
2024-02-01,Payload delivery,sha256,9af1fff1f15431d2e225aac7aad84005c2b2e561f08144a0482997c3bd31cbd4,Malware payload
2024-02-01,Payload delivery,tlsh,t1ae91626625386c7cc758c5ca98fc3d4e56bd005bf1649c14a6ed8e0ae2ff1f183a62,
2024-02-01,Payload delivery,ssdeep,96:eyTrkYOhDH5R0DWfrfT594ds1Y7g1vUreHTMsgiFE+s1yZ7nTJeR:eyTQThr5RIWfrt94ds1Y7FrezMsgiFER,
2024-02-01,Other,size-in-bytes,4614,
2024-02-01,Payload delivery,mime-type,application/json,
2024-02-01,Payload delivery,md5,3452b54917b2b3257a4afcc197d84c0c,Malware payload
2024-02-01,Payload delivery,sha256,a8b0e4c4d435bcd31c23e2ce32fb8551d3efec565111674575b874ff4b137ba5,Malware payload
2024-02-01,Payload delivery,tlsh,t1ba91859a26095ebcca5497d3e4503ad7876e0093b198de2ce8fd9f08e1ef0f04276a,
2024-02-01,Payload delivery,ssdeep,48:YxY6wLdlpkofn16Ru+FzvDFU0NhtXN3rm/2xp9WhHp6Y2UHs1vhmObvK3moRteUM:TpkocRtp9hEA9Sr2Ss1vhPMeHLC3nuhx,
2024-02-01,Other,size-in-bytes,4274,
2024-02-01,Payload delivery,mime-type,application/json,
2024-02-01,Payload delivery,md5,f229319ad4a64e60cb2359c7ee85294c,Malware payload
2024-02-01,Payload delivery,sha256,c4e5d8b8a96ca43ecb8fc3af3874bd4fbf01fc2587389d99afbcf481dee2d3f8,Malware payload
2024-02-01,Payload delivery,tlsh,t1beb533f2b97247dee75303bbc68a99823003ad0f090e51dc866af4e957bcc354979e,
2024-02-01,Payload delivery,imphash,baa93d47220682c04d92f7797d9224ce,
2024-02-01,Payload delivery,ssdeep,49152:tI4w1y7NXp1rOEgqWVEk6II/XepNucS61/qgR9jGLm:57dzrOuHIiXe7qKcm,
2024-02-01,Other,size-in-bytes,2320896,
2024-02-01,Payload delivery,mime-type,application/x-dosexec,
2024-02-01,Payload delivery,md5,c8cff3bba701291db6327fdc29236a11,Malware payload
2024-02-01,Payload delivery,sha256,5488a6e7c919ca76a2e903e52be83d636a08a9a3acfad83e58a7f285e7aa61f0,Malware payload
2024-02-01,Payload delivery,tlsh,t1e9a1965f31151cac861847eb98e13e8b97ad00b3a1d4ac18b4ed5f4c96fe8f103769,
2024-02-01,Payload delivery,ssdeep,48:Yxg3SPhJSPdqKkY7EbnlUQl2PRifk/n0+aWKSPmDF4w0biYtXDSPGq2Hp9WcseN+:QOGkTaUeuef49VEMG1vHRA4Hs8t,
2024-02-01,Other,size-in-bytes,4922,
2024-02-01,Payload delivery,mime-type,application/json,
2024-02-01,Payload delivery,md5,81b62b092ab887c1890bea1faf12d4be,Malware payload
2024-02-01,Payload delivery,sha256,739dd9dc7e7c2145c9b76eb54f0fe9029530773309fe14846a033d7ff73066ad,Malware payload
2024-02-01,Payload delivery,tlsh,t1a1532b09b3879331ca651a75c0e7d42102f6a7872a73db8e3d8416c65e23bf28e537,
2024-02-01,Payload delivery,imphash,f34d5f2d4577ed6d9ceec516c1f5a744,
2024-02-01,Payload delivery,ssdeep,1536:YmKfvt5iFDa/lxyIL8IZKtKKOX9IbnhS:YXv+FD03f8IgwKQ9IQ,
2024-02-01,Other,size-in-bytes,62464,
2024-02-01,Payload delivery,mime-type,application/x-dosexec,
2024-02-01,Payload delivery,md5,68afd269de1626950f5548b74692f4ac,Malware payload
2024-02-01,Payload delivery,sha256,5ff12c0553cb842996f83e87199d5bec706c7b125b97fabc2dc5fd27bc4ce570,Malware payload
2024-02-01,Payload delivery,tlsh,t1b4a1a69b11681cbcc714dbc255d93a8797ed0113a2a8ed18fced5f0c82ff4a60366a,
2024-02-01,Payload delivery,ssdeep,48:Yxg3SPhJSPdqKkY7EbnlUQl2mhpk6nYK+zebDF4w0dM0tX8r82bp9WG9sYUfi1vJ:QO0kBAKpg9nEi1v1/Y6uSrP,
2024-02-01,Other,size-in-bytes,4971,
2024-02-01,Payload delivery,mime-type,application/json,
2024-02-01,Payload delivery,md5,e3a867ad0c896ded6c663ddac3113925,Malware payload
2024-02-01,Payload delivery,sha256,c2e8248c6c0df6f1df3f32264188ae93bb2d044fc43f0133c0b2474ab37bf2b5,Malware payload
2024-02-01,Payload delivery,tlsh,t175b533f59935da65d67317b8204a0be192935e4f828305423ee0f829effe870daf2d,
2024-02-01,Payload delivery,imphash,baa93d47220682c04d92f7797d9224ce,
2024-02-01,Payload delivery,ssdeep,49152:EaTkB4lRn/G7fZPdKzMtaKkFk1xGjh8/4nU2OBYKSY6VT2y8:E7M/oVd8zKf1m8wU2OBWYqT2y8,
2024-02-01,Other,size-in-bytes,2310144,
2024-02-01,Payload delivery,mime-type,application/x-dosexec,
2024-02-01,Payload delivery,md5,c82d7afc267cffeff84a94851ded8fb7,Malware payload
2024-02-01,Payload delivery,sha256,a817465615f7419495011eb7525b1fcebd6e331e391dfe69243c75258d5afe70,Malware payload
2024-02-01,Payload delivery,tlsh,t14a91732629385c7cc658c4ca88fc3d8f567d005bf2609c14a6dd8e0ae2ff1f187a65,
2024-02-01,Payload delivery,ssdeep,96:eyqrkYOhDH5R0DWfrfT594ds1Y7g1vUreHTMsgiFEuAraJeR:eyqQThr5RIWfrt94ds1Y7FrezMsgiFEF,
2024-02-01,Other,size-in-bytes,4624,
2024-02-01,Payload delivery,mime-type,application/json,
2024-02-01,Payload delivery,md5,41a4dbf050c03df62c0f326e3d3bce0e,Malware payload
2024-02-01,Payload delivery,sha256,2b9af22d274e22390c019574e46233e759e835805efefea9310c5eb67f58cd09,Malware payload
2024-02-01,Payload delivery,tlsh,t12da1a79b36554cbcc624c7da94e13e8b53ad00b3a094ed18e8ac5f5c95fe8f1037ea,
2024-02-01,Payload delivery,ssdeep,48:Yxg3SPhJSPdqKkY7EbnlUQl2rRifk/n0+aWblFDF4w0biYtXqlNBT2Hp9Wt0mUxh:QOukTaGuIT49YMG1veKA33+xS,
2024-02-01,Other,size-in-bytes,4832,
2024-02-01,Payload delivery,mime-type,application/json,
2024-02-01,Payload delivery,md5,a9c1b3f51cb542fb1e55dfc4978fa435,Malware payload
2024-02-01,Payload delivery,sha256,ec5c092eaeeb6dd81addcf8a2f17d70b8562348e7d04148c329474efca0a458f,Malware payload
2024-02-01,Payload delivery,tlsh,t10aa1649732554c7c8b2487ea94e63a6b47ad1077a0d49c28e9ed4f4c91ff8f10266d,
2024-02-01,Payload delivery,ssdeep,48:Yxg3SPhJSPdqKkY7EbnlUQl2JRifk/n0+aWHbgDF4w0biYtXcgFi2Hp9WoibUxGn:QOYkTaRug49KMG1v5vAm5I4T,
2024-02-01,Other,size-in-bytes,4780,
2024-02-01,Payload delivery,mime-type,application/json,
2024-02-01,Payload delivery,md5,6bf0a3fb0147f984e10696de699a827f,Malware payload
2024-02-01,Payload delivery,sha256,f34e7fac3281f32a6a3b3c0f61d1ddd1935206cb27968b7d165a26fe37ff2bd9,Malware payload
2024-02-01,Payload delivery,tlsh,t178a1635732554cbc8a2487eb94e23eab47ad10a3a0949c24a5ad5f4c95ff8e1027ad,
2024-02-01,Payload delivery,ssdeep,48:Yxg3SPhJSPdqKkY7EbnlUQl2g/Rifk/n0+aWHbgDF4w0biYtXcgFi2Hp9WoibUxm:QOmMkTaRug49KMG1v5vA1ju,
2024-02-01,Other,size-in-bytes,4770,
2024-02-01,Payload delivery,mime-type,application/json,
2024-02-01,Payload delivery,md5,1dc659d7d049497dd7b07ff07ed6e3e5,Malware payload
2024-02-01,Payload delivery,sha256,b3459353c6fc636a4c5516f5934383a3e69c0dc775b2a95c6a8882847db18fc5,Malware payload
2024-02-01,Payload delivery,tlsh,t1f4918666261c0cbdc7298bd7a01c76d76bae0277a084fd2888bd5f0ca5ff2b141769,
2024-02-01,Payload delivery,ssdeep,96:jjKekxq8pVFawTH9o2nTv71vzhHtsIZh0M0R+:jjKvguFaA9o2nbdhNsIr0M0R+,
2024-02-01,Other,size-in-bytes,4225,
2024-02-01,Payload delivery,mime-type,application/json,
2024-02-01,Payload delivery,md5,6753707cbe87ee1ab0026e366d7e5a20,Malware payload
2024-02-01,Payload delivery,sha256,2569a4f233c84e9ca967f7593bcc0ffedd3794c9d8d2c1442de39a9c7558bf5a,Malware payload
2024-02-01,Payload delivery,tlsh,t18891c6b71a2c4c7dca2487d395903b97566f4167e084ad68baf88f08e0fe2f51137a,
2024-02-01,Payload delivery,ssdeep,48:Yx5AvwlYYwxKbsJkmnh+0DFU0omOtXxR23p9WtY2UKJ1vybaKqRrC3wxioi9vLlN:YAvwl+kv0S7U9/2FJ1vu8i9v+E,
2024-02-01,Other,size-in-bytes,4323,
2024-02-01,Payload delivery,mime-type,application/json,
2024-02-01,Payload delivery,md5,329f4a4ddd0542d24eb057a8497ddca1,Malware payload
2024-02-01,Payload delivery,sha256,0e52458d88179f16f0ba8c52faaf29bd4a9cc7d00baa35c30d2e8be9322200b8,Malware payload
2024-02-01,Payload delivery,tlsh,t1baa1a7ab25795cbdcb24c7c655c63e8357ed0013a3a4ac14ecad5f0c81fe8b1426aa,
2024-02-01,Payload delivery,ssdeep,48:Yxg3SPhJSPdqKkY7EbnlUQl26hpk6nYK+zMlFDF4w0dM0tXqlNjT2up9WMTv0mUf:QOkkB6KoTz9DEi1vgQYkoSmP,
2024-02-01,Other,size-in-bytes,4850,
2024-02-01,Payload delivery,mime-type,application/json,
2024-02-01,Payload delivery,md5,d9a05af0971992dc0a0e4bfe960246bb,Malware payload
2024-02-01,Payload delivery,sha256,d13bf93bf7c307592b9f875972c745f6e007de9e07d6474fb974190cc1e48b17,Malware payload
2024-02-01,Payload delivery,tlsh,t188917526251c0cbec6298b92e45c76d76bae026390c4fd2898bd8f4ca5ff2b141769,
2024-02-01,Payload delivery,ssdeep,96:jjbekxq8pVFawTH9o2nTv71vzhHtsIZh36kR+:jjbvguFaA9o2nbdhNsIr36kR+,
2024-02-01,Other,size-in-bytes,4215,
2024-02-01,Payload delivery,mime-type,application/json,
2024-02-01,Payload delivery,md5,f48ccd6d2d07f5bd0d8ed02966385a44,Malware payload
2024-02-01,Payload delivery,sha256,c4be3a1de76d9a148cad785273c3f8e882ecff09f0a577f17c9d961932efbf9f,Malware payload
2024-02-01,Payload delivery,tlsh,t1f891d7b3162c4cadca1487d7d5a03b87567f41abe0849e68b9fd8f08e0fe1f51136a,
2024-02-01,Payload delivery,ssdeep,48:Yx5AvwlYYwDKbsJkmnh+0DFU0omOtXxR23p9WtY2UKJ1vybaKqRrC3wxioibbrVp:YAvwlAkv0S7U9/2FJ1vu8ibbrKE,
2024-02-01,Other,size-in-bytes,4323,
2024-02-01,Payload delivery,mime-type,application/json,
2024-02-01,Payload delivery,md5,a1f12e62e4250abc426e6b9115bc3baa,Malware payload
2024-02-01,Payload delivery,sha256,b4511396be18c5fbd241156eafd89633c29396ea29a907f1cdd11bcd98ce5a8c,Malware payload
2024-02-01,Payload delivery,tlsh,t130a176ab21691cbcc71487d359d53e8797ed0053a298ac18fced6f0c92fe4b103659,
2024-02-01,Payload delivery,ssdeep,48:Yxg3SPhJSPdqKkY7EbnlUQl2Hhpk6nYK+z9SPmDF4w0dM0tXDSPGo2up9WvseNEc:QORkBIeKezz9EEEi1vZhYQL+dP,
2024-02-01,Other,size-in-bytes,4940,
2024-02-01,Payload delivery,mime-type,application/json,
2024-02-01,Payload delivery,md5,c5e0e5d75603bc3096a409a092e26fed,Malware payload
2024-02-01,Payload delivery,sha256,e526eb8eeb3c1129f29d70bd43aa04fbcc544a8bc046032b87108e20e3a29c6a,Malware payload
2024-02-01,Payload delivery,tlsh,t19ea1c59b31654cbcc624c7ea94e23e8753ad00b3a094ec14a8ac4f5c81ee8f1027ea,
2024-02-01,Payload delivery,ssdeep,48:Yxg3SPhJSPdqKkY7EbnlUQl2BRifk/n0+aWblFDF4w0biYtXqlNBT2Hp9Wt0mUxf:QOkkTaGuIT49YMG1veKAbm4,
2024-02-01,Other,size-in-bytes,4832,
2024-02-01,Payload delivery,mime-type,application/json,
2024-02-01,Payload delivery,md5,e9d1c52adb658455fa12cacd7830bef8,Malware payload
2024-02-01,Payload delivery,sha256,e642a88a67f2ad5d5b7ed6a875f846cac8b5aeefcf418b16dcc1ae6d4f5dc797,Malware payload
2024-02-01,Payload delivery,tlsh,t1c7a1845b31551cac851487eb98e13e8b97bd00a3a0c8ac18b8ed5f4c96ff4f1037a9,
2024-02-01,Payload delivery,ssdeep,48:Yxg3SPhJSPdqKkY7EbnlUQl21+Rifk/n0+aWKSPmDF4w0biYtXDSPGq2Hp9Wcsex:QOzkTaUeuef49VEMG1vHRAv5t,
2024-02-01,Other,size-in-bytes,4932,
2024-02-01,Payload delivery,mime-type,application/json,
2024-02-01,Payload delivery,md5,e41e4a9dcca81cbe8e780bb7981ab3ab,Malware payload (RiseProStealer)
2024-02-01,Payload delivery,sha256,244845e0cf529c873948157228fd4d3194f7a52bd917ea3bfc81d7792278d578,Malware payload (RiseProStealer)
2024-02-01,Payload delivery,tlsh,t17b45232e05270144d4b5e7b89e4926bc7d7939fc840a0b2e67af0a6359e62dd372ec,
2024-02-01,Payload delivery,imphash,5ab723dc8d5af21b79dc301ed6a56a64,
2024-02-01,Payload delivery,ssdeep,24576:TmT4vOprTpkp58CYk+7LCnvZ/n0VwQqsiK3Hxb2AtKhq96dn:SsOUY4nVylX3HQAb,
2024-02-01,Other,size-in-bytes,1196032,
2024-02-01,Payload delivery,mime-type,application/x-dosexec,
2024-02-01,Payload delivery,md5,81cc526990dca3dcec1cde9500755b78,Malware payload
2024-02-01,Payload delivery,sha256,904c9e3872b792b84d1b44ec05cdc4a5202d562739e05597010f56291daba3df,Malware payload
2024-02-01,Payload delivery,tlsh,t1e7a1c7ab31264c7cca2487ea98d13e8b576d00b39194dc14b8fd5f4c81fe8f1037a9,
2024-02-01,Payload delivery,ssdeep,48:Yxg3SPhJSPdqKkY7EbnlUQl26Rifk/n0+aW0DF4w0biYtXnR2Hp9WO8ZUxG1v+b/:QOZkTa1uh49AMG1vSmAq8ute,
2024-02-01,Other,size-in-bytes,4856,
2024-02-01,Payload delivery,mime-type,application/json,
2024-02-01,Payload delivery,md5,706b4256d125f5f1f061733638963226,Malware payload
2024-02-01,Payload delivery,sha256,1a8385b624c7a397856368608239285966933c9eeda665033dc7257a41b03f5d,Malware payload
2024-02-01,Payload delivery,tlsh,t14891752661580cbd8628869be4443ef35bee05a391d4ac28d4be5f5ca0ff6f101769,
2024-02-01,Payload delivery,ssdeep,96:zOzO6+km7O8ZlOFKiwTH9DnT71vfihHxisoZ5E274+:SPHKT9TTx+RJoDE273,
2024-02-01,Other,size-in-bytes,4272,
2024-02-01,Payload delivery,mime-type,application/json,
2024-02-01,Payload delivery,md5,16bcb2c3b0c378c0563cd38b0fdad3b8,Malware payload
2024-02-01,Payload delivery,sha256,4f0d5a94c8053779448e43532c4ac0d0c4750267aa2f7858951dfbbf09219e3e,Malware payload
2024-02-01,Payload delivery,tlsh,t18da1b7ab35664c7c8a1487da98e13e8b57ad01b3a194ec18f9ed5f4c81ff8f103769,
2024-02-01,Payload delivery,ssdeep,48:Yxg3SPhJSPdqKkY7EbnlUQl2PRifk/n0+aW0DF4w0biYtXnR2Hp9WO8ZUxG1v+bz:QOakTa1uh49AMG1vSmAJBos7,
2024-02-01,Other,size-in-bytes,4856,
2024-02-01,Payload delivery,mime-type,application/json,
2024-02-01,Payload delivery,md5,fe0bf08936816af6250b4570da3a68df,Malware payload (Amadey)
2024-02-01,Payload delivery,sha256,9ce437dd719d2dac08747c52bfdb6b699623c2c5cb2ce480b9d45c7d1b16c930,Malware payload (Amadey)
2024-02-01,Payload delivery,tlsh,t18e0533eec703b200f1b0ba7509c3c64d9b94bc5970895d12a75f0bb91df098e9f6b9,
2024-02-01,Payload delivery,imphash,7515ecf8c0dfa4d230ad835fe0acb57f,
2024-02-01,Payload delivery,ssdeep,12288:e4kkqPc6GSon9o7YNQa1F85ZwKd89BcFTKhh+VauUPnIpVwYMHclSqtXxg:K26KnOwQuyEvO2eIkioB52,
2024-02-01,Other,size-in-bytes,809984,
2024-02-01,Payload delivery,mime-type,application/x-dosexec,
2024-02-01,Payload delivery,md5,8820997a41d29793d375b53e1567c1a9,Malware payload
2024-02-01,Payload delivery,sha256,b35f3e8766bf0255ac7ba475fa865acc4fda7920b0490a60be68d1c2da139387,Malware payload
2024-02-01,Payload delivery,tlsh,t1d791742662180cbd8728869be0543af35bee05a3a194ac28d4ae5f5ca1ff6f101765,
2024-02-01,Payload delivery,ssdeep,96:zOzOG+km7O8ZlOFKiwTH9DnT71vfihHxisoZ5m1kxIQq74+:+PHKT9TTx+RJoD2WPq3,
2024-02-01,Other,size-in-bytes,4262,
2024-02-01,Payload delivery,mime-type,application/json,
2024-02-01,Payload delivery,md5,15ef14303d964130bbab5ad5a01d4593,Malware payload
2024-02-01,Payload delivery,sha256,a5bf24702e7e77335c1d712ddfeeed4bb18415fe59bdedd4d3d46f408ed0e9b8,Malware payload
2024-02-01,Payload delivery,tlsh,t1349185ebb1155eb8c51fc5ea56a938cecabd005390346c1cd5ae4b0b88fe1b51363d,
2024-02-01,Payload delivery,ssdeep,96:XGm9k0yan4wgaBSQcsTN9+BMOy0G1vRctHsz9UAeG5nBvVXr:K0049rVGmldBd,
2024-02-01,Other,size-in-bytes,4529,
2024-02-01,Payload delivery,mime-type,application/json,
2024-02-01,Payload delivery,md5,6636e18a59671402403d6d3ea17d29d3,Malware payload
2024-02-01,Payload delivery,sha256,b92fd659adf9bd6d41aa484e56e8d26e7ab1b784732c0d541ea08d2998492c33,Malware payload
2024-02-01,Payload delivery,tlsh,t1b091536a26095dbdcb9496d3d9803ac7c76e0053a194dd3ce4bd9f08a2ef1f102b6a,
2024-02-01,Payload delivery,ssdeep,48:YxY6wedlpkofn16Ru+FvDF4w0NhtXpk2Kp9Wo6sUHs1vFbvKzRteU3wxioorbkgE:epkocRtxYyH97Ss1vdTHW/mx,
2024-02-01,Other,size-in-bytes,4403,
2024-02-01,Payload delivery,mime-type,application/json,
2024-02-01,Payload delivery,md5,a734c1d01eee7c337c2cb14c554ebbf7,Malware payload (BumbleBee)
2024-02-01,Payload delivery,sha256,76133b2c175d27d5d1da5a0438584e841503c9f0126e23d3b902713e068f6f63,Malware payload (BumbleBee)
2024-02-01,Payload delivery,tlsh,t11c45f022e2921ff4d476917781ab252bbb703e2c0725d377ebc0d2377d927a05b196,
2024-02-01,Payload delivery,imphash,47e01530ad43ec939d1c47709a80a5c6,
2024-02-01,Payload delivery,ssdeep,24576:TxhCe4aaHIzu/q3zSYizOyNZpE6Gy+9nKzhfAQEvksapWsqBO:eh/++Y8b/FOCV,
2024-02-01,Other,size-in-bytes,1223686,
2024-02-01,Payload delivery,mime-type,application/x-dosexec,
2024-02-01,Payload delivery,md5,b38e1771b984430f841fd289da91a82b,Malware payload
2024-02-01,Payload delivery,sha256,09467e01ef4181559c07ef73612463c1be12bf9754deb9c085f3daf9d1bc2c24,Malware payload
2024-02-01,Payload delivery,tlsh,t15791b7b7162c4cbcc62487d3a9943bd7567f4167e0949d68b9b88f0ce0fe1b11136a,
2024-02-01,Payload delivery,ssdeep,96:YAvwl3kvQISnya0o9HT2FJ1vltPBiWBbnE:YAvHXo9z2FBikrE,
2024-02-01,Other,size-in-bytes,4329,
2024-02-01,Payload delivery,mime-type,application/json,
2024-02-01,Payload delivery,md5,a7a9bbb05da4701b2d2983430a3ea1d2,Malware payload
2024-02-01,Payload delivery,sha256,7df0d97c54edefd2074beb737d5a795974da22147a5291c6d9c1ba1d27e551e3,Malware payload
2024-02-01,Payload delivery,tlsh,t14cb533ed1b36e0a9d86343fe55ee91140a83fd23e436026ea877fa8497bd7b4b104c,
2024-02-01,Payload delivery,imphash,baa93d47220682c04d92f7797d9224ce,
2024-02-01,Payload delivery,ssdeep,49152:KMUrUaTRnxroerXu5Q7iUGLhqk9/d6cFpirM6MLejBTO:lUVRxEejCl16cFpEHMK6,
2024-02-01,Other,size-in-bytes,2303488,
2024-02-01,Payload delivery,mime-type,application/x-dosexec,
2024-02-01,Payload delivery,md5,ef8b7f6a1edc7e366a69a33ae8c87bd6,Malware payload
2024-02-01,Payload delivery,sha256,bfcdc817f6fb90953b61b70240478c7d7f59bb4d8d1279f544548891b63cb3da,Malware payload
2024-02-01,Payload delivery,tlsh,t12491649a26095dbcca5496d3e9943ad7c76e0493b0a8dd2cd4fc9f08f1ef1f04276a,
2024-02-01,Payload delivery,ssdeep,48:YxY6wUdlpkofn16Ru+FzvDFU0NhtXN3rm/2xp9WhHp6Y2UHs1vhmObvK3moRteUH:cpkocRtp9hEA9Sr2Ss1vhPMeHLiEhqx,
2024-02-01,Other,size-in-bytes,4274,
2024-02-01,Payload delivery,mime-type,application/json,
2024-02-01,Payload delivery,md5,44fbce193f921ecc358919c14f087673,Malware payload
2024-02-01,Payload delivery,sha256,9fc9548936786099891e06f2e320e60492551b1e00bb7692fa3488ad5837a5a6,Malware payload
2024-02-01,Payload delivery,tlsh,t1a4917466261c0cbd87358b92a05c7ad76bee02739084fd2888bd8f0ca5ff2b141769,
2024-02-01,Payload delivery,ssdeep,96:jjQekxq8pVFawTH9o2nTv71vzhHtsIZhI95xR+:jjQvguFaA9o2nbdhNsIrIXxR+,
2024-02-01,Other,size-in-bytes,4215,
2024-02-01,Payload delivery,mime-type,application/json,
2024-02-01,Payload delivery,md5,67b7d900e7bd51ce1f4e1bb192fc6875,Malware payload
2024-02-01,Payload delivery,sha256,f92791cfc676f4d95e763813a6d8c4cd336fca737cb93740783dd909e98cde3e,Malware payload
2024-02-01,Payload delivery,tlsh,t144a186ab11681cbd8714cbc755d93a9387ed0113a2a8ac18fced5f0c82ff4b603669,
2024-02-01,Payload delivery,ssdeep,48:Yxg3SPhJSPdqKkY7EbnlUQl2Ghpk6nYK+zebDF4w0dM0tX8r82bp9WG9sYUfi1vh:QOEkBAKpg9nEi1v1/YjJuG4P,
2024-02-01,Other,size-in-bytes,4981,
2024-02-01,Payload delivery,mime-type,application/json,
2024-02-01,Payload delivery,md5,dee31ce41acceb3be887f61ed8fe7814,Malware payload
2024-02-01,Payload delivery,sha256,9cd62f7d45345fa4bf4e9db0a262474d7a9b1a60b2c8054062138e077629eea0,Malware payload
2024-02-01,Payload delivery,tlsh,t14ca184ab31150cacc61987da94e53f8b97bd0063a494ec24a4ac5f5c92ff8f143769,
2024-02-01,Payload delivery,ssdeep,48:Yxg3SPhJSPdqKkY7EbnlUQl2fRifk/n0+aWCDF4w0biYtXnQbZ2Hp9WjyUxG1vCT:QOWkTa1uAbZ49bMG1vCb8vbJAR/ke,
2024-02-01,Other,size-in-bytes,5005,
2024-02-01,Payload delivery,mime-type,application/json,
2024-02-01,Payload delivery,md5,081137b66a967bdeb0be5ed5392b1b2c,Malware payload
2024-02-01,Payload delivery,sha256,78409d5dd08e0f5e978a9add89b7c334d3f4af8ae98f04b2e53b27dff476ee41,Malware payload
2024-02-01,Payload delivery,tlsh,t19291657562180c7d873582c7a4557ad767be0267a0d4ec28a8bd4f0cb6ff1f205b69,
2024-02-01,Payload delivery,ssdeep,96:lbZknCs+w/05TH9I681vdEHAbpZcwHSfO:lb21R0B9I6KEgbp+wHSfO,
2024-02-01,Other,size-in-bytes,4237,
2024-02-01,Payload delivery,mime-type,application/json,
2024-02-01,Payload delivery,md5,241c7c98dbab4fcbfe4ffdbc7c782a69,Malware payload
2024-02-01,Payload delivery,sha256,8cc666565afe0ba5d29716e2e7833c52834c8fddb326c1bbe767e73fe6f8051a,Malware payload
2024-02-01,Payload delivery,tlsh,t1279164e7b1155eb9c51fc5ea56d939cfcabd001390709c18e59d4a0b88fe1b51363d,
2024-02-01,Payload delivery,ssdeep,96:XGA9k0yan4wgaBSQcsTN9+BMOy0G1vRctHsz9UAeGhqW0TVXr:w0049rVGmlgW0J,
2024-02-01,Other,size-in-bytes,4529,
2024-02-01,Payload delivery,mime-type,application/json,
2024-02-01,Payload delivery,md5,42d85e6e2c9576b73d337829d341d51d,Malware payload
2024-02-01,Payload delivery,sha256,24e7db2f16530d338a179922339d3ddf850b26c5c349e6bb8afcfcec032e8ec8,Malware payload
2024-02-01,Payload delivery,tlsh,t1a3a1b7ab35664c7cca1487ea98e53e8b57ac00b39194ec14b8fd5f4cc1ee8f103759,
2024-02-01,Payload delivery,ssdeep,48:Yxg3SPhJSPdqKkY7EbnlUQl2QRifk/n0+aW0DF4w0biYtXnR2Hp9WO8ZUxG1v+bc:QOHkTa1uh49AMG1vSmAnVW,
2024-02-01,Other,size-in-bytes,4856,
2024-02-01,Payload delivery,mime-type,application/json,
2024-02-01,Payload delivery,md5,d3849950971bd35624edd23d5ce38a37,Malware payload
2024-02-01,Payload delivery,sha256,fa04b31473dae32be457f5ff5ddaf0608b6953b1e3e731799e5f94315f435c61,Malware payload
2024-02-01,Payload delivery,tlsh,t10da194eb15695cbccb14c7c685c93a8797ed015363a8ac14fded6f0c82ee4a143659,
2024-02-01,Payload delivery,ssdeep,48:Yxg3SPhJSPdqKkY7EbnlUQl2ihpk6nYK+z1DF4w0dM0tXnT2up9WSFo8ZUfi1vAd:QOskB5KDz9vLEi1vYYYicP,
2024-02-01,Other,size-in-bytes,4884,
2024-02-01,Payload delivery,mime-type,application/json,
2024-02-01,Payload delivery,md5,49e54b1d329d6560e76a6ac2d685dd60,Malware payload
2024-02-01,Payload delivery,sha256,dd6cd51aeed05ed041b0644a57faf8531d29a382c77c8136b692648072a177f7,Malware payload
2024-02-01,Payload delivery,tlsh,t1fa91426615386c7cc758c5ca98fc3d4e567d105bf2609c14a6dd8e0ae2ff1f183a65,
2024-02-01,Payload delivery,ssdeep,96:eyVrkYOhDH5R0DWfrfT594ds1Y7g1vUreHTMsgiFEf2BJeR:eyVQThr5RIWfrt94ds1Y7FrezMsgiFEb,
2024-02-01,Other,size-in-bytes,4624,
2024-02-01,Payload delivery,mime-type,application/json,
2024-02-01,Payload delivery,md5,d873cca8a7fa5c7bfa75d8825f3d44cb,Malware payload
2024-02-01,Payload delivery,sha256,77abec884350dc80ca3d3a00143c2c1b645cc8d10450ac7be728bd2f2ba9320d,Malware payload
2024-02-01,Payload delivery,tlsh,t191a1749f21692cbc8a14c7d699d53f8797ed0053a298ac18bced5f0c92ff4a203659,
2024-02-01,Payload delivery,ssdeep,48:Yxg3SPhJSPdqKkY7EbnlUQl25Khpk6nYK+z9SPmDF4w0dM0tXDSPGo2up9WvseNa:QOykBIeKezz9EEEi1vZhYKGOuSdP,
2024-02-01,Other,size-in-bytes,4940,
2024-02-01,Payload delivery,mime-type,application/json,
2024-02-01,Payload delivery,md5,05db9c257cb4c78467d5de38d64a571d,Malware payload
2024-02-01,Payload delivery,sha256,7d471e761d4356068b4906573d6fd94aefa912537328e8bea73c19231330c827,Malware payload
2024-02-01,Payload delivery,tlsh,t1c6a1936732554cbc8b2487ea94e63eaf47ad00b7a0949c24a5ed4f4c91ff8f1027ad,
2024-02-01,Payload delivery,ssdeep,48:Yxg3SPhJSPdqKkY7EbnlUQl2NRifk/n0+aWHbgDF4w0biYtXcgFi2Hp9WoibUxGX:QO0kTaRug49KMG1v5vA6nPyy,
2024-02-01,Other,size-in-bytes,4770,
2024-02-01,Payload delivery,mime-type,application/json,
2024-02-01,Payload delivery,md5,481d39429de689ee5f697d8b45b07354,Malware payload
2024-02-01,Payload delivery,sha256,0f62b2603d6cbc8a9922e59fb13f6d210b66a6275955f8174c64583d0866ab7b,Malware payload
2024-02-01,Payload delivery,tlsh,t18aa175eb61651cbcca28c7c690d93b8797fd015352a4ec28a89c5b0cd3ff9b153669,
2024-02-01,Payload delivery,ssdeep,48:Yxg3SPhJSPdqKkY7EbnlUQl2fhpk6nYK+z1DF4w0dM0tXnGbZ2up9WSgyUfi1vUq:QO5kBhKWbZz9BEi1vUb8pbbYk1P,
2024-02-01,Other,size-in-bytes,5023,
2024-02-01,Payload delivery,mime-type,application/json,
2024-02-01,Payload delivery,md5,901d78f7eaaecb55120cee3af89f8432,Malware payload
2024-02-01,Payload delivery,sha256,261291d632aa7515a810011eeddb496c5bf7e45bb74beeba7909aa0576583e89,Malware payload
2024-02-01,Payload delivery,tlsh,t1f8a1849b21692cbcca1487d259d53f8797ed0053a298bc58fded6f0c92fe4b103655,
2024-02-01,Payload delivery,ssdeep,48:Yxg3SPhJSPdqKkY7EbnlUQl2Xhpk6nYK+z9SPmDF4w0dM0tXDSPGo2up9WvseNEf:QOBkBIeKezz9EEEi1vZhYpIdP,
2024-02-01,Other,size-in-bytes,4940,
2024-02-01,Payload delivery,mime-type,application/json,
2024-02-01,Payload delivery,md5,3c804ed0521cee662ceb769d9e3fd9d4,Malware payload (BumbleBee)
2024-02-01,Payload delivery,sha256,787b864fbdbe23cba6895fedb916e1d8a4de792843db3610b8f345d73b644cd7,Malware payload (BumbleBee)
2024-02-01,Payload delivery,tlsh,t1f045e011e2921fe4d4ba917680ab252bbb703e1c0725d377abc0d3377d937a45b1ab,
2024-02-01,Payload delivery,imphash,47e01530ad43ec939d1c47709a80a5c6,
2024-02-01,Payload delivery,ssdeep,24576:RX2XuxPjBCdsjb/mwzOW2R1c527W6osp2fp7zVrwzeH:jx7BzOWclYplMSH,
2024-02-01,Other,size-in-bytes,1222669,
2024-02-01,Payload delivery,mime-type,application/x-dosexec,
2024-02-01,Payload delivery,md5,8041de1208b762d83b60efd16c0835d2,Malware payload (AgentTesla)
2024-02-01,Payload delivery,sha256,8fb139015b1e26ec43b040fb23ca629952d03089f30b0152e07905d2d6ba615d,Malware payload (AgentTesla)
2024-02-01,Payload delivery,tlsh,t179a4120b8bd4c7a5cfabb4f2fc2c09963769cad4b196c7070cc8a4e25d83b452de92,
2024-02-01,Payload delivery,imphash,f34d5f2d4577ed6d9ceec516c1f5a744,
2024-02-01,Payload delivery,ssdeep,12288:MDuLGQiTz/8OVFEMoH9EOgSs4DGfFY4SKexd14igO02ww:MSaQiTz/8GivBs4DGtYrKGd14iZ02ww,
2024-02-01,Other,size-in-bytes,472064,
2024-02-01,Payload delivery,mime-type,application/x-dosexec,
2024-02-01,Payload delivery,md5,0b48490129b5c1216b435d8ef0797be9,Malware payload
2024-02-01,Payload delivery,sha256,990d9c959bcdc05cc1079e66e7214d550e2cfcad61444fc44b23b79f49d4bb41,Malware payload
2024-02-01,Payload delivery,tlsh,t15ba1749712685cbccb14c7d655da3aab83ed001392a4ac24aded5f0c92ff8b502669,
2024-02-01,Payload delivery,ssdeep,48:Yxg3SPhJSPdqKkY7EbnlUQl2ihpk6nYK+zobgDF4w0dM0tXcg/i2up9WXibUfi1b:QOckBtKCz93Ei1vnfYdY7P,
2024-02-01,Other,size-in-bytes,4798,
2024-02-01,Payload delivery,mime-type,application/json,
2024-02-01,Payload delivery,md5,3af0d6b6cdbc871ca8cd2f311116a1df,Malware payload
2024-02-01,Payload delivery,sha256,fd30274efac77fb7dd8521700557d4a9168b4601a99a0f097b6c69b6a0ea965e,Malware payload
2024-02-01,Payload delivery,tlsh,t138b533e11b77f649e293933eb13f1eaa0657aefb6001634a1980fe22133f534c599c,
2024-02-01,Payload delivery,imphash,baa93d47220682c04d92f7797d9224ce,
2024-02-01,Payload delivery,ssdeep,49152:8XPn5ygQd+FHPR82wO0VBvWccWQPAcC8b6a5uASGURe4MlXA1Wp:8XhygQwFvNwO8DcWQPjRfuA+exlXA1,
2024-02-01,Other,size-in-bytes,2312704,
2024-02-01,Payload delivery,mime-type,application/x-dosexec,
2024-02-01,Payload delivery,md5,99d212af3d7509d6e54ad335c2724084,Malware payload
2024-02-01,Payload delivery,sha256,433e01ead234f0afd92afdb74ccfe9dbb20b6b7076615e39f8bb8c124d1999dd,Malware payload
2024-02-01,Payload delivery,tlsh,t15c91545a26085dbdcb9496d3d8803ad7cb6e0053e194ed38e4bd8f08a1ef1f10276a,
2024-02-01,Payload delivery,ssdeep,48:YxY6wDsdlpkofn16Ru+FvDF4w0NhtXpk2Kp9Wo6sUHs1vFbvKzRteU3wxioorbpg:zkpkocRtxYyH97Ss1vdTHWp3ax,
2024-02-01,Other,size-in-bytes,4403,
2024-02-01,Payload delivery,mime-type,application/json,
2024-02-01,Payload delivery,md5,da152b87238a770e7768117350e71689,Malware payload
2024-02-01,Payload delivery,sha256,7837cee0025e327138c607b847aa2d30a86d677ba5ce83a994da395f51754d1c,Malware payload
2024-02-01,Payload delivery,tlsh,t151a197ab15641cbdc71487c355d93a8787ed0113a2a8ad14fced5f0c91ff4b6036aa,
2024-02-01,Payload delivery,ssdeep,48:Yxg3SPhJSPdqKkY7EbnlUQl22hpk6nYK+zebDF4w0dM0tX8r82bp9WG9sYUfi1v3:QOAkBAKpg9nEi1v1/YuAiP,
2024-02-01,Other,size-in-bytes,4971,
2024-02-01,Payload delivery,mime-type,application/json,
2024-02-01,Payload delivery,md5,8b345d5ce075390f9b187329477e14f7,Malware payload
2024-02-01,Payload delivery,sha256,48d0f87d7a9270dfb5d096a364f94fafd19a67f88defe979983a212fc96a2c84,Malware payload
2024-02-01,Payload delivery,tlsh,t16ea174ab31550cbcc62983da94e53f8b97bc01635494ec28a4ac9f5c96ff8f1437ad,
2024-02-01,Payload delivery,ssdeep,48:Yxg3SPhJSPdqKkY7EbnlUQl2BRifk/n0+aWCDF4w0biYtXnQbZ2Hp9WjyUxG1vCJ:QOwkTa1uAbZ49bMG1vCb8vbJAuUbv,
2024-02-01,Other,size-in-bytes,5005,
2024-02-01,Payload delivery,mime-type,application/json,
2024-02-01,Payload delivery,md5,abbdd9c6ae6217bb0b4ade7b336b0d0a,Malware payload
2024-02-01,Payload delivery,sha256,4205bafb3045f4ccf7e0a692d4b353f59b22d53a65026401b2cd7291404783ae,Malware payload
2024-02-01,Payload delivery,tlsh,t1d1a163eb61651cbcca19c7c690d93b8697fd011352a4ec28ac9c6f0c92ff87253669,
2024-02-01,Payload delivery,ssdeep,48:Yxg3SPhJSPdqKkY7EbnlUQl2Khpk6nYK+z1DF4w0dM0tXnGbZ2up9WSgyUfi1vU8:QOIkBhKWbZz9BEi1vUb8pbbYiZP,
2024-02-01,Other,size-in-bytes,5023,
2024-02-01,Payload delivery,mime-type,application/json,
2024-02-01,Payload delivery,md5,3a5063af84e70356e8be4b3dfffdccf6,Malware payload (RiseProStealer)
2024-02-01,Payload delivery,sha256,7287c2956095b130705f6504580cbf3774b56b6118f646338341c116588cd407,Malware payload (RiseProStealer)
2024-02-01,Payload delivery,tlsh,t1f74523fd528d9320d162d5f51810840eabfdb978b0cc26213eafa75b5d2c1de3b1ba,
2024-02-01,Payload delivery,imphash,5ab723dc8d5af21b79dc301ed6a56a64,
2024-02-01,Payload delivery,ssdeep,24576:rWd8ToiVW/brP7w9Q6umlLHwLwQMyEvODjIPQOnQ3v0lHhnHm:rXzk/vPvvrlLD0QOQcHhnHm,
2024-02-01,Other,size-in-bytes,1195520,
2024-02-01,Payload delivery,mime-type,application/x-dosexec,
2024-02-01,Payload delivery,md5,831b197daa43360b92bbadb9c854b027,Malware payload
2024-02-01,Payload delivery,sha256,fdfe524b93847db64087e6850ce1d9a7b2589576c79c0bcccf4db39c34326cf2,Malware payload
2024-02-01,Payload delivery,tlsh,t10091627222180d7d863482c6b4557ad367be0267a0d4ac28a8fd4f4cf7ef1f205b69,
2024-02-01,Payload delivery,ssdeep,96:2bZknCs+w/05TH9I681vdEHAbpZcU1MdjdO:2b21R0B9I6KEgbp+bdjdO,
2024-02-01,Other,size-in-bytes,4238,
2024-02-01,Payload delivery,mime-type,application/json,
2024-02-01,Payload delivery,md5,4dac5ee8b2202b488e7ee9f02a068f77,Malware payload
2024-02-01,Payload delivery,sha256,ba8c3f2b4f610af7bcb3902c016b1c8008937c3b6ee14d840b0b33d5745dde22,Malware payload
2024-02-01,Payload delivery,tlsh,t1b1a1a5ab15695cbccb14c7c695c93a8797ed015393a8ac18fded6f0c82fe8b103659,
2024-02-01,Payload delivery,ssdeep,48:Yxg3SPhJSPdqKkY7EbnlUQl2Wjhpk6nYK+z1DF4w0dM0tXnT2up9WSFo8ZUfi1vu:QOEkB5KDz9vLEi1vYYYW1yP,
2024-02-01,Other,size-in-bytes,4874,
2024-02-01,Payload delivery,mime-type,application/json,
2024-02-01,Payload delivery,md5,35e48d69f19238d3e5f962a30ee527d9,Malware payload
2024-02-01,Payload delivery,sha256,3403741df950d48e061ebe0820f60e1afd493dc0025a393c4fec05e35ef81e1b,Malware payload
2024-02-01,Payload delivery,tlsh,t1769196e771155eb8c51fc5ea959939cfcabd011390305c1cd5ad4b0b88fe1b51363d,
2024-02-01,Payload delivery,ssdeep,96:XG69k0yan4wgaBSQcsTN9+BMOy0G1vRctHsz9UAeGy2837VXr:S0049rVGmly20,
2024-02-01,Other,size-in-bytes,4529,
2024-02-01,Payload delivery,mime-type,application/json,
2024-02-01,Payload delivery,md5,42cb40f45be46be8321daeb10e68a2bc,Malware payload
2024-02-01,Payload delivery,sha256,c20f317f74a85bd3bac0bd3a2fe760e86611b1800165736905b4adb99898a43a,Malware payload
2024-02-01,Payload delivery,tlsh,t107a1875b31551cbc852487eb98e13e8b97bd00b3a184ec18b8dd5f4ca6fe8f103759,
2024-02-01,Payload delivery,ssdeep,48:Yxg3SPhJSPdqKkY7EbnlUQl2FRifk/n0+aWKSPmDF4w0biYtXDSPGq2Hp9WcseNv:QOwkTaUeuef49VEMG1vHRApjt,
2024-02-01,Other,size-in-bytes,4922,
2024-02-01,Payload delivery,mime-type,application/json,
2024-02-01,Payload delivery,md5,8d5f95fb2f56c869cac860bc234976fb,Malware payload
2024-02-01,Payload delivery,sha256,fec4d573471263734e9e808611f75ec479af684ba59b46b97a374f05b17e0df0,Malware payload
2024-02-01,Payload delivery,tlsh,t1d391535a26095dbdcb9496d3e5803ec7876e0053f1a4ee2ce4bd9b08a1ef1f10276a,
2024-02-01,Payload delivery,ssdeep,48:YxY6wmudlpkofn16Ru+FvDF4w0NhtXpk2Kp9Wo6sUHs1vFbvKzRteU3wxioorbon:TpkocRtxYyH97Ss1vdTHWoLCzex,
2024-02-01,Other,size-in-bytes,4403,
2024-02-01,Payload delivery,mime-type,application/json,
2024-02-01,Payload delivery,md5,c4fe056015699436572861f9206ea5ab,Malware payload
2024-02-01,Payload delivery,sha256,997fe12e056ceceae44d77a0ed9a2ed695e8e03725ba460216cf0d40f68f1fa0,Malware payload
2024-02-01,Payload delivery,tlsh,t18991639a27085dbcca5496d3e9503ad7876e0493b094dd2ce9fd9f08e1ef0f002759,
2024-02-01,Payload delivery,ssdeep,48:YxY6wjdlpkofn16Ru+FkDFU0NhtXeV2Qp9We6T2UHs1vibvKqRteU3wxioLECEEh:LpkocRtG9U/9K2Ss1veiHL5ElMx,
2024-02-01,Other,size-in-bytes,4274,
2024-02-01,Payload delivery,mime-type,application/json,
2024-02-01,Payload delivery,md5,53e6b9c10444d481c5212f7c0eaed69b,Malware payload
2024-02-01,Payload delivery,sha256,fbe5b09b6f9d1b7e999d346b0c65dbe736744f7ae34c983d5566b80f76ccef81,Malware payload
2024-02-01,Payload delivery,tlsh,t1ed9195b7162c0cbc8a2487d7a5a43bd7477f4167e0949d68b9b88f08e0fe1f50176a,
2024-02-01,Payload delivery,ssdeep,96:YAvwlGkvQISnya0o9HT2FJ1vltPBip+WAgnE:YAvoXo9z2FBip+WAQE,
2024-02-01,Other,size-in-bytes,4339,
2024-02-01,Payload delivery,mime-type,application/json,
2024-02-01,Payload delivery,md5,721e8603bf687653a91850c964f444da,Malware payload
2024-02-01,Payload delivery,sha256,8d0d73f0e604b434c20324cccf888e41c76ba0a693714468a07b05569a2538c3,Malware payload
2024-02-01,Payload delivery,tlsh,t1af91859a26095dbdca5497d3e9403ad7c7ae0093b198de2ce5fc9f08e1ef1f04276a,
2024-02-01,Payload delivery,ssdeep,48:YxY6whdlpkofn16Ru+FzvDFU0NhtXN3rm/2xp9WhHp6Y2UHs1vhmObvK3moRteUz:BpkocRtp9hEA9Sr2Ss1vhPMeHLLEx,
2024-02-01,Other,size-in-bytes,4273,
2024-02-01,Payload delivery,mime-type,application/json,
2024-02-01,Payload delivery,md5,926e19209341a707d176ca2715f94e5e,Malware payload
2024-02-01,Payload delivery,sha256,9f49dc8fe01470fa49e1b7effb85b0fc3d777cf6305e802304cdb214e0e65e64,Malware payload
2024-02-01,Payload delivery,tlsh,t1c2a1a75b31654cbcc624c7ea94e23e8757ac00b3a1d4ad14a8ac4f5c95fe8f1037e9,
2024-02-01,Payload delivery,ssdeep,48:Yxg3SPhJSPdqKkY7EbnlUQl2WRifk/n0+aWblFDF4w0biYtXqlNBT2Hp9Wt0mUx8:QOlkTaGuIT49YMG1veKAi4+,
2024-02-01,Other,size-in-bytes,4832,
2024-02-01,Payload delivery,mime-type,application/json,
2024-02-01,Payload delivery,md5,0b8b87dea2dd54ecdad2b7fc41d1e603,Malware payload
2024-02-01,Payload delivery,sha256,b7b36347183cdd60f65d7c4ab00ae8af43f353054be4488f82e94a5a988fc77d,Malware payload
2024-02-01,Payload delivery,tlsh,t16aa1a4ab32550cbc86248be794e53e8b47ad01a3a1d4ed18f4ad4f4c85ff8f5037a9,
2024-02-01,Payload delivery,ssdeep,48:Yxg3SPhJSPdqKkY7EbnlUQl2oRifk/n0+aW/bDF4w0biYtX8rG2xp9WoKsYUxG1a:QO7kTakuNe9yMG1vbDA5nIyEs,
2024-02-01,Other,size-in-bytes,4963,
2024-02-01,Payload delivery,mime-type,application/json,
2024-02-01,Payload delivery,md5,6bd9e430ac7a95b03c3dd69691405043,Malware payload
2024-02-01,Payload delivery,sha256,47fcb89a61f9f76629a3c8cda04810458f766dcc8428be72d2462989f01b81fe,Malware payload
2024-02-01,Payload delivery,tlsh,t1e841dd7ccf29f8e0033db0a088492e2620949e57d6f58e24d9574ee62d7c20acf1b1,
2024-02-01,Payload delivery,ssdeep,48:LGfEFWuJqs9HZNjd+SfprcKyK0hE6S1FtfsC5P3RX5ZWiaoIhSNtQ:LGfEFW87jd+Sfpbaq6S1FtfsC5P39Ef9,
2024-02-01,Other,size-in-bytes,2219,
2024-02-01,Payload delivery,mime-type,text/plain,
2024-02-01,Payload delivery,md5,a3e7c2d0fc15ab5370a2216f9d370aea,Malware payload
2024-02-01,Payload delivery,sha256,6c3004967b5003771444cccfa9c8e18bf7dc7331fee0583b988fbf867d79aef1,Malware payload
2024-02-01,Payload delivery,tlsh,t1bd91652561580cbd8a2886dbe0447af35bee05a391d4ec28d4be9f5cb1ff6f101769,
2024-02-01,Payload delivery,ssdeep,96:zOzOm+km7O8ZlOFKiwTH9DnT71vfihHxisoZ5SUch4+:OPHKT9TTx+RJoDSUS3,
2024-02-01,Other,size-in-bytes,4262,
2024-02-01,Payload delivery,mime-type,application/json,
2024-02-01,Payload delivery,md5,3f905390360331514ff20841089373bc,Malware payload
2024-02-01,Payload delivery,sha256,ea79efc97a7d7dbe5fb1d05e532ad4f589b64f7d610bf5330737991383c929d0,Malware payload
2024-02-01,Payload delivery,tlsh,t1449164aa27085dbdca54a6d3e5903ad7876e0493b094dd2ce8fd9f08f1ef1f002769,
2024-02-01,Payload delivery,ssdeep,48:YxY6wtqdlpkofn16Ru+FkDFU0NhtXeV2Qp9We6T2UHs1vibvKqRteU3wxioLiGOd:8pkocRtG9U/9K2Ss1veiHLobx,
2024-02-01,Other,size-in-bytes,4274,
2024-02-01,Payload delivery,mime-type,application/json,
2024-02-01,Payload delivery,md5,04442a4de9fc62e48d58b9ec81101829,Malware payload
2024-02-01,Payload delivery,sha256,4c24b186ef810f0f3f47e6497d951d38037f594a0418e0fd7f42bd719eb5a919,Malware payload
2024-02-01,Payload delivery,tlsh,t146532a19b38b9321d6784ab8e0f3d5a003f197c76573d69e3ec052c90e52be19a827,
2024-02-01,Payload delivery,imphash,f34d5f2d4577ed6d9ceec516c1f5a744,
2024-02-01,Payload delivery,ssdeep,768:HNL8/11W4B7GKTUcpMGWUb83RL5NQkBJakMLBb6VencG0XV+N2fAp:tKq87TTU4i3RL52sUkMNb6Ve3O+fp,
2024-02-01,Other,size-in-bytes,61952,
2024-02-01,Payload delivery,mime-type,application/x-dosexec,
2024-02-01,Payload delivery,md5,624a043b50feed397f6fa300965289f8,Malware payload (Amadey)
2024-02-01,Payload delivery,sha256,16bbc9ee6e14e768ec0daf24d8845a65f47bda604da86ce2a2f6c0dae6a34c5e,Malware payload (Amadey)
2024-02-01,Payload delivery,tlsh,t1160523910a33e2c1db70e7f8288522b96f1c708e550ecb2629cf4159486abffd730a,
2024-02-01,Payload delivery,imphash,7515ecf8c0dfa4d230ad835fe0acb57f,
2024-02-01,Payload delivery,ssdeep,12288:lq+A6ZA15Yy4abn2Ho7YNQF2YcKify3ipwsxA492/2VM6+FD7ITkI9+B+:lUr2sbn2IwQYsiK3ew092p9F4T,
2024-02-01,Other,size-in-bytes,809984,
2024-02-01,Payload delivery,mime-type,application/x-dosexec,
2024-02-01,Payload delivery,md5,43e9c8446eb78f5b0e8e5b1386fc857b,Malware payload
2024-02-01,Payload delivery,sha256,50f0259c363a28a0b0c25e4ba579f7991c8fd01be547c571886e1394ad1d9668,Malware payload
2024-02-01,Payload delivery,tlsh,t1ad91b5b71a284cadca1487d795903b8796bf41a7f0849e68f9f88f0cd0fe1f51136a,
2024-02-01,Payload delivery,ssdeep,48:Yx5AvwlYYwQKbsJkmnh+0DFU0omOtXxR23p9WtY2UKJ1vybaKqRrC3wxioifrHlE:YAvwlnkv0S7U9/2FJ1vu8ifBE,
2024-02-01,Other,size-in-bytes,4333,
2024-02-01,Payload delivery,mime-type,application/json,
2024-02-01,Payload delivery,md5,a5c456b2367268773b0e1665dcae8809,Malware payload
2024-02-01,Payload delivery,sha256,bf9ad8240eb8a85228d5420565f699bd2cd4bbee3f61644dedc2c488d5483d2f,Malware payload
2024-02-01,Payload delivery,tlsh,t179b533e7123f4112e1ab6b7f2614c91397636d1b61438e448b47f8168bbcf38a78dd,
2024-02-01,Payload delivery,imphash,baa93d47220682c04d92f7797d9224ce,
2024-02-01,Payload delivery,ssdeep,49152:oixxHCZZvBgc34B2J5VprTl4Ll4Naluz1Pd9+skdYwGZA:oOHYNBgch/Vprp4B/WJd9+skdYlZ,
2024-02-01,Other,size-in-bytes,2289664,
2024-02-01,Payload delivery,mime-type,application/x-dosexec,
2024-02-01,Payload delivery,md5,42b40c970d1a6d1cb2205beb140c5986,Malware payload
2024-02-01,Payload delivery,sha256,a47b0ddbd416d5dc6e3aeab596d180f04788fca7aaffd17ff1db855744cd6168,Malware payload
2024-02-01,Payload delivery,tlsh,t110a1989b25795cbccb24c7c655d63e8757ed001362a4ad14ecac5f0c91fe8b1426aa,
2024-02-01,Payload delivery,ssdeep,48:Yxg3SPhJSPdqKkY7EbnlUQl2jhpk6nYK+zMlFDF4w0dM0tXqlNjT2up9WMTv0mUm:QONkB6KoTz9DEi1vgQYkJ4oP,
2024-02-01,Other,size-in-bytes,4850,
2024-02-01,Payload delivery,mime-type,application/json,
2024-02-01,Payload delivery,md5,d7cb8d0c921ff62495807fafcf3cbf5d,Malware payload
2024-02-01,Payload delivery,sha256,4384fcc57b3c9767ab109b725d3b8299d5813d58d9950a120f50d2b4e4015cc4,Malware payload
2024-02-01,Payload delivery,tlsh,t1caa1879712685cbdcb24c7d751da3aab87ed0053a2a4ec14eded5f0c91ff8b102669,
2024-02-01,Payload delivery,ssdeep,48:Yxg3SPhJSPdqKkY7EbnlUQl2xhpk6nYK+zobgDF4w0dM0tXcg/i2up9WXibUfi1M:QOHkBtKCz93Ei1vnfY4NgtP,
2024-02-01,Other,size-in-bytes,4788,
2024-02-01,Payload delivery,mime-type,application/json,
2024-02-01,Payload delivery,md5,574f634cfc2b52d2b6aef8f7292beb60,Malware payload
2024-02-01,Payload delivery,sha256,5c8df21ce32e53987cc3beac53bef8ccc219ccd1fb2ee16d1bd359a7b0b515a3,Malware payload
2024-02-01,Payload delivery,tlsh,t19391669a27085dbdc65496e3d5503ad7876e0093b198dd2cd8fd9f08e1ef1f002799,
2024-02-01,Payload delivery,ssdeep,48:YxY6w0dlpkofn16Ru+FkDFU0NhtXeV2Qp9We6T2UHs1vibvKqRteU3wxioLSqKbw:8pkocRtG9U/9K2Ss1veiHLSqK6x,
2024-02-01,Other,size-in-bytes,4274,
2024-02-01,Payload delivery,mime-type,application/json,
2024-02-01,Payload delivery,md5,385912d589f097d091afb88fa3a3c6e2,Malware payload
2024-02-01,Payload delivery,sha256,9ffac956893db1b7ce01657012427991ce130ca58bcb30a16743dbeb7adddcda,Malware payload
2024-02-01,Payload delivery,tlsh,t187a175ab31550cbcc62887d694e13b8b97bc01b39494ec24a49c5f5c92ff8f1037ad,
2024-02-01,Payload delivery,ssdeep,48:Yxg3SPhJSPdqKkY7EbnlUQl2w/Rifk/n0+aWCDF4w0biYtXnQbZ2Hp9WjyUxG1v8:QOCMkTa1uAbZ49bMG1vCb8vbJAZQEgS,
2024-02-01,Other,size-in-bytes,5005,
2024-02-01,Payload delivery,mime-type,application/json,
2024-02-01,Payload delivery,md5,86dc19fc847935a39291544c3a91ed8a,Malware payload
2024-02-01,Payload delivery,sha256,d7f84f975fc46ddaa24a103d12fd52d816cd49b59f71c63483e7e52f10c0a309,Malware payload
2024-02-01,Payload delivery,tlsh,t1fca1979b25795cbcc724c7c655ca3e8397ed005362a4ad14ecec6f0c91fe4b10269a,
2024-02-01,Payload delivery,ssdeep,48:Yxg3SPhJSPdqKkY7EbnlUQl2XJhpk6nYK+zMlFDF4w0dM0tXqlNjT2up9WMTv0mF:QOPkB6KoTz9DEi1vgQYq51P,
2024-02-01,Other,size-in-bytes,4850,
2024-02-01,Payload delivery,mime-type,application/json,
2024-02-01,Payload delivery,md5,9f01ff1cd7b3f4e92280aa54d512f951,Malware payload
2024-02-01,Payload delivery,sha256,edeafa21effefc9f111470980d153aa12b828eb920a45183e571a95aee54fcad,Malware payload
2024-02-01,Payload delivery,tlsh,t1059194e770256eb8c51fc5ea96a939cecabd011390305c1ce5ae4b0b98fe1b51363d,
2024-02-01,Payload delivery,ssdeep,96:XG+9k0yan4wgaBSQcsTN9+BMOy0G1vRctHsz9UAeGXt6VXr:O0049rVGmlXq,
2024-02-01,Other,size-in-bytes,4529,
2024-02-01,Payload delivery,mime-type,application/json,
2024-02-01,Payload delivery,md5,af1ae1e1d6d877ddf03fc64fc3ad1a98,Malware payload
2024-02-01,Payload delivery,sha256,cf60bd84d7de9d5b34b2fc6a51e27eab511d73a776fef748c134695cf0e7d7ac,Malware payload
2024-02-01,Payload delivery,tlsh,t117463384fe9f704ae1e571ffaeb216710a4fe76b7f9151f884a09435025f249c0ac8,
2024-02-01,Payload delivery,imphash,4b8ea275b01195301d047f45b8ba14d3,
2024-02-01,Payload delivery,ssdeep,98304:HY217RwcQy5ZgDhgM7GRQ7mseOdmJ2wo8A5SuYTSSbHd7JGcvc8n0M0/cJDINHCT:117RwT8Z+iSFxdY2woouKrlU80v/pBCT,
2024-02-01,Other,size-in-bytes,5571006,
2024-02-01,Payload delivery,mime-type,application/x-dosexec,
2024-02-01,Payload delivery,md5,37fad2eff000a0dbd5797009cf5d8825,Malware payload
2024-02-01,Payload delivery,sha256,9b643243fe0c2371ef0f77dd7968911e15c5a5a2e8cc045d68827cd8875257d7,Malware payload
2024-02-01,Payload delivery,tlsh,t1dea1b7ab31654c7c8a1487ea98d13e8b576d01b3a194dc18f8bd5f4c91ff8f1437a9,
2024-02-01,Payload delivery,ssdeep,48:Yxg3SPhJSPdqKkY7EbnlUQl2FRifk/n0+aW0DF4w0biYtXnR2Hp9WO8ZUxG1v+bs:QOMkTa1uh49AMG1vSmAV5k,
2024-02-01,Other,size-in-bytes,4856,
2024-02-01,Payload delivery,mime-type,application/json,
2024-02-01,Payload delivery,md5,22fee547dfd974f634a08a809ff21389,Malware payload
2024-02-01,Payload delivery,sha256,c7908be375bb210d1be99e30ee957877c0c9a0caa0ba5896d3429fc25a47f117,Malware payload
2024-02-01,Payload delivery,tlsh,t12f469dc8f1e6dcfb0fd754c05e3ed9caab5bb12ec90e66482591bad1b99c835448e4,
2024-02-01,Payload delivery,ssdeep,98304:pmTznBwvl/wpgXfHNRlUoSM3oenEGhuoo7ydytEm:UB4OKHeoSMlbhuoo7Qyem,
2024-02-01,Other,size-in-bytes,5746180,
2024-02-01,Payload delivery,mime-type,application/octet-stream,
2024-02-01,Payload delivery,md5,efd2c2aa334df38950ceef4d1f92ba53,Malware payload
2024-02-01,Payload delivery,sha256,051fef02d1526f50159c1243c7b3583675ef09c8c968e4bcd86965d13ab2db9a,Malware payload
2024-02-01,Payload delivery,tlsh,t18391c4b7162c4cacca1483d795903b97576f41a7f0949e68f9b88f0ce0fe1f91136a,
2024-02-01,Payload delivery,ssdeep,48:Yx5AvwlYYwGKbsJkmnh+0DFU0omOtXxR23p9WtY2UKJ1vybaKqRrC3wxioiQca1f:YAvwl9kv0S7U9/2FJ1vu8iFBE,
2024-02-01,Other,size-in-bytes,4323,
2024-02-01,Payload delivery,mime-type,application/json,
2024-02-01,Payload delivery,md5,6c53df1022e8d17bb1b86ef53a6eb339,Malware payload
2024-02-01,Payload delivery,sha256,243e32ff4822d4350669445cd41ca7b436d4f3abd62519479c6a8d7959be4cff,Malware payload
2024-02-01,Payload delivery,tlsh,t1d1a185ab32550cbcc6248beb95e53e8b47ad0163a094ad18f4ad4f4c85ff8f5037a9,
2024-02-01,Payload delivery,ssdeep,48:Yxg3SPhJSPdqKkY7EbnlUQl2PRifk/n0+aW/bDF4w0biYtX8rG2xp9WoKsYUxG1g:QOykTakuNe9yMG1vbDAgG,
2024-02-01,Other,size-in-bytes,4952,
2024-02-01,Payload delivery,mime-type,application/json,
2024-02-01,Payload delivery,md5,93a5f8883087b30a2bfbb41aa530bb28,Malware payload (Amadey)
2024-02-01,Payload delivery,sha256,8850c10c46383bafebe6053d7cbaca3625b5ab73c9b267edd574c90aaaa7bed6,Malware payload (Amadey)
2024-02-01,Payload delivery,tlsh,t1f1936d26278d952fca4f05bce861a110277082b25543e78c5fa8c9ad342ffe99e05f,
2024-02-01,Payload delivery,imphash,f34d5f2d4577ed6d9ceec516c1f5a744,
2024-02-01,Payload delivery,ssdeep,1536:rD8Vu7vOjG3aPGzJG9GrxwHzcTkdqSHjDnsdyoNrzu0CvmVow5jxeiY:38VubOj2aPOM0xuwkd5HjDnsdyoNrzut,
2024-02-01,Other,size-in-bytes,88944,
2024-02-01,Payload delivery,mime-type,application/x-dosexec,
2024-02-01,Payload delivery,md5,6abf1e4a919ddbaf0b42da9ff4b495d0,Malware payload
2024-02-01,Payload delivery,sha256,ed699388b0606596a40d00bf2c974591d7b33b98d7f2bbaf5b81bb2a4f818ed5,Malware payload
2024-02-01,Payload delivery,tlsh,t1aea195af61696cbcc714c7d689d93e8797ed0053a298ac18bdec5f0c92ff4a103659,
2024-02-01,Payload delivery,ssdeep,48:Yxg3SPhJSPdqKkY7EbnlUQl2Ehpk6nYK+z9SPmDF4w0dM0tXDSPGo2up9WvseNEc:QOekBIeKezz9EEEi1vZhYZIE3fdP,
2024-02-01,Other,size-in-bytes,4940,
2024-02-01,Payload delivery,mime-type,application/json,
2024-02-01,Payload delivery,md5,e93d69ac1c5059ddd9a9f7b48348a826,Malware payload
2024-02-01,Payload delivery,sha256,a3da6edaecf56a9cdd79bab6eaf9a1b3d0437885ff8ba9a1f4df1b92e1655027,Malware payload
2024-02-01,Payload delivery,tlsh,t1c2a1a75f31151cbc861887ea98e13e8b87bd00a3a1c4ec18b8ed5f4896fe8f103799,
2024-02-01,Payload delivery,ssdeep,48:Yxg3SPhJSPdqKkY7EbnlUQl29Rifk/n0+aWKSPmDF4w0biYtXDSPGq2Hp9WcseNY:QOokTaUeuef49VEMG1vHRA7Wg8fVt,
2024-02-01,Other,size-in-bytes,4922,
2024-02-01,Payload delivery,mime-type,application/json,
2024-02-01,Payload delivery,md5,72dfca7b652e5da34d52f6f7ac8f3b12,Malware payload
2024-02-01,Payload delivery,sha256,82aa3fbcee5e1f9b9f2d9aed99354a75e51637cb8d9142048d5b5ec9bb1690df,Malware payload
2024-02-01,Payload delivery,tlsh,t16991537662180d7d863482c6a4597ad367be0267a0d4ac28a8fd4f4ca6ff1f205b59,
2024-02-01,Payload delivery,ssdeep,96:XbZknCs+w/05TH9I681vdEHAbpZcXTuOO:Xb21R0B9I6KEgbp+XT7O,
2024-02-01,Other,size-in-bytes,4238,
2024-02-01,Payload delivery,mime-type,application/json,
2024-02-01,Payload delivery,md5,ba8effa1529d44cfbd43f4d0231291df,Malware payload
2024-02-01,Payload delivery,sha256,20f74f4e4087046c22952a9c3b83cfacd154f3651a32bd4fad5520adae6136a5,Malware payload
2024-02-01,Payload delivery,tlsh,t19ab533f37ab5298de1e36b3ac24d89a561177cab4113190d2c20f9d3c77f930b65ac,
2024-02-01,Payload delivery,imphash,baa93d47220682c04d92f7797d9224ce,
2024-02-01,Payload delivery,ssdeep,49152:k9eWwqXxYItBbWtt074Nj3W9nqKnU+1qdIn8q4lk:k4J4xYUbes4Nj3W9nqFin+W,
2024-02-01,Other,size-in-bytes,2329600,
2024-02-01,Payload delivery,mime-type,application/x-dosexec,
2024-02-01,Payload delivery,md5,d5f357a2f8173415ce60bac8784c8bc6,Malware payload (RiseProStealer)
2024-02-01,Payload delivery,sha256,e73a267f79870563a23bcf5189aac60c33cd287fceb80da2834f36958b0ca992,Malware payload (RiseProStealer)
2024-02-01,Payload delivery,tlsh,t10c45339f8e1e9518e6faf5b66088459e4db87bd8c0075c253b8f113ebe244cdbb16c,
2024-02-01,Payload delivery,imphash,5ab723dc8d5af21b79dc301ed6a56a64,
2024-02-01,Payload delivery,ssdeep,24576:easJmOpTaPUc+gWOzwFf9S89ds1wQxsiK3BKT0raV:kxsPUctSxule3w4r,
2024-02-01,Other,size-in-bytes,1196032,
2024-02-01,Payload delivery,mime-type,application/x-dosexec,
2024-02-01,Payload delivery,md5,e804305de86516db80ab5f561c449df0,Malware payload
2024-02-01,Payload delivery,sha256,55ed8a979dff3e87097b5320c3553d0c74be1b774c086636029293746fc22756,Malware payload
2024-02-01,Payload delivery,tlsh,t1d2533a09b38b9365d5640ab880e7c41103f6a3472a73dbaf3dd412d54e62bd2ca53f,
2024-02-01,Payload delivery,imphash,f34d5f2d4577ed6d9ceec516c1f5a744,
2024-02-01,Payload delivery,ssdeep,1536:fK8J6/pWEyAK5MUcf7bbwIgJlFApJs3Z:PJE0E/K5oDbEIgJYXqZ,
2024-02-01,Other,size-in-bytes,62464,
2024-02-01,Payload delivery,mime-type,application/x-dosexec,
2024-02-01,Payload delivery,md5,2c78e7b8800dca97341cee1edc27a6ae,Malware payload
2024-02-01,Payload delivery,sha256,057551ac540cd696f4db82618a8c5b68d4ec004d96cc5516a66cb2efa3840105,Malware payload
2024-02-01,Payload delivery,tlsh,t163a1969711685cbccf14c7d645da3aab87ed0013a2a8ac14eded5f0c91ff8b10266d,
2024-02-01,Payload delivery,ssdeep,48:Yxg3SPhJSPdqKkY7EbnlUQl27hpk6nYK+zobgDF4w0dM0tXcg/i2up9WXibUfi1/:QOZkBtKCz93Ei1vnfY3Vy4yP,
2024-02-01,Other,size-in-bytes,4788,
2024-02-01,Payload delivery,mime-type,application/json,
2024-02-01,Payload delivery,md5,67ea4059aa5e7da45653720b96372269,Malware payload
2024-02-01,Payload delivery,sha256,aecc502cb25e50c902980f09f10b1cea361a997a49ebd973fefd0ce7fa62fe8d,Malware payload
2024-02-01,Payload delivery,tlsh,t125928f35a8a1641b403bd8f9356fa28df82194078c4749a4b11f412dcbf6e934faff,
2024-02-01,Payload delivery,ssdeep,384:OftrMf+F0e0H3nS2W6E45wse5QjuFwgzxdaqlU4:tIn0H3nSh6tOseQZgraqb,
2024-02-01,Other,size-in-bytes,19559,
2024-02-01,Payload delivery,mime-type,text/html,
2024-02-01,Payload delivery,md5,df38d2abe67159ef7b7db2c2e46a26ba,Malware payload
2024-02-01,Payload delivery,sha256,8be8369373b4f9374da723a7cd9cc7d304ed2eb2e752f893cb4f702285300221,Malware payload
2024-02-01,Payload delivery,tlsh,t13491632562580cbec62886dfe4443bb75bee059391d4ac28c4ae9f5ca0ff6f101769,
2024-02-01,Payload delivery,ssdeep,96:zOzOs+km7O8ZlOFKiwTH9DnT71vfihHxisoZ5m+r4+:kPHKT9TTx+RJoDmK3,
2024-02-01,Other,size-in-bytes,4272,
2024-02-01,Payload delivery,mime-type,application/json,
2024-02-01,Payload delivery,md5,271fa1486a4b437167d14538853db7af,Malware payload
2024-02-01,Payload delivery,sha256,76bf5d0557d447f5f78a53d4bc54263e5c4d8b93e45041aa247695088a1e57bb,Malware payload
2024-02-01,Payload delivery,tlsh,t1eba1625732554cbc8a2487ea94e63aaf47ad0073a494ac24e9ad5f4c91ff8f10276d,
2024-02-01,Payload delivery,ssdeep,48:Yxg3SPhJSPdqKkY7EbnlUQl2/1Rifk/n0+aWHbgDF4w0biYtXcgFi2Hp9WoibUxR:QOskTaRug49KMG1v5vA4v/4,
2024-02-01,Other,size-in-bytes,4770,
2024-02-01,Payload delivery,mime-type,application/json,
2024-02-01,Payload delivery,md5,1b4d59a54a600556d4af3210cc64c102,Malware payload
2024-02-01,Payload delivery,sha256,2d8425232a3accfae098ba4767ffc5bb6b299dcb4f1bd50f187e48ee7ec03a08,Malware payload
2024-02-01,Payload delivery,tlsh,t1ec41dd7ccf39f8e0033db0a088492e2620949e57d6f58e24d9574ee62d7c20acf2b1,
2024-02-01,Payload delivery,ssdeep,48:LGfEFWuJqs9HZNjd+SfprcKyK0hE6S1FtfsC5P3RX5ZWiaoIhSNtF:LGfEFW87jd+Sfpbaq6S1FtfsC5P39EfY,
2024-02-01,Other,size-in-bytes,2219,
2024-02-01,Payload delivery,mime-type,text/plain,
2024-02-01,Payload delivery,md5,7a0fe7388d7d736827920e8ac885b95b,Malware payload
2024-02-01,Payload delivery,sha256,e4ff1422e0fbe68c9760106da94ba9185d7e8d5c4ba1fe212c00ab21e6c7563f,Malware payload
2024-02-01,Payload delivery,tlsh,t1d7b533f5d43735eae5831b7ea207a76421479c17490425de1f12f28b3bbc3386b42e,
2024-02-01,Payload delivery,imphash,baa93d47220682c04d92f7797d9224ce,
2024-02-01,Payload delivery,ssdeep,49152:yPHZBKvhQaOVsC8/KT8b+G/xlvLuxxUHilHRDAuuy5Vkp:yfeQa3KGxl2xUCVRDAuuuk,
2024-02-01,Other,size-in-bytes,2350080,
2024-02-01,Payload delivery,mime-type,application/x-dosexec,
2024-02-01,Payload delivery,md5,85d0747878f85c0c9654d87c5196dcfc,Malware payload
2024-02-01,Payload delivery,sha256,da24e0c9ee6bec6da52d16707341d99e2fa8a3bddf9383d2c58746595e055254,Malware payload
2024-02-01,Payload delivery,tlsh,t185f14300db8b61fef40486b44265ae33e23cda094c5c8f74ea25ef679567d09b8c68,
2024-02-01,Payload delivery,ssdeep,48:7I9HOkJ/XrmKSxqxl1/SbcnqMeRSqHfFkrHkL94SqMV7nOYKl0IK+ppobYLQTnSN:VkJ/YwNSbcxo/AkL94ShlxGKetjJxs+,
2024-02-01,Other,size-in-bytes,8192,
2024-02-01,Payload delivery,mime-type,application/x-dosexec,
2024-02-01,Payload delivery,md5,97140e98cfb56db124bd6db90d3b0966,Malware payload
2024-02-01,Payload delivery,sha256,f2e597ac2c1d8796508d52310621ab202d1b52054a0caa906d4ad0d9168c960b,Malware payload
2024-02-01,Payload delivery,tlsh,t1e791522629386d7cc658c4ca98fc3d4e567e005bf1649c14a6ed8f0ae2ff1f183a65,
2024-02-01,Payload delivery,ssdeep,96:eyS6rkYOhDH5R0DWfrfT594ds1Y7g1vUreHTMsgiFEIFBJeR:eyS6QThr5RIWfrt94ds1Y7FrezMsgiFI,
2024-02-01,Other,size-in-bytes,4614,
2024-02-01,Payload delivery,mime-type,application/json,
2024-02-01,Payload delivery,md5,1608733b6a8b664a9ac2c2f767ac9e0d,Malware payload
2024-02-01,Payload delivery,sha256,97c86b621b80b07a7cf61f75d128b088e985b0279170ce1327913e9d17ef958a,Malware payload
2024-02-01,Payload delivery,tlsh,t1f491636a26095dbdcb9496d3e4843ac7c76e1453b094ed28e8fd8f08a1ff1f10276a,
2024-02-01,Payload delivery,ssdeep,48:YxY6wrdlpkofn16Ru+FvDF4w0NhtXpk2Kp9Wo6sUHs1vFbvKzRteU3wxioorb1mE:zpkocRtxYyH97Ss1vdTHW1tYox,
2024-02-01,Other,size-in-bytes,4413,
2024-02-01,Payload delivery,mime-type,application/json,
2024-02-01,Payload delivery,md5,cd23ec9eab9ac85c8a3d5b844fa156bb,Malware payload (RiseProStealer)
2024-02-01,Payload delivery,sha256,0cd53f436792c1b54222f7427caab6aa89dc2d89ff789aa3b9a85822771aaab7,Malware payload (RiseProStealer)
2024-02-01,Payload delivery,tlsh,t11b45333c122aa598ec389275c0d751c00f7d7aef6580534f934f9ab59eb82fc6729d,
2024-02-01,Payload delivery,imphash,5ab723dc8d5af21b79dc301ed6a56a64,
2024-02-01,Payload delivery,ssdeep,24576:xGSPQGzWdjkzqdQddorbCec43H2gXtwQGRHW/nSWG13lymLV:xGSP9zQQGFPCg3v9lGR2/SWRmL,
2024-02-01,Other,size-in-bytes,1196032,
2024-02-01,Payload delivery,mime-type,application/x-dosexec,
2024-02-01,Payload delivery,md5,c29b87f07964f1cb508170cadc38c235,Malware payload
2024-02-01,Payload delivery,sha256,5697d95e2a075922726261e37aa95828d8e0fbd4e27e3f90e80c305fc514544a,Malware payload
2024-02-01,Payload delivery,tlsh,t185a195eb65251cbcca14c7c294d93b8797fc011352a8ec28a89c5b0c93ff97253669,
2024-02-01,Payload delivery,ssdeep,48:Yxg3SPhJSPdqKkY7EbnlUQl2kSJhpk6nYK+z1DF4w0dM0tXnGbZ2up9WSgyUfi1P:QOt5kBhKWbZz9BEi1vUb8pbbYVDmNXP,
2024-02-01,Other,size-in-bytes,5023,
2024-02-01,Payload delivery,mime-type,application/json,
2024-02-01,Payload delivery,md5,5bccd5bfc0bea47539c42c72471a17be,Malware payload (BumbleBee)
2024-02-01,Payload delivery,sha256,d7d478414a844a497307d69868b77cb4e808c8bc05ab800094f8ef39ae232fd7,Malware payload (BumbleBee)
2024-02-01,Payload delivery,tlsh,t18645e021e6921ff4d472927281ab252bb6703e1d4325d37bebc0d2377d937e09b19a,
2024-02-01,Payload delivery,imphash,47e01530ad43ec939d1c47709a80a5c6,
2024-02-01,Payload delivery,ssdeep,24576:Offra4gKTihdT0HEi7M56wH3bL71O0a8Qz6bs/T75BV6ekyXBTpBqK9PaPq:mqxNi7MIwXbhyXwQ5,
2024-02-01,Other,size-in-bytes,1223183,
2024-02-01,Payload delivery,mime-type,application/x-dosexec,
2024-02-01,Payload delivery,md5,1fb6504089ac42673c5b35bd58671efe,Malware payload
2024-02-01,Payload delivery,sha256,dcf07b42f7d95093c9bdcf871f46d10a42fa4206ca5fb4d130b1b5f370cb9d1c,Malware payload
2024-02-01,Payload delivery,tlsh,t17491b6b7152c4cbc8a2487d3e5943bd7567f4167e084ad68b9ac8f0ce0fe1f50136a,
2024-02-01,Payload delivery,ssdeep,96:YAvwlokvQISnya0o9HT2FJ1vltPBi/o9EXnE:YAvCXo9z2FBig9E3E,
2024-02-01,Other,size-in-bytes,4329,
2024-02-01,Payload delivery,mime-type,application/json,
2024-02-01,Payload delivery,md5,27ae02a8e36418630a58725048e38ca0,Malware payload
2024-02-01,Payload delivery,sha256,c8731c020f416bee6bc157a4295eb011114d234283fffada492225c5145ed5a5,Malware payload
2024-02-01,Payload delivery,tlsh,t15aa185ab15691cbc8714c7d795d93a8387ed0113a2a8ac14fced5f0c82ff9b60366a,
2024-02-01,Payload delivery,ssdeep,48:Yxg3SPhJSPdqKkY7EbnlUQl2uhpk6nYK+zebDF4w0dM0tX8r82bp9WG9sYUfi1vc:QOskBAKpg9nEi1v1/YDJFEEP,
2024-02-01,Other,size-in-bytes,4981,
2024-02-01,Payload delivery,mime-type,application/json,
2024-02-01,Payload delivery,md5,ee08aad56b04d7323714a377b5cf9a90,Malware payload
2024-02-01,Payload delivery,sha256,4db7a4e78a807897c4dfeb64ab3eb537dcd715891711b273ffb847a312b4f048,Malware payload
2024-02-01,Payload delivery,tlsh,t1e6917526261c0cbdc6294b93a05c76d76bee02739084fd2888bd5f4ca5ff2b141769,
2024-02-01,Payload delivery,ssdeep,96:jjTekxq8pVFawTH9o2nTv71vzhHtsIZhPYwdR+:jjTvguFaA9o2nbdhNsIrQwdR+,
2024-02-01,Other,size-in-bytes,4215,
2024-02-01,Payload delivery,mime-type,application/json,
2024-02-01,Payload delivery,md5,2621036544dcf7da87585f5511dd3b22,Malware payload (RiseProStealer)
2024-02-01,Payload delivery,sha256,84da84c6836e1fa84af9a8de45fdd7839323495faa4d18d7ed7a4e152d6cf03f,Malware payload (RiseProStealer)
2024-02-01,Payload delivery,tlsh,t1fe4533752b7f6990d27313f5864802441bb9bdeeb306528ea4a70f250c78a9eb753c,
2024-02-01,Payload delivery,imphash,5ab723dc8d5af21b79dc301ed6a56a64,
2024-02-01,Payload delivery,ssdeep,24576:AGIfYVhQHhHSeI9Z2hgLnZR2EXwQxBaWnBCqLpLyUn9FRFSqs:AAVheyeI9Z1nZwMlxBaWntVLyCU,
2024-02-01,Other,size-in-bytes,1196032,
2024-02-01,Payload delivery,mime-type,application/x-dosexec,
2024-02-01,Payload delivery,md5,4525ce40521fbcf154db6e4076869944,Malware payload
2024-02-01,Payload delivery,sha256,0b442dda6eb18f7a96feeb222d1b09e9d42c0a9e9fcf3ae79503d49a4daeb894,Malware payload
2024-02-01,Payload delivery,tlsh,t1e0a194ab15395cbccb14c7c695c93a8797ed0153a3a8ac14fded6f0c82fe8b142659,
2024-02-01,Payload delivery,ssdeep,48:Yxg3SPhJSPdqKkY7EbnlUQl2vhpk6nYK+z1DF4w0dM0tXnT2up9WSFo8ZUfi1vA0:QOJkB5KDz9vLEi1vYYYC/ZEuP,
2024-02-01,Other,size-in-bytes,4874,
2024-02-01,Payload delivery,mime-type,application/json,
2024-02-01,Payload delivery,md5,a8f1da82130db0bb1fe89cf157bdc1ca,Malware payload
2024-02-01,Payload delivery,sha256,7dff45bd201646c40738a4f99e26f12933327188fcba7a58e33e51e7eea8cf69,Malware payload
2024-02-01,Payload delivery,tlsh,t11ea1a66b36554cbcc62487da94e23d4b57ad0073a1d4ed14a8ac9f5c94fe4f1027ea,
2024-02-01,Payload delivery,ssdeep,48:Yxg3SPhJSPdqKkY7EbnlUQl2s/Rifk/n0+aWblFDF4w0biYtXqlNBT2Hp9Wt0mUI:QOmMkTaGuIT49YMG1veKAW8CWM,
2024-02-01,Other,size-in-bytes,4832,
2024-02-01,Payload delivery,mime-type,application/json,
2024-02-01,Payload delivery,md5,bacfb5a479ea68d3bd477e6eadbcfa19,Malware payload
2024-02-01,Payload delivery,sha256,f43b9f31c5bbed47c9c3d758131fca70f69b0d5c166c2f15b0dbbaa9ce3b8fb7,Malware payload
2024-02-01,Payload delivery,tlsh,t17e91669926094dbcca4497d3e9843ad7876e0093b198dd2ce4fd9f08e1ef1f04276a,
2024-02-01,Payload delivery,ssdeep,48:YxY6wedlpkofn16Ru+FzvDFU0NhtXN3rm/2xp9WhHp6Y2UHs1vhmObvK3moRteUF:epkocRtp9hEA9Sr2Ss1vhPMeHLHulFhx,
2024-02-01,Other,size-in-bytes,4274,
2024-02-01,Payload delivery,mime-type,application/json,
2024-02-01,Payload delivery,md5,4fcc1abcbf5a7a6d20354da66513f4a0,Malware payload
2024-02-01,Payload delivery,sha256,03eebcad0c43ce6fb83920e89e6eac8ac42a30895e61e81cc66aa961c86628c4,Malware payload
2024-02-01,Payload delivery,tlsh,t1f0a1a79b11681cbdc714c7d255d93a8387ed0113a2a8ad18fced5f0c81ff9b603669,
2024-02-01,Payload delivery,ssdeep,48:Yxg3SPhJSPdqKkY7EbnlUQl2ihpk6nYK+zebDF4w0dM0tX8r82bp9WG9sYUfi1vC:QOkkBAKpg9nEi1v1/YFOmP,
2024-02-01,Other,size-in-bytes,4971,
2024-02-01,Payload delivery,mime-type,application/json,
2024-02-01,Payload delivery,md5,7949d80bdca5b936cc12c30c8ffc9e96,Malware payload
2024-02-01,Payload delivery,sha256,ff9ce1845a994093a9f880037febb9e4aa4ded9f23227a33aa666531b5c81a06,Malware payload
2024-02-01,Payload delivery,tlsh,t1d1a174ab31550cbcc52987da94e13b9b97bc01b39494ec24a49c9f5c92ff8f1437a9,
2024-02-01,Payload delivery,ssdeep,48:Yxg3SPhJSPdqKkY7EbnlUQl2qRifk/n0+aWCDF4w0biYtXnQbZ2Hp9WjyUxG1vCT:QOtkTa1uAbZ49bMG1vCb8vbJAaRkR,
2024-02-01,Other,size-in-bytes,5005,
2024-02-01,Payload delivery,mime-type,application/json,
2024-02-01,Payload delivery,md5,547cf648b8c553ea66b9e37a2b88b3e0,Malware payload
2024-02-01,Payload delivery,sha256,1e4479f4db1c08c906631358974ddf93af27df1ac19c27830d86df0ec4657b86,Malware payload
2024-02-01,Payload delivery,tlsh,t1d891629a26085dbcca5496e3d5903ad7876e1493b1d4ed28d8fd9f08e1ef1f00376a,
2024-02-01,Payload delivery,ssdeep,48:YxY6wTdlpkofn16Ru+FkDFU0NhtXeV2Qp9We6T2UHs1vibvKqRteU3wxioLzYafX:bpkocRtG9U/9K2Ss1veiHLzYaNx,
2024-02-01,Other,size-in-bytes,4284,
2024-02-01,Payload delivery,mime-type,application/json,
2024-02-01,Payload delivery,md5,42922704ebe394fe6d1164c16dbcd65d,Malware payload
2024-02-01,Payload delivery,sha256,86da1dba9cb6fb451c67afea289ee976d578681c12e51bd5e2d60b4f33ec5aad,Malware payload
2024-02-01,Payload delivery,tlsh,t10aa1856b31561cac851847eb98e13e9b87bd00b7a1c4ac18b8ed5f4896ff8f103769,
2024-02-01,Payload delivery,ssdeep,48:Yxg3SPhJSPdqKkY7EbnlUQl2wcRifk/n0+aWKSPmDF4w0biYtXDSPGq2Hp9WcseT:QO6kTaUeuef49VEMG1vHRAI1+t,
2024-02-01,Other,size-in-bytes,4922,
2024-02-01,Payload delivery,mime-type,application/json,
2024-02-01,Payload delivery,md5,6c3ef30b66801911e403735aba5c241c,Malware payload (Amadey)
2024-02-01,Payload delivery,sha256,de6c341f14b66a44579534d902c5f6c19bec7abc29d1efe281db529c1fb8a5a1,Malware payload (Amadey)
2024-02-01,Payload delivery,tlsh,t15e0523faa9bd5c21d0f4a8f518a20c9a8b7d27cd61dafc25131f248b1a641df5b1b3,
2024-02-01,Payload delivery,imphash,7515ecf8c0dfa4d230ad835fe0acb57f,
2024-02-01,Payload delivery,ssdeep,12288:inUNLLSKnx7o7YNQn4WioPJicryGBWECTDYqoh8gU1TQjUFfRR6Bcy:iMlnxEwQO6icoECfYtFUXIB/,
2024-02-01,Other,size-in-bytes,810496,
2024-02-01,Payload delivery,mime-type,application/x-dosexec,
2024-02-01,Payload delivery,md5,d4f9662a51d0ef44035618af69bc529d,Malware payload
2024-02-01,Payload delivery,sha256,ecf1abdf405227b75e073c1fbc7145cecf8d5477e4bdff8b2acd2882437d8002,Malware payload
2024-02-01,Payload delivery,tlsh,t1e4a1a4ab55695cbccb14c7c285c93b9797ed015393a4ac18bcec6f0c82fe8b142659,
2024-02-01,Payload delivery,ssdeep,48:Yxg3SPhJSPdqKkY7EbnlUQl2Phpk6nYK+z1DF4w0dM0tXnT2up9WSFo8ZUfi1vAH:QOxkB5KDz9vLEi1vYYYglI7P,
2024-02-01,Other,size-in-bytes,4884,
2024-02-01,Payload delivery,mime-type,application/json,
2024-02-01,Payload delivery,md5,a9d0f0b7259ba524e732fb57036a80c8,Malware payload (AgentTesla)
2024-02-01,Payload delivery,sha256,b2c159258e6b8d16c4798ed1879c7fb630bde3b84f8e28c894876bf1c1c8225f,Malware payload (AgentTesla)
2024-02-01,Payload delivery,tlsh,t10ca4120b47d9cbb6d762e6b6fc290ce43779ca857446cb4b0cc860e25d43f8a1ed92,
2024-02-01,Payload delivery,imphash,f34d5f2d4577ed6d9ceec516c1f5a744,
2024-02-01,Payload delivery,ssdeep,12288:2DuLGQiTz/8OVFiELwGEfIoVvu9mkgV+Pkb8NYgO02wwO:2SaQiTz/8GNwGEfIxeV+MwCZ02wwO,
2024-02-01,Other,size-in-bytes,480256,
2024-02-01,Payload delivery,mime-type,application/x-dosexec,
2024-02-01,Payload delivery,md5,f921c85c5a3161fd935167c71a86320e,Malware payload
2024-02-01,Payload delivery,sha256,904acb6df8d574ecabe302843d421193f8084002cbafca6f107790bf13eff99e,Malware payload
2024-02-01,Payload delivery,tlsh,t16da1955b31561cbc852487ea98e13e8b97ad00a3a1c4ec18f8ed5f5c96ff8f103759,
2024-02-01,Payload delivery,ssdeep,48:Yxg3SPhJSPdqKkY7EbnlUQl2CRifk/n0+aWKSPmDF4w0biYtXDSPGq2Hp9WcseNr:QO1kTaUeuef49VEMG1vHRA/6xBUt,
2024-02-01,Other,size-in-bytes,4932,
2024-02-01,Payload delivery,mime-type,application/json,
2024-02-01,Payload delivery,md5,3c0a65ac283013d860570d85ff916971,Malware payload
2024-02-01,Payload delivery,sha256,6edeb08cd2d54c0768efd9e8153e01e0b1eafaf9170405958c7fac30d73e3f13,Malware payload
2024-02-01,Payload delivery,tlsh,t1d891635a26085dbdcb9496d3d9443ac7d76e1093e094ee2ce8bd9f08e1ef1f10276a,
2024-02-01,Payload delivery,ssdeep,48:YxY6wPdlpkofn16Ru+FvDF4w0NhtXpk2Kp9Wo6sUHs1vFbvKzRteU3wxioorb5sb:HpkocRtxYyH97Ss1vdTHW5nzFex,
2024-02-01,Other,size-in-bytes,4403,
2024-02-01,Payload delivery,mime-type,application/json,
2024-02-01,Payload delivery,md5,328fc4d0c7053a943fd1c52d1ab0d63b,Malware payload
2024-02-01,Payload delivery,sha256,d462e3b6d9f35fe40c8af55add565d58159b5dc3659286ec09ecc7580e086aaa,Malware payload
2024-02-01,Payload delivery,tlsh,t1919164aa26095dbdca5496d3e8943ad7876e1093b098dd2ce4fc9f0ce1ef1f04276e,
2024-02-01,Payload delivery,ssdeep,48:YxY6wVdlpkofn16Ru+FzvDFU0NhtXN3rm/2xp9WhHp6Y2UHs1vhmObvK3moRteUJ:VpkocRtp9hEA9Sr2Ss1vhPMeHL2A4x,
2024-02-01,Other,size-in-bytes,4274,
2024-02-01,Payload delivery,mime-type,application/json,
2024-02-01,Payload delivery,md5,85d6403ba3420544c71fe3d663688f58,Malware payload
2024-02-01,Payload delivery,sha256,d39209be857acdab5c7847eadc9ad327b3085bb6961d2b36e236ed4874da756d,Malware payload
2024-02-01,Payload delivery,tlsh,t12bb533d66e3ad058d623033cd11cae95b9137dab1034d4e63946f168d3bf07c5aaaf,
2024-02-01,Payload delivery,imphash,baa93d47220682c04d92f7797d9224ce,
2024-02-01,Payload delivery,ssdeep,49152:CwDK9tYtdeJqQGhykH/jjL006WO9t6LyUvApt:CwDGdu+WyBUvut,
2024-02-01,Other,size-in-bytes,2317824,
2024-02-01,Payload delivery,mime-type,application/x-dosexec,
2024-02-01,Payload delivery,md5,de6ec5106cc6a41e4bd68d83ebdb0e4e,Malware payload
2024-02-01,Payload delivery,sha256,cafbb5154f0e2f01072fdfb67afe7e2a02b89f23b080aec2f2939e36fbc2d8be,Malware payload
2024-02-01,Payload delivery,tlsh,t1e3b533ee957a01d1e08307bcacc82ec844135eb746f6e02c55b2f8a5d7fea354a44d,
2024-02-01,Payload delivery,imphash,baa93d47220682c04d92f7797d9224ce,
2024-02-01,Payload delivery,ssdeep,49152:v0mNvfhNq1mlSd2UqO4Ap0dnWssLUqxn+ehcTpoPTMH7S/0s:vBvfhMYlSziAKA1IqJ+e6TpaMbS8s,
2024-02-01,Other,size-in-bytes,2358272,
2024-02-01,Payload delivery,mime-type,application/x-dosexec,
2024-02-01,Payload delivery,md5,8dbc920e8d7586c73fada3d73d3d0e4e,Malware payload
2024-02-01,Payload delivery,sha256,9509bf84e88664abcc2bbd89d991a6693db3f153fdf9f50728ee87774bb6ebe8,Malware payload
2024-02-01,Payload delivery,tlsh,t17091622629385c7cc75884ca98fc3d8f567e005bf1649c14a5ee8e0ae2ff1f183a65,
2024-02-01,Payload delivery,ssdeep,96:ey51rkYOhDH5R0DWfrfT594ds1Y7g1vUreHTMsgiFEMHb9JeR:ey51QThr5RIWfrt94ds1Y7FrezMsgiFi,
2024-02-01,Other,size-in-bytes,4614,
2024-02-01,Payload delivery,mime-type,application/json,
2024-02-01,Payload delivery,md5,2172649a1dc0844b97e22206c6645560,Malware payload
2024-02-01,Payload delivery,sha256,76d43cee005fe78f30c510c95d6b268a7213b9ecb822417db6749843154d83f0,Malware payload
2024-02-01,Payload delivery,tlsh,t182a1b86b35654cbcc624c7ea54e13e4b57ad0077a0d4ed14a8ac4f5c95fe8f1037ea,
2024-02-01,Payload delivery,ssdeep,48:Yxg3SPhJSPdqKkY7EbnlUQl2VnRifk/n0+aWblFDF4w0biYtXqlNBT2Hp9Wt0mUK:QOX0kTaGuIT49YMG1veKAVHwQK,
2024-02-01,Other,size-in-bytes,4832,
2024-02-01,Payload delivery,mime-type,application/json,
2024-02-01,Payload delivery,md5,584b7cb661813ce9b28a57f3f7f3d4f7,Malware payload
2024-02-01,Payload delivery,sha256,72dceceaebdf3f5ac3a93e3a154e1632052664bdc0588de1aad114643c2bda24,Malware payload
2024-02-01,Payload delivery,tlsh,t18ba1769b51691cbc861487d258d93e8797fd0053a298ac18bded5f0c92ff8a103659,
2024-02-01,Payload delivery,ssdeep,48:Yxg3SPhJSPdqKkY7EbnlUQl2Zhpk6nYK+z9SPmDF4w0dM0tXDSPGo2up9WvseNEm:QO7kBIeKezz9EEEi1vZhYE0K+dP,
2024-02-01,Other,size-in-bytes,4940,
2024-02-01,Payload delivery,mime-type,application/json,
2024-02-01,Payload delivery,md5,f468dd4d9cbf424d404365f42bbe33a7,Malware payload
2024-02-01,Payload delivery,sha256,c6c7950808377809eb0182693592c70764eb4210049be4cddde84539dfa6ea3e,Malware payload
2024-02-01,Payload delivery,tlsh,t118a1b7ab35664c7cca2487ea98e53e8b57ad00b39194dc14b9ed5f4c81ff8f103759,
2024-02-01,Payload delivery,ssdeep,48:Yxg3SPhJSPdqKkY7EbnlUQl2PRifk/n0+aW0DF4w0biYtXnR2Hp9WO8ZUxG1v+b0:QOqkTa1uh49AMG1vSmAzob,
2024-02-01,Other,size-in-bytes,4856,
2024-02-01,Payload delivery,mime-type,application/json,
2024-02-01,Payload delivery,md5,74ebcbd9be347b708f9f0e3b80e02b88,Malware payload
2024-02-01,Payload delivery,sha256,c061e4875dbf64171a8b6bab466c7d514aa8da3d61fa1fd4980ae6fd7d0f953c,Malware payload
2024-02-01,Payload delivery,tlsh,t1b8532b09b787a360c9550ab680e3c52003f6e74b76b7db4f3d8812c60f127e6c9937,
2024-02-01,Payload delivery,imphash,f34d5f2d4577ed6d9ceec516c1f5a744,
2024-02-01,Payload delivery,ssdeep,768:O5E88/1MiE60hJ8uX2UJAq6imLzY8+gR97rt++GycxSXbh1kEjIVXdX2fsi:ODK3MD2U+e8+CNTcxSXoKaXPi,
2024-02-01,Other,size-in-bytes,62976,
2024-02-01,Payload delivery,mime-type,application/x-dosexec,
2024-02-01,Payload delivery,md5,b49944d8ccb0ea75a3d8feaef338f7ab,Malware payload
2024-02-01,Payload delivery,sha256,03b9d7b3a7ac7dfeec280a7275b79a9e9bb8b8da3f6b0e6821164b725da6517b,Malware payload
2024-02-01,Payload delivery,tlsh,t11091559a27085dbcc65496e3d5803ad7876e0493b194ed2cd9fd9f08e1ef1f002759,
2024-02-01,Payload delivery,ssdeep,48:YxY6wUdlpkofn16Ru+FkDFU0NhtXeV2Qp9We6T2UHs1vibvKqRteU3wxioLVU3eF:cpkocRtG9U/9K2Ss1veiHLG3eTx,
2024-02-01,Other,size-in-bytes,4274,
2024-02-01,Payload delivery,mime-type,application/json,
2024-02-01,Payload delivery,md5,a63be609ff713c61b71a8bd3acf488f9,Malware payload
2024-02-01,Payload delivery,sha256,9b614237385c516f5377eca6d42d1967699ee2bb7ee793aaf47fe388cb3a49c2,Malware payload
2024-02-01,Payload delivery,tlsh,t1b7918462661c0cbe83294a97a01c76d76bae02739084fd2888bd9f0cb5ff2b141769,
2024-02-01,Payload delivery,ssdeep,96:jjyekxq8pVFawTH9o2nTv71vzhHtsIZhjWXp+7R+:jjyvguFaA9o2nbdhNsIrjKwR+,
2024-02-01,Other,size-in-bytes,4225,
2024-02-01,Payload delivery,mime-type,application/json,
2024-02-01,Payload delivery,md5,f80f1bd16e2a18e6501044d98501b462,Malware payload
2024-02-01,Payload delivery,sha256,8b9b5b7b1a5f8bca15ed1c4a1353850b4ac71b88d85bfd04e46a2de577f9f888,Malware payload
2024-02-01,Payload delivery,tlsh,t17391756562140cbd8728869bf0543af36bee05a391d4ec28d4be5f5ca1ff6f101769,
2024-02-01,Payload delivery,ssdeep,96:zOzOt+km7O8ZlOFKiwTH9DnT71vfihHxisoZ5MDUEi4+:FPHKT9TTx+RJoDMDhi3,
2024-02-01,Other,size-in-bytes,4262,
2024-02-01,Payload delivery,mime-type,application/json,
2024-02-01,Payload delivery,md5,13260b01cb170163b54afce84cf73a4f,Malware payload
2024-02-01,Payload delivery,sha256,883ad9028d65244745e3b61acccb5b40fb63419f6bf25dafc847d739d8ab3d2d,Malware payload
2024-02-01,Payload delivery,tlsh,t13fa1849732554cbc8b2487eb94e23eaf47ad0077a4949c24a9ed4f4c91ff8f10276d,
2024-02-01,Payload delivery,ssdeep,48:Yxg3SPhJSPdqKkY7EbnlUQl2WRifk/n0+aWHbgDF4w0biYtXcgFi2Hp9WoibUxG+:QOJkTaRug49KMG1v5vAlYZI/,
2024-02-01,Other,size-in-bytes,4770,
2024-02-01,Payload delivery,mime-type,application/json,
2024-02-01,Payload delivery,md5,03caee51afd31f0371d413b9a8c06610,Malware payload
2024-02-01,Payload delivery,sha256,d9c072e56585f96aefe73b5615fe590f18678883f61abee5de6c99fa2b9aeb33,Malware payload
2024-02-01,Payload delivery,tlsh,t1f6a1679716685cbccf14c7d644da3aab47ed0053a2a4ac14aded5f0c91ff8b50265d,
2024-02-01,Payload delivery,ssdeep,48:Yxg3SPhJSPdqKkY7EbnlUQl2Dhpk6nYK+zobgDF4w0dM0tXcg/i2up9WXibUfi1Z:QOtkBtKCz93Ei1vnfYuwGP,
2024-02-01,Other,size-in-bytes,4788,
2024-02-01,Payload delivery,mime-type,application/json,
2024-02-01,Payload delivery,md5,dc7db97fa8cde9c67af046a0725c9035,Malware payload
2024-02-01,Payload delivery,sha256,da1b8f74744bb72500a7c5fb2fdc8f2e2eab96a87efec3b8e8dd4f124fdf7a33,Malware payload
2024-02-01,Payload delivery,tlsh,t18aa174ab31550cbcc52987da94e53b8b97bc01735494ec28b4ac9f5c92ff8f1437a9,
2024-02-01,Payload delivery,ssdeep,48:Yxg3SPhJSPdqKkY7EbnlUQl2RfRifk/n0+aWCDF4w0biYtXnQbZ2Hp9WjyUxG1vO:QOYkTa1uAbZ49bMG1vCb8vbJAii,
2024-02-01,Other,size-in-bytes,5005,
2024-02-01,Payload delivery,mime-type,application/json,
2024-02-01,Payload delivery,md5,9d4a3f8f155592dade8578e9fd76bae8,Malware payload
2024-02-01,Payload delivery,sha256,dab00b6a048426b930b154a599cb3f50699d8c3ef979c0bddf9a8ac970d1e517,Malware payload
2024-02-01,Payload delivery,tlsh,t1bfa1c7ab35664cbcca2487da98e53e8b57ad00b39294dc14f9fc4f4c81ee8f103759,
2024-02-01,Payload delivery,ssdeep,48:Yxg3SPhJSPdqKkY7EbnlUQl2ORifk/n0+aW0DF4w0biYtXnR2Hp9WO8ZUxG1v+bg:QOdkTa1uh49AMG1vSmAtHLja,
2024-02-01,Other,size-in-bytes,4866,
2024-02-01,Payload delivery,mime-type,application/json,
2024-02-01,Payload delivery,md5,c8514aecfda1c663cbc8595b047c44b3,Malware payload
2024-02-01,Payload delivery,sha256,930c0f8f8e21ca30f6255febb39306f529b1861605ef21d7661e360fe78e8493,Malware payload
2024-02-01,Payload delivery,tlsh,t1e141dc7ccf69f8e0037db0a08c492e2620949e57d6f58e24d9574ee62d7c20acf2b1,
2024-02-01,Payload delivery,ssdeep,48:LGfEFWuJqs9HZNjd+SfprcKyK0hE6S1FtfsC5P3RX5ZWiaoIhSNtP:LGfEFW87jd+Sfpbaq6S1FtfsC5P39Efq,
2024-02-01,Other,size-in-bytes,2219,
2024-02-01,Payload delivery,mime-type,text/plain,
2024-02-01,Payload delivery,md5,cc39817f4ad645ef4fdf6455b4ca061f,Malware payload
2024-02-01,Payload delivery,sha256,fc03e7efced367ef66ad4645b94dd3f398343062b769e2770c2f7df6dbac0fe3,Malware payload
2024-02-01,Payload delivery,tlsh,t105a195ab32550cbc862487e695e13e8b87ad0163a0d4ad18f4ad4f4c95ff8e6037a9,
2024-02-01,Payload delivery,ssdeep,48:Yxg3SPhJSPdqKkY7EbnlUQl2zRifk/n0+aW/bDF4w0biYtX8rG2xp9WoKsYUxG1e:QOykTakuNe9yMG1vbDAk6z,
2024-02-01,Other,size-in-bytes,4963,
2024-02-01,Payload delivery,mime-type,application/json,
2024-02-01,Payload delivery,md5,3cf6cfde98b40e2ec2cd7f243274ba85,Malware payload
2024-02-01,Payload delivery,sha256,1d39f10d8a08f1f27a22ddd8d3c4d8aab0d9ed68bd60720102fae9e1aa906528,Malware payload
2024-02-01,Payload delivery,tlsh,t1fb91417562180c7ec73482c6b4557ad367be0267a1d4ec28a8ed4f4ca6ef1f205b69,
2024-02-01,Payload delivery,ssdeep,48:YxCBt2fbZkvnY+Cs+DF4w0nltXPSjeUT2Gp9WnTUd81vdE7b/KcRezbC3wxioort:mbZknCs+w/05TH9I681vdEHAbpZct2RO,
2024-02-01,Other,size-in-bytes,4238,
2024-02-01,Payload delivery,mime-type,application/json,
2024-02-01,Payload delivery,md5,c231dd12dcfe2bddb259038d8dd93fc9,Malware payload
2024-02-01,Payload delivery,sha256,0583f9db27c01cd0cb8c4be059809bd47b81a9c036b6845bd884ec4561635590,Malware payload
2024-02-01,Payload delivery,tlsh,t1f1a1a9eb65695cbccb24c7c695c53e8797ed005363e4ac14ecac5f0c81fe8b10269a,
2024-02-01,Payload delivery,ssdeep,48:Yxg3SPhJSPdqKkY7EbnlUQl2Khpk6nYK+zMlFDF4w0dM0tXqlNjT2up9WMTv0mU9:QOMkB6KoTz9DEi1vgQY+wP,
2024-02-01,Other,size-in-bytes,4860,
2024-02-01,Payload delivery,mime-type,application/json,
2024-02-01,Payload delivery,md5,566a9dc5584615c53740947dc21ea442,Malware payload (RiseProStealer)
2024-02-01,Payload delivery,sha256,a2356edf99311e46655262f01eeac19f9ba9d734f7dc2b984fffc19659aed755,Malware payload (RiseProStealer)
2024-02-01,Payload delivery,tlsh,t187453378db8fb2a0ea0df5f6d4432aa40e747ad5c1361306158f639721a0dcdab52f,
2024-02-01,Payload delivery,imphash,5ab723dc8d5af21b79dc301ed6a56a64,
2024-02-01,Payload delivery,ssdeep,24576:5Ml3QzvqIAVoDkedoFNEO4ufawQSsiKL0BLSSrkg/d3:5MlQ6VooedoFNEOfSlPL0BLRrkg/d,
2024-02-01,Other,size-in-bytes,1195520,
2024-02-01,Payload delivery,mime-type,application/x-dosexec,
2024-02-01,Payload delivery,md5,f9e204e2dc3b1d29ee5191739d5bad93,Malware payload
2024-02-01,Payload delivery,sha256,33d6c0924a1cc6a852d2e3af609546eb089ec65bc6014777aa9574b8b6b8975a,Malware payload
2024-02-01,Payload delivery,tlsh,t14e91a6b7151c0cbc9a2487d3a9a03bd7567f4567e084ad68b9ac8f0ce0fe1f50176a,
2024-02-01,Payload delivery,ssdeep,96:YAvwlVGkvQISnya0o9HT2FJ1vltPBiHfOOAinE:YAv2nXo9z2FBiHfOOAaE,
2024-02-01,Other,size-in-bytes,4329,
2024-02-01,Payload delivery,mime-type,application/json,
2024-02-01,Payload delivery,md5,cba6037634675d5025c44555ae69dfa1,Malware payload
2024-02-01,Payload delivery,sha256,b60b3bf8fe0360417aad39623a952f6cb5d5a70371d72f3e0d5a392cb7ed23ab,Malware payload
2024-02-01,Payload delivery,tlsh,t13c91627162180c7dc63886d6b4597ad767be0267a0d4ec28a8fd4f0cb6ef1f205b69,
2024-02-01,Payload delivery,ssdeep,48:YxCYt2fbZkvnY+Cs+DF4w0nltXPSjeUT2Gp9WnTUd81vdE7b/KcRezbC3wxioorz:vbZknCs+w/05TH9I681vdEHAbpZc1lWO,
2024-02-01,Other,size-in-bytes,4238,
2024-02-01,Payload delivery,mime-type,application/json,
2024-02-01,Payload delivery,md5,c6065cda9fc377cebc9276b7bb009313,Malware payload
2024-02-01,Payload delivery,sha256,3e27b2f03f30c1e6869b75463283dec283d59736def559436bbcf68d21a53547,Malware payload
2024-02-01,Payload delivery,tlsh,t150a1a6ab31550cbc86248beb95e53e8b47ad0173a094ed18f4ad4f4c85ff8f5037a9,
2024-02-01,Payload delivery,ssdeep,48:Yxg3SPhJSPdqKkY7EbnlUQl2NRifk/n0+aW/bDF4w0biYtX8rG2xp9WoKsYUxG1C:QOQkTakuNe9yMG1vbDA4edB,
2024-02-01,Other,size-in-bytes,4953,
2024-02-01,Payload delivery,mime-type,application/json,
2024-02-01,Payload delivery,md5,6132f087fe5eef138247af47a53c6b88,Malware payload
2024-02-01,Payload delivery,sha256,e69c53ad46cb0c225906d351e3465d045b714a0d0565d2707de87ecfc2aae334,Malware payload
2024-02-01,Payload delivery,tlsh,t1bb91522629386d7cc758c4ca94fc3d4e567d005bf2649c14a6ee8e0ae2ff1b183a61,
2024-02-01,Payload delivery,ssdeep,96:ey2rkYOhDH5R0DWfrfT594ds1Y7g1vUreHTMsgiFE6YQJeR:ey2QThr5RIWfrt94ds1Y7FrezMsgiFEH,
2024-02-01,Other,size-in-bytes,4614,
2024-02-01,Payload delivery,mime-type,application/json,
2024-02-01,Payload delivery,md5,397585a14eefd2c7f069bdbf155e905a,Malware payload
2024-02-01,Payload delivery,sha256,0998310c2a6cc26f0817851ef717afb57a35df89e227fd44b0155afddf811ce2,Malware payload
2024-02-01,Payload delivery,tlsh,t1a6a1879716585dbccf14c7d741da3aab47ed0053a2a8ac18eded5f0c91ff8b50262a,
2024-02-01,Payload delivery,ssdeep,48:Yxg3SPhJSPdqKkY7EbnlUQl2Whpk6nYK+zobgDF4w0dM0tXcg/i2up9WXibUfi1B:QOkkBtKCz93Ei1vnfYo9xQILP,
2024-02-01,Other,size-in-bytes,4798,
2024-02-01,Payload delivery,mime-type,application/json,
2024-02-01,Payload delivery,md5,a26cfda7f6e8274af83f13135d252db7,Malware payload
2024-02-01,Payload delivery,sha256,d12c4725672ce961ea98e5104e3b647884066c6942a941aedd850f8cd5b59e46,Malware payload
2024-02-01,Payload delivery,tlsh,t174a1b4ab15695cbccb10c7c695c93a8797ed015363a8ac18fded6f0c82fe8b102259,
2024-02-01,Payload delivery,ssdeep,48:Yxg3SPhJSPdqKkY7EbnlUQl2Uhpk6nYK+z1DF4w0dM0tXnT2up9WSFo8ZUfi1vA1:QOWkB5KDz9vLEi1vYYYAEFP,
2024-02-01,Other,size-in-bytes,4874,
2024-02-01,Payload delivery,mime-type,application/json,
2024-02-01,Payload delivery,md5,213fee107d20df285c87ae8f450abec6,Malware payload
2024-02-01,Payload delivery,sha256,b115f214095a04d8ad6d71dae226112216fd392d0aac1338ec910d71233c61fa,Malware payload
2024-02-01,Payload delivery,tlsh,t177a1a8eb25795cbcc724c7c695c63e8393ed0053a2e8ad14ecac5f0c91fe4b10269a,
2024-02-01,Payload delivery,ssdeep,48:Yxg3SPhJSPdqKkY7EbnlUQl2Shpk6nYK+zMlFDF4w0dM0tXqlNjT2up9WMTv0mUa:QO0kB6KoTz9DEi1vgQYS4+VnP,
2024-02-01,Other,size-in-bytes,4860,
2024-02-01,Payload delivery,mime-type,application/json,
2024-02-01,Payload delivery,md5,aba55e5d88c21914fbd2db812cf709cd,Malware payload
2024-02-01,Payload delivery,sha256,c8a8200c39c96bfc3cdab8b34bfa0b37300a1d11ec1fef7c88836a661a57bb0d,Malware payload
2024-02-01,Payload delivery,tlsh,t1f29196b715284cbc8a2487d399943bd7967f41a7e084ad58f9bc8f0ce0fe1b51136b,
2024-02-01,Payload delivery,ssdeep,96:YAvwlwkvQISnya0o9HT2FJ1vltPBioujnE:YAvyXo9z2FBiouTE,
2024-02-01,Other,size-in-bytes,4329,
2024-02-01,Payload delivery,mime-type,application/json,
2024-02-01,Payload delivery,md5,78dc9091d4f1647e3c5bb95d281edec2,Malware payload
2024-02-01,Payload delivery,sha256,4e7e867cb60e7c8a15ede49202229b3fb36167ca68d62b7a49cb023d9b1a131c,Malware payload
2024-02-01,Payload delivery,tlsh,t136b533d36df79540f74be77e7f90179082476ca7149a86ba5000f6fa973ea39b106c,
2024-02-01,Payload delivery,imphash,baa93d47220682c04d92f7797d9224ce,
2024-02-01,Payload delivery,ssdeep,49152:rPQwZ1mzu5dU2/2mgMU0+OmCyYOsCFVf2pqv:rrZ0y/Z3uOmCLCFV2q,
2024-02-01,Other,size-in-bytes,2351616,
2024-02-01,Payload delivery,mime-type,application/x-dosexec,
2024-02-01,Payload delivery,md5,e8dccf404fedc5f881451c1db0303032,Malware payload
2024-02-01,Payload delivery,sha256,49e536d13c94b8ff39a46fce3c01ae01bce9aa4f94a77aca9c52842407350666,Malware payload
2024-02-01,Payload delivery,tlsh,t1dd91749a26094dbcca4496e3e4543ad7876e1093b198dd2ce8fd9f0cf1ef1f04276a,
2024-02-01,Payload delivery,ssdeep,48:YxY6wFdlpkofn16Ru+FzvDFU0NhtXN3rm/2xp9WhHp6Y2UHs1vhmObvK3moRteUl:lpkocRtp9hEA9Sr2Ss1vhPMeHLyJx,
2024-02-01,Other,size-in-bytes,4274,
2024-02-01,Payload delivery,mime-type,application/json,
2024-02-01,Payload delivery,md5,4b0163f7dd38c1e7801153c2eaf96fe3,Malware payload
2024-02-01,Payload delivery,sha256,4fc091f1a820dbcc2bbb581bf71272f2756a72c3014c84e0a13472540c30089c,Malware payload
2024-02-01,Payload delivery,tlsh,t1399185eb71155eb8c51fc5ea96a938cfcabd001390345c1ce5ae4b0b88fe1b51363a,
2024-02-01,Payload delivery,ssdeep,96:XGp9k0yan4wgaBSQcsTN9+BMOy0G1vRctHsz9UAeGYpVXr:N0049rVGmlYD,
2024-02-01,Other,size-in-bytes,4529,
2024-02-01,Payload delivery,mime-type,application/json,
2024-02-01,Payload delivery,md5,545a1faafcdc3ab53af968f672deab4b,Malware payload
2024-02-01,Payload delivery,sha256,f6fbcf7b53532c75c3aeccb1bff81908d84afdc5a8686f40bb2ead50b5efda12,Malware payload
2024-02-01,Payload delivery,tlsh,t11791b4b7162c4cadca1487d396903b97567f4167e0849e68b9fc8f08e0fe1f9113aa,
2024-02-01,Payload delivery,ssdeep,48:Yx5AvwlYYwyKbsJkmnh+0DFU0omOtXxR23p9WtY2UKJ1vybaKqRrC3wxioigumUA:YAvwlNkv0S7U9/2FJ1vu8idyYzE,
2024-02-01,Other,size-in-bytes,4323,
2024-02-01,Payload delivery,mime-type,application/json,
2024-02-01,Payload delivery,md5,0998113415481264e213f9387ef08672,Malware payload
2024-02-01,Payload delivery,sha256,18c2040510f78af1c56f1b8e4a4efcca0e56835f067298949fd288e7a587d1ea,Malware payload
2024-02-01,Payload delivery,tlsh,t141a185eb61691cbcca19c3c694d93b8797fd015352a4ec24a89c5b0cd3ff97143659,
2024-02-01,Payload delivery,ssdeep,48:Yxg3SPhJSPdqKkY7EbnlUQl21hpk6nYK+z1DF4w0dM0tXnGbZ2up9WSgyUfi1vUv:QO/kBhKWbZz9BEi1vUb8pbbYiLOV7VP,
2024-02-01,Other,size-in-bytes,5033,
2024-02-01,Payload delivery,mime-type,application/json,
2024-02-01,Payload delivery,md5,4561d0b943bfab532121cb1019408b04,Malware payload (RiseProStealer)
2024-02-01,Payload delivery,sha256,3c450dac7b36ce852579994b14fe00b63fc5498b8dab32580b2f3f2fbcc2fbaf,Malware payload (RiseProStealer)
2024-02-01,Payload delivery,tlsh,t167453375d30f28a5c15cd7b279df92e12eadfd5801485ebea61fb08009b688d930bc,
2024-02-01,Payload delivery,imphash,5ab723dc8d5af21b79dc301ed6a56a64,
2024-02-01,Payload delivery,ssdeep,24576:xlcWxKBRZqPFykc0Gvwi0Ix8SNwQHN2K3yWds0JkKyVZQkLxNHFRal4Q:x7xOEFykcFEIx8+l8adsLHQkpgq,
2024-02-01,Other,size-in-bytes,1196032,
2024-02-01,Payload delivery,mime-type,application/x-dosexec,
2024-02-01,Payload delivery,md5,af2d2f4503c4581730aebe6f9b0e29a7,Malware payload (BumbleBee)
2024-02-01,Payload delivery,sha256,1ac3e4217620ff66509393d131caeecff86a69b0fb93c83830504864a4dc8323,Malware payload (BumbleBee)
2024-02-01,Payload delivery,tlsh,t14b45e011e6920fe4c47651b681ab263fbb347e194328d377abc0d2377d927e05f1aa,
2024-02-01,Payload delivery,imphash,47e01530ad43ec939d1c47709a80a5c6,
2024-02-01,Payload delivery,ssdeep,24576:G2+iTnzomLqXkjqxUuSgX9ZpzVgAf7UC0xscSAmK+Cw9Cs:/nHPI48uH+Cwt,
2024-02-01,Other,size-in-bytes,1223186,
2024-02-01,Payload delivery,mime-type,application/x-dosexec,
2024-02-01,Payload delivery,md5,ad1cab66a526682ebf00f5517876d6a7,Malware payload
2024-02-01,Payload delivery,sha256,1b6651c25a9fae5b464c9aa08f5a23df1a953512c3024ff9b7cdfb4c6920e0be,Malware payload
2024-02-01,Payload delivery,tlsh,t1d791436926095db9cb9496d3d5843ad7c76e0453e098ed28e8bd8f0ca1ff1f10276a,
2024-02-01,Payload delivery,ssdeep,48:YxY6wFdlpkofn16Ru+FvDF4w0NhtXpk2Kp9Wo6sUHs1vFbvKzRteU3wxioorbHe7:lpkocRtxYyH97Ss1vdTHWHeKDux,
2024-02-01,Other,size-in-bytes,4403,
2024-02-01,Payload delivery,mime-type,application/json,
2024-02-01,Payload delivery,md5,0f43a85107ca2fc48b661145de48280f,Malware payload
2024-02-01,Payload delivery,sha256,325bbb7c20fc1149e80de20e05b96bb3b33209c4af5d32e83d50cd30bb60bbd2,Malware payload
2024-02-01,Payload delivery,tlsh,t1cba198ab11691cbdc714c7c295d93a8787ed0153a2a8bc14fcad5f0c92ff4b603669,
2024-02-01,Payload delivery,ssdeep,48:Yxg3SPhJSPdqKkY7EbnlUQl27hpk6nYK+zebDF4w0dM0tX8r82bp9WG9sYUfi1vg:QOtkBAKpg9nEi1v1/YVzP,
2024-02-01,Other,size-in-bytes,4971,
2024-02-01,Payload delivery,mime-type,application/json,
2024-02-01,Payload delivery,md5,779ce4708251f919ee1683f72b6f7456,Malware payload
2024-02-01,Payload delivery,sha256,7d9a9cec7c0c30fd9fcec912afc414ac4b5bb37f945419088f1a480a46836f52,Malware payload
2024-02-01,Payload delivery,tlsh,t133a1725732554cbc8a2487ea94e63aab47ad10a3a4d49c18a9ad4f4c91fe8f10276d,
2024-02-01,Payload delivery,ssdeep,48:Yxg3SPhJSPdqKkY7EbnlUQl2bRifk/n0+aWHbgDF4w0biYtXcgFi2Hp9WoibUxG7:QOKkTaRug49KMG1v5vAJEkt2,
2024-02-01,Other,size-in-bytes,4780,
2024-02-01,Payload delivery,mime-type,application/json,
2024-02-01,Payload delivery,md5,fd64902bf5cef95cf766b39f73e4a8b3,Malware payload
2024-02-01,Payload delivery,sha256,588669aa219657026eea9d320d8f02b57d11383c209a850db701fb4be61360b6,Malware payload
2024-02-01,Payload delivery,tlsh,t12aa186eb61291cbcca18c7c690d93b8797fc011352a4ec24ac9c5b0cd2ff47153659,
2024-02-01,Payload delivery,ssdeep,48:Yxg3SPhJSPdqKkY7EbnlUQl2Thpk6nYK+z1DF4w0dM0tXnGbZ2up9WSgyUfi1vUf:QOhkBhKWbZz9BEi1vUb8pbbYOgUSP,
2024-02-01,Other,size-in-bytes,5023,
2024-02-01,Payload delivery,mime-type,application/json,
2024-02-01,Payload delivery,md5,926d7b452b2e7437dd0777f3440da570,Malware payload
2024-02-01,Payload delivery,sha256,9659dddaef358773881ee55d5b674e9450687917c92304d0d2a4643484da653f,Malware payload
2024-02-01,Payload delivery,tlsh,t1a1a1a7a736654cbcc624c7ea94e13e4b57ad0073a194ed14e8ec4f5c95ee8f1037ea,
2024-02-01,Payload delivery,ssdeep,48:Yxg3SPhJSPdqKkY7EbnlUQl2PRifk/n0+aWblFDF4w0biYtXqlNBT2Hp9Wt0mUx8:QOykTaGuIT49YMG1veKA0dHjH/,
2024-02-01,Other,size-in-bytes,4842,
2024-02-01,Payload delivery,mime-type,application/json,
2024-02-01,Payload delivery,md5,70b2f899f053911bee5e93950c87cd91,Malware payload
2024-02-01,Payload delivery,sha256,c0fcc41b95f5f942373d3cd0dc9f56afe2ac0f30796666347d843358be50b763,Malware payload
2024-02-01,Payload delivery,tlsh,t15f916566261c0cbd86394b92e05c76e767ee02739084fd2898bd8f4ca5ff2b141769,
2024-02-01,Payload delivery,ssdeep,96:jjWekxq8pVFawTH9o2nTv71vzhHtsIZhbLR+:jjWvguFaA9o2nbdhNsIrbLR+,
2024-02-01,Other,size-in-bytes,4215,
2024-02-01,Payload delivery,mime-type,application/json,
2024-02-01,Payload delivery,md5,3d339f123a1efde7f0eca7289f8c684c,Malware payload (BumbleBee)
2024-02-01,Payload delivery,sha256,fbb9106b5ba19ab1aa7367a329ce559bcd35093ff7d3736a8c5eb5b43beb0820,Malware payload (BumbleBee)
2024-02-01,Payload delivery,tlsh,t17545e011e2921fe4d4ba917680ab252bbb703e1c0725d377abc0d3377d937a45b1ab,
2024-02-01,Payload delivery,imphash,47e01530ad43ec939d1c47709a80a5c6,
2024-02-01,Payload delivery,ssdeep,24576:RX2XuxPjBCdsjb/mwzOW2R1c527W6osp2fp7zVrwzeB:jx7BzOWclYplMSB,
2024-02-01,Other,size-in-bytes,1222676,
2024-02-01,Payload delivery,mime-type,application/x-dosexec,
2024-02-01,Payload delivery,md5,53c5a628718bc5c31c1efc8ee83978b8,Malware payload
2024-02-01,Payload delivery,sha256,6497fd70d00529d1f3ba0318e0c30e878f67d99a497d517530feeae3cbfe4890,Malware payload
2024-02-01,Payload delivery,tlsh,t15491b6b71a2c4cacca1487d3d5903b97967f4167f0849e68b9b98f08e0fe1b51136a,
2024-02-01,Payload delivery,ssdeep,48:Yx5AvwlYYwRKbsJkmnh+0DFU0omOtXxR23p9WtY2UKJ1vybaKqRrC3wxioi1AUei:YAvwlSkv0S7U9/2FJ1vu8ito/E,
2024-02-01,Other,size-in-bytes,4323,
2024-02-01,Payload delivery,mime-type,application/json,
2024-02-01,Payload delivery,md5,897f599d91548adb30a66e37123d5315,Malware payload
2024-02-01,Payload delivery,sha256,fb177d585fef8985e82018a13077715d0b5db66f748d639256e6881f8130ab2a,Malware payload
2024-02-01,Payload delivery,tlsh,t18c91753561580cbd8628869fe4543bf35bee05a391d4ec28c4ae9f5ca0ff6f101b65,
2024-02-01,Payload delivery,ssdeep,96:zOzOg+km7O8ZlOFKiwTH9DnT71vfihHxisoZ5/G4+:YPHKT9TTx+RJoD/G3,
2024-02-01,Other,size-in-bytes,4262,
2024-02-01,Payload delivery,mime-type,application/json,
2024-02-01,Payload delivery,md5,74fe70154ca513eeb5661a85909a3b13,Malware payload
2024-02-01,Payload delivery,sha256,24212ca619ceae02af13027e9a4820703aed7327d4ccc220d6a41fcab23fd121,Malware payload
2024-02-01,Payload delivery,tlsh,t1059185e7b0155eb8c51fc9ea96a939cecabc015390705c1ce5ad4b4b8cfe1b51323d,
2024-02-01,Payload delivery,ssdeep,96:XGX9k0yan4wgaBSQcsTN9+BMOy0G1vRctHsz9UAeGLkVXr:P0049rVGmlLm,
2024-02-01,Other,size-in-bytes,4529,
2024-02-01,Payload delivery,mime-type,application/json,
2024-02-01,Payload delivery,md5,b0059e818a7581291ad76bdf24ff5139,Malware payload
2024-02-01,Payload delivery,sha256,502fb0cae72afe76b1dae4a3e1f27faf9076ca71f5b758af27e4a3bda603e21c,Malware payload
2024-02-01,Payload delivery,tlsh,t1a0a1639b21692cbcc714c7d699d93e8797ed0053a2d8ac18fced6f0c92fe8a103655,
2024-02-01,Payload delivery,ssdeep,48:Yxg3SPhJSPdqKkY7EbnlUQl2chpk6nYK+z9SPmDF4w0dM0tXDSPGo2up9WvseNEY:QOykBIeKezz9EEEi1vZhYYgjdP,
2024-02-01,Other,size-in-bytes,4950,
2024-02-01,Payload delivery,mime-type,application/json,
2024-02-01,Payload delivery,md5,3eef0c8b551718d1b9855d45974804fd,Malware payload
2024-02-01,Payload delivery,sha256,c117f0268cfe376390d360521a2d4963a6d41d022ba458aa04a7d2a6b7f9c710,Malware payload
2024-02-01,Payload delivery,tlsh,t1fa91426625386d7cc768c5ca94fc3d4e567e005bf2649c18a5ee8e0ae2ff1f183a61,
2024-02-01,Payload delivery,ssdeep,96:eyvrkYOhDH5R0DWfrfT594ds1Y7g1vUreHTMsgiFEfCBJeR:eyvQThr5RIWfrt94ds1Y7FrezMsgiFEB,
2024-02-01,Other,size-in-bytes,4614,
2024-02-01,Payload delivery,mime-type,application/json,
2024-02-01,Payload delivery,md5,828601f60ea1358c472b9ef983937692,Malware payload
2024-02-01,Payload delivery,sha256,d187b9d0ea8bb163c51cc7992a85de1f7879ad013b9593b9f25286201a359acd,Malware payload
2024-02-01,Payload delivery,tlsh,t19eb533f069728e1df26bcf36a68a5b996117cdb78064110d3656f0c59bbf03ad438c,
2024-02-01,Payload delivery,imphash,baa93d47220682c04d92f7797d9224ce,
2024-02-01,Payload delivery,ssdeep,49152:HtUOWXzZf3ElDLo+bmwkrePkvi6svRGDwRtncvzM0:H7WXzxgs+bmRUkvi6cQDktnv,
2024-02-01,Other,size-in-bytes,2310144,
2024-02-01,Payload delivery,mime-type,application/x-dosexec,
2024-02-01,Payload delivery,md5,23e6d6ba0fd0999ffbce5c9b7ba5d10a,Malware payload
2024-02-01,Payload delivery,sha256,c3204c3c84d0d1db06bb36f8ad313f7a58965d24661ea9d23fd2725deefdcc58,Malware payload
2024-02-01,Payload delivery,tlsh,t1f2532a19bb87e221c6654ab880f7d52102f3abc72a73da8e3e8113c54e137e5d9437,
2024-02-01,Payload delivery,imphash,f34d5f2d4577ed6d9ceec516c1f5a744,
2024-02-01,Payload delivery,ssdeep,768:Fh8/17kW/dl4VMyjWlBIlxkOuQSr4gyQJn/epTDh1+ye4lV7/VS2fHJ:zK2Edl46yj3eQxJQRepTDhwyp7TJ,
2024-02-01,Other,size-in-bytes,62464,
2024-02-01,Payload delivery,mime-type,application/x-dosexec,
2024-02-01,Payload delivery,md5,b3d6d65e29c07c9f6fff090a920156a7,Malware payload
2024-02-01,Payload delivery,sha256,f835c309918fe9d220e1f02f2676194c09b7f8b8969d23309e9bc38492c3b6e7,Malware payload
2024-02-01,Payload delivery,tlsh,t1589185e7b1155eb8c61fc5ee969939cecabd011390705c1ce5ae4b0b88fe1b51363d,
2024-02-01,Payload delivery,ssdeep,96:XGZ9k0yan4wgaBSQcsTN9+BMOy0G1vRctHsz9UAeGrWgQPVXr:p0049rVGmlyge,
2024-02-01,Other,size-in-bytes,4529,
2024-02-01,Payload delivery,mime-type,application/json,
2024-02-01,Payload delivery,md5,d6327a24109bd6f1bb20cc02921dc3e8,Malware payload
2024-02-01,Payload delivery,sha256,6a68971fe5002a06129f302f0e9c5441f23f959a1d797ce52315c16df93e85a1,Malware payload
2024-02-01,Payload delivery,tlsh,t1179194b7162c4cbc8a2487d3e9543bd7567f41a7e0849d68b9bc8f0ce0fe1b10136a,
2024-02-01,Payload delivery,ssdeep,96:YAvwltkvQISnya0o9HT2FJ1vltPBiBaIgVnE:YAvVXo9z2FBiBWVE,
2024-02-01,Other,size-in-bytes,4329,
2024-02-01,Payload delivery,mime-type,application/json,
2024-02-01,Payload delivery,md5,3220dcd8b820240a6d3c1d11a4915985,Malware payload
2024-02-01,Payload delivery,sha256,a0a66d40e7a6efd7329c3d971bc30acd2b5a107cbed9d30b74a49f721133fa61,Malware payload
2024-02-01,Payload delivery,tlsh,t11991635a26095dbdcb9496d3d5843ac7c7ae0053e194de28e4bdcf08a2ff1f10276a,
2024-02-01,Payload delivery,ssdeep,48:YxY6wOdlpkofn16Ru+FvDF4w0NhtXpk2Kp9Wo6sUHs1vFbvKzRteU3wxioorbV7X:upkocRtxYyH97Ss1vdTHWVBx,
2024-02-01,Other,size-in-bytes,4403,
2024-02-01,Payload delivery,mime-type,application/json,
2024-02-01,Payload delivery,md5,52a1bf3d47c79a7cd4c8b0a692a057f7,Malware payload (RiseProStealer)
2024-02-01,Payload delivery,sha256,96e35be9d6b0b12d6637b210c4dd6c87f4b920f71e21c90f7f7f7b396f4a89bd,Malware payload (RiseProStealer)
2024-02-01,Payload delivery,tlsh,t1f74533bba5eaaf80d3a5b4bdc4c88068061b3d47d044e70a557f93b908655df3f2ae,
2024-02-01,Payload delivery,imphash,5ab723dc8d5af21b79dc301ed6a56a64,
2024-02-01,Payload delivery,ssdeep,24576:PKdA1XD53BLjzAJDLWeZ5BqwQX6icoECq0fu1H45bmp5I:PKdAlY4leoEW3Wu,
2024-02-01,Other,size-in-bytes,1195008,
2024-02-01,Payload delivery,mime-type,application/x-dosexec,
2024-02-01,Payload delivery,md5,e4f94c93b043a8ff59c466a323fd82dd,Malware payload (BumbleBee)
2024-02-01,Payload delivery,sha256,2471e60a96e4e087112d2359d37597b44a4593b5bd4a21d0233d7cc32b85b720,Malware payload (BumbleBee)
2024-02-01,Payload delivery,tlsh,t10a45e011e6931ff4d476517281ab262bb7343e5d4315d3bbabc0d2373d827a09b1ab,
2024-02-01,Payload delivery,imphash,47e01530ad43ec939d1c47709a80a5c6,
2024-02-01,Payload delivery,ssdeep,24576:McYZEnNCUmBLmK4EeMTXOi/RxIhr0o7Ps43o4nGHYOzUdBRmLvg:HYCEeMTXNouPQdBRl,
2024-02-01,Other,size-in-bytes,1224211,
2024-02-01,Payload delivery,mime-type,application/x-dosexec,
2024-02-01,Payload delivery,md5,bdf823d83135c51aea110b2526b5b5fa,Malware payload
2024-02-01,Payload delivery,sha256,1e8c51d6868bd27cc518e01fccd9dafe0d090dbc820b2a4601958232d919bada,Malware payload
2024-02-01,Payload delivery,tlsh,t1daa1989b11691cbcc7148bd655d93e8787ed0113a298ac18fced5f0c82ff9b50366a,
2024-02-01,Payload delivery,ssdeep,48:Yxg3SPhJSPdqKkY7EbnlUQl2Jhpk6nYK+zebDF4w0dM0tX8r82bp9WG9sYUfi1vH:QOrkBAKpg9nEi1v1/YgU5/wP,
2024-02-01,Other,size-in-bytes,4981,
2024-02-01,Payload delivery,mime-type,application/json,
2024-02-01,Payload delivery,md5,2b7f08c98faadfc68a75dd045fa96641,Malware payload
2024-02-01,Payload delivery,sha256,b4b266d95684238ec569d4accd455dad895190f2318b18e286714422ffa2ed72,Malware payload
2024-02-01,Payload delivery,tlsh,t1baa1a7ab35664c7cca1487ea98e13e8b57ad01b3a194ec18b9fd5f4c81fe4f103799,
2024-02-01,Payload delivery,ssdeep,48:Yxg3SPhJSPdqKkY7EbnlUQl2HRifk/n0+aW0DF4w0biYtXnR2Hp9WO8ZUxG1v+bA:QOGkTa1uh49AMG1vSmAltEwI,
2024-02-01,Other,size-in-bytes,4856,
2024-02-01,Payload delivery,mime-type,application/json,
2024-02-01,Payload delivery,md5,7b7d9e78010e26f2178b848430359f0f,Malware payload
2024-02-01,Payload delivery,sha256,502eea70b51f96a5eede5d166e4bb743892e36152ff8b9604d223ed35eb68d83,Malware payload
2024-02-01,Payload delivery,tlsh,t1ed917626251c0cbd87394b93a05c76d767ae02779184fd2888bd8f4cb5ff2b241769,
2024-02-01,Payload delivery,ssdeep,96:jj3ekxq8pVFawTH9o2nTv71vzhHtsIZh4XADzR+:jj3vguFaA9o2nbdhNsIrmqzR+,
2024-02-01,Other,size-in-bytes,4215,
2024-02-01,Payload delivery,mime-type,application/json,
2024-02-01,Payload delivery,md5,78212675f81054c8523efcfce3a5f7a1,Malware payload
2024-02-01,Payload delivery,sha256,950a28b90f7606562b93c41e1a8ec94e527110a5cedbaf45c7afe02488f7a0e7,Malware payload
2024-02-01,Payload delivery,tlsh,t13541cc7ccf29f8e0033db1a088492e2620949e57d6b58e24d9574ee62d7c20acf1b1,
2024-02-01,Payload delivery,ssdeep,48:LGfEFWuJqs9HZNjd+SfprcKyK0hE6S1FtfsC5P3RX5ZWiaoIhSNtg:LGfEFW87jd+Sfpbaq6S1FtfsC5P39Eft,
2024-02-01,Other,size-in-bytes,2219,
2024-02-01,Payload delivery,mime-type,text/plain,
2024-02-01,Payload delivery,md5,8380add0d400bea57a6f97bef44aa7b0,Malware payload
2024-02-01,Payload delivery,sha256,7765a9333b8150e8430d6a24c13618e678ffe489c8be757c212eef6073f647e5,Malware payload
2024-02-01,Payload delivery,tlsh,t18fa1845732554c7c8b248beb94e63eab47ad0073a0a4dc18a9ed5f4c90ff8f10266d,
2024-02-01,Payload delivery,ssdeep,48:Yxg3SPhJSPdqKkY7EbnlUQl2DGRifk/n0+aWHbgDF4w0biYtXcgFi2Hp9WoibUxr:QONzkTaRug49KMG1v5vA0M9,
2024-02-01,Other,size-in-bytes,4770,
2024-02-01,Payload delivery,mime-type,application/json,
2024-02-01,Payload delivery,md5,10a8111c9bc702cfade367c65e07f215,Malware payload
2024-02-01,Payload delivery,sha256,6ab731657158687b7a70d0231fcc13a08818fad4f18ab5f7b9f6ef95da72e4ce,Malware payload
2024-02-01,Payload delivery,tlsh,t15c91752561180dfd8628869fe4443ae36bfe01a3a184ac28d4be5f5db1ff6f101769,
2024-02-01,Payload delivery,ssdeep,96:zOzOI+km7O8ZlOFKiwTH9DnT71vfihHxisoZ5fZblFbG4+:gPHKT9TTx+RJoDBblFbG3,
2024-02-01,Other,size-in-bytes,4272,
2024-02-01,Payload delivery,mime-type,application/json,
2024-02-01,Payload delivery,md5,08c70cc7b957291c21e403b175cf0acb,Malware payload
2024-02-01,Payload delivery,sha256,f95d59bfcb8ddf84c4b991acca13ab6a1e8a4659e7066a9fec31eba816bac5b7,Malware payload
2024-02-01,Payload delivery,tlsh,t178a175eb65691cbcca19c7c294d93b8797fc011352a4ec24e89c9b0c93ff97153669,
2024-02-01,Payload delivery,ssdeep,48:Yxg3SPhJSPdqKkY7EbnlUQl2Hhpk6nYK+z1DF4w0dM0tXnGbZ2up9WSgyUfi1vUq:QOJkBhKWbZz9BEi1vUb8pbbYKQgP,
2024-02-01,Other,size-in-bytes,5023,
2024-02-01,Payload delivery,mime-type,application/json,
2024-02-01,Payload delivery,md5,2287f00d1e22c3e3a08678e2cb08f4da,Malware payload
2024-02-01,Payload delivery,sha256,09e44abe07ad2a7b06045225a0ac588d9f4a0e08ff71013fc5ff6c84ab7936c6,Malware payload
2024-02-01,Payload delivery,tlsh,t1fca1b7ab15395cbccb14c7c699c93a8757ed015353a8ac18fded6f0c82fe4b142659,
2024-02-01,Payload delivery,ssdeep,48:Yxg3SPhJSPdqKkY7EbnlUQl2Lhpk6nYK+z1DF4w0dM0tXnT2up9WSFo8ZUfi1vA1:QOVkB5KDz9vLEi1vYYY4vEP,
2024-02-01,Other,size-in-bytes,4874,
2024-02-01,Payload delivery,mime-type,application/json,
2024-02-01,Payload delivery,md5,6291068bc80129130b833223da746126,Malware payload
2024-02-01,Payload delivery,sha256,a07628f09f30ef5d6b22916fb481dad671ad630f5a027d608b985d70655c820d,Malware payload
2024-02-01,Payload delivery,tlsh,t105a1965b31561cacc51447eb98e13e8b87ad00a3a1c4ac18f4ec5f5c96ff8f1037a9,
2024-02-01,Payload delivery,ssdeep,48:Yxg3SPhJSPdqKkY7EbnlUQl2quRifk/n0+aWKSPmDF4w0biYtXDSPGq2Hp9WcseF:QOskTaUeuef49VEMG1vHRACeE3bQsKt,
2024-02-01,Other,size-in-bytes,4932,
2024-02-01,Payload delivery,mime-type,application/json,
2024-02-01,Payload delivery,md5,b48be2fb65bfd8dbdfe81b2cb4b4cbac,Malware payload
2024-02-01,Payload delivery,sha256,79ceb704f92e863e78bfab182c7075ef61d06ff442e79db49afcf01365fe078c,Malware payload
2024-02-01,Payload delivery,tlsh,t107a184ab31550cbcc62983ea94e53b8b97bd01b35494ec24a49c5f5c92fe8f1037ad,
2024-02-01,Payload delivery,ssdeep,48:Yxg3SPhJSPdqKkY7EbnlUQl2tRifk/n0+aWCDF4w0biYtXnQbZ2Hp9WjyUxG1vC5:QOkkTa1uAbZ49bMG1vCb8vbJAQOTt,
2024-02-01,Other,size-in-bytes,5005,
2024-02-01,Payload delivery,mime-type,application/json,
2024-02-01,Payload delivery,md5,8d47a320431fbfd3216137672e6f2b1a,Malware payload
2024-02-01,Payload delivery,sha256,1460868c49baa537eac14d548ef5ec00bc6c715575ee23dffe430b9d21671cfa,Malware payload
2024-02-01,Payload delivery,tlsh,t1ffa1c8ab32660cbcc524c7ea55e13d8b576c0077a1d4ed14e8ac5f9c80ee8f1037ea,
2024-02-01,Payload delivery,ssdeep,48:Yxg3SPhJSPdqKkY7EbnlUQl2ARifk/n0+aWblFDF4w0biYtXqlNBT2Hp9Wt0mUxZ:QOvkTaGuIT49YMG1veKAbqeSe,
2024-02-01,Other,size-in-bytes,4832,
2024-02-01,Payload delivery,mime-type,application/json,
2024-02-01,Payload delivery,md5,7a68de915f8d2ff6c72f3c734ccb16e0,Malware payload
2024-02-01,Payload delivery,sha256,e7b0c9f51a31ec12e0000ec1db5250a22d24f89172463f877053da48c3a4fe75,Malware payload
2024-02-01,Payload delivery,tlsh,t12da1a69b32550cbc86248beb94e53e8b47ad0163a1d4ed14f4ad4f4c85ff8f6037a9,
2024-02-01,Payload delivery,ssdeep,48:Yxg3SPhJSPdqKkY7EbnlUQl2MqRifk/n0+aW/bDF4w0biYtX8rG2xp9WoKsYUxG/:QOa/kTakuNe9yMG1vbDAyYa,
2024-02-01,Other,size-in-bytes,4953,
2024-02-01,Payload delivery,mime-type,application/json,
2024-02-01,Payload delivery,md5,64bfc448387d32a4e300ee01ebc83fd0,Malware payload (Amadey)
2024-02-01,Payload delivery,sha256,402aad867f5a1d7c1b49c6e0aedbbaecc2c84f9804e27be9069e9e0660fd928c,Malware payload (Amadey)
2024-02-01,Payload delivery,tlsh,t1520523fa9289b118db2090fa1c59926f177cfc6e234ceb1549ef0b9629601ef5b0fc,
2024-02-01,Payload delivery,imphash,7515ecf8c0dfa4d230ad835fe0acb57f,
2024-02-01,Payload delivery,ssdeep,12288:GcXrzUgXPcpFjcnIo7YNQX1F85ZwKd89BcFSOMA8YRDFfHNCb0lvznYGcuPwm5rs:BXLYjcnJwQlyEvOSOM5YRDFfNhfXV,
2024-02-01,Other,size-in-bytes,809984,
2024-02-01,Payload delivery,mime-type,application/x-dosexec,
2024-02-01,Payload delivery,md5,5126ff05997ddf65f57a06b362d8f75b,Malware payload
2024-02-01,Payload delivery,sha256,8facbc86bdabacf0f1fbd6f3a3c461ff4b921ba1323d80578fe5c08fba142e40,Malware payload
2024-02-01,Payload delivery,tlsh,t148b533f194384409e52fa7bff88a62966cdb2d533714b4ac4990f1530bbd1b89748c,
2024-02-01,Payload delivery,imphash,baa93d47220682c04d92f7797d9224ce,
2024-02-01,Payload delivery,ssdeep,49152:6/XuFGLU13qZ0BWPAn2exb3XqJPXLbMbw3Tv2qQyCCbA28:6/WGLq3qZ0BWAn2636JTIbw3Tv2qQOi,
2024-02-01,Other,size-in-bytes,2344960,
2024-02-01,Payload delivery,mime-type,application/x-dosexec,
2024-02-01,Payload delivery,md5,fff649a20db2fefadfcf76523571c1ed,Malware payload
2024-02-01,Payload delivery,sha256,3bff83ffe6d759c569f32e20c6bdaf59e09bd414e0da1510681066525710493d,Malware payload
2024-02-01,Payload delivery,tlsh,t1cd91659927085dbcca5496d7d5543ad7876e0493b198ed2ce8fc9f08e1ef1f002759,
2024-02-01,Payload delivery,ssdeep,48:YxY6wxdlpkofn16Ru+FkDFU0NhtXeV2Qp9We6T2UHs1vibvKqRteU3wxioLnvjRQ:xpkocRtG9U/9K2Ss1veiHLrRZAx,
2024-02-01,Other,size-in-bytes,4284,
2024-02-01,Payload delivery,mime-type,application/json,
2024-02-01,Payload delivery,md5,e918df70b25c76b20af9636708f5954a,Malware payload
2024-02-01,Payload delivery,sha256,f712ab9933de2c4ca259d2d7dc308d39b2bc7f3c77b07367c8d2f1b11ead276e,Malware payload
2024-02-01,Payload delivery,tlsh,t1a59184aa26095dbcca5497d7e4903ad7876e0093b198dd2cd4fd9f08e1ff1f04276a,
2024-02-01,Payload delivery,ssdeep,48:YxY6w7dlpkofn16Ru+FzvDFU0NhtXN3rm/2xp9WhHp6Y2UHs1vhmObvK3moRteUU:jpkocRtp9hEA9Sr2Ss1vhPMeHLf16wx,
2024-02-01,Other,size-in-bytes,4284,
2024-02-01,Payload delivery,mime-type,application/json,
2024-02-01,Payload delivery,md5,96635ca899c2184303f43aa60bdb1c7d,Malware payload
2024-02-01,Payload delivery,sha256,c807506ff7b7dbe06609e23f2d3967acdf24484319e9353c33a880539885ec7f,Malware payload
2024-02-01,Payload delivery,tlsh,t1ecd4235ead476a39ef949b309908821d1197df33beb4d2970340b61f637fa832c66d,
2024-02-01,Payload delivery,imphash,af02ce4a4548e322a95ca15cb9608683,
2024-02-01,Payload delivery,ssdeep,12288:8HLUMuiv9RgfSjAzRty26xGJeMTE3Z2ap4srKWLZ65:WtARD6EAMC41B,
2024-02-01,Other,size-in-bytes,610360,
2024-02-01,Payload delivery,mime-type,application/x-dosexec,
2024-02-01,Payload delivery,md5,6da87184da8dd7f69eacbda0f26f8c31,Malware payload
2024-02-01,Payload delivery,sha256,e5b29adab72f3d62f3c985825a78b13bb5e84b19a35ccfce4e59aadf7fb67698,Malware payload
2024-02-01,Payload delivery,tlsh,t1d9a1989712685cbccf14d7d650da3aab83ed001392a4ac14eded5f0c91ff8b50262e,
2024-02-01,Payload delivery,ssdeep,48:Yxg3SPhJSPdqKkY7EbnlUQl2xhpk6nYK+zobgDF4w0dM0tXcg/i2up9WXibUfi1y:QOnkBtKCz93Ei1vnfY4hfpdyNP,
2024-02-01,Other,size-in-bytes,4788,
2024-02-01,Payload delivery,mime-type,application/json,
2024-02-01,Payload delivery,md5,1c983232859276e4536d584cd5aab799,Malware payload
2024-02-01,Payload delivery,sha256,1808da842427c084f0aecf3d4619dee1f4b6cd1828d319c710d4424973d3ffd5,Malware payload
2024-02-01,Payload delivery,tlsh,t12ba175af11692cbcc714c7d299d93e8797ad0053a298ac18bced5f0c92ff8b103659,
2024-02-01,Payload delivery,ssdeep,48:Yxg3SPhJSPdqKkY7EbnlUQl22hpk6nYK+z9SPmDF4w0dM0tXDSPGo2up9WvseNEi:QOkkBIeKezz9EEEi1vZhY9MJE1dP,
2024-02-01,Other,size-in-bytes,4940,
2024-02-01,Payload delivery,mime-type,application/json,
2024-02-01,Payload delivery,md5,e97399fb8f275182a87cf03a9ca3b1dd,Malware payload
2024-02-01,Payload delivery,sha256,37394b9a5546b1520aea2ff6b0e06f7de6fa6e978afd4c92a18250e0ebe6bf75,Malware payload
2024-02-01,Payload delivery,tlsh,t1e791c4b7152c4cadca1487d795a03b9756af41a7e0849e28faf88f08d0fe2b41136b,
2024-02-01,Payload delivery,ssdeep,48:Yx5AvwlYYwjKbsJkmnh+0DFU0omOtXxR23p9WtY2UKJ1vybaKqRrC3wxioia09Jh:YAvwlckv0S7U9/2FJ1vu8ibTfNOE,
2024-02-01,Other,size-in-bytes,4323,
2024-02-01,Payload delivery,mime-type,application/json,
2024-02-01,Payload delivery,md5,27971ee9bb991ad0724543445951396f,Malware payload
2024-02-01,Payload delivery,sha256,040988859f6e63b15d1480e7175d23512395b7b993752af9807fced40a44ab93,Malware payload
2024-02-01,Payload delivery,tlsh,t100b533e76bf39552e13b9b3c0326a98c684b8e175b08ec6480d8f4492fbe7354473e,
2024-02-01,Payload delivery,imphash,baa93d47220682c04d92f7797d9224ce,
2024-02-01,Payload delivery,ssdeep,49152:PTvK2kjSx91+o8e+A6S2GJnEaE75mcRmGBpFiz7/dBpg4tZF1iMCTRg:TKsn8jUMN0i+5g4r7r4R,
2024-02-01,Other,size-in-bytes,2329600,
2024-02-01,Payload delivery,mime-type,application/x-dosexec,
2024-02-01,Payload delivery,md5,cfbd080f94337cbe35a475738be659e6,Malware payload
2024-02-01,Payload delivery,sha256,8f1187ffc926da17f5d4914ec09b5c5c76f81064605decc1a99fa9d3ad03662c,Malware payload
2024-02-01,Payload delivery,tlsh,t1cd91647562180c7d873483d6b4597ad367be0257a0d4ec28a8bd4f4ca6ff1f205759,
2024-02-01,Payload delivery,ssdeep,96:qbZknCs+w/05TH9I681vdEHAbpZcWzMkb11O:qb21R0B9I6KEgbp+LEnO,
2024-02-01,Other,size-in-bytes,4238,
2024-02-01,Payload delivery,mime-type,application/json,
2024-02-01,Payload delivery,md5,6f6338a2ff71c5edfca3655143c1ea94,Malware payload
2024-02-01,Payload delivery,sha256,a8ff5e30fee53fe0dad96a3744f2556d0ce52fafdecf3955719498cb6d3817c9,Malware payload
2024-02-01,Payload delivery,tlsh,t1c5a198ab25695cbcc724c7c655893e8357ed001352a4ad14ecbd5f0c81fe8b1426aa,
2024-02-01,Payload delivery,ssdeep,48:Yxg3SPhJSPdqKkY7EbnlUQl2EKhpk6nYK+zMlFDF4w0dM0tXqlNjT2up9WMTv0mY:QOa6kB6KoTz9DEi1vgQYa5Lk1P,
2024-02-01,Other,size-in-bytes,4850,
2024-02-01,Payload delivery,mime-type,application/json,
2024-02-01,Payload delivery,md5,43c6b7e1641a7f3c23b3925714793b06,Malware payload
2024-02-01,Payload delivery,sha256,d2a5124602c2151aa96641b36d271e96e9d2685eba1c999c33833e96b9e92b41,Malware payload
2024-02-01,Payload delivery,tlsh,t1c2928f35a8a1641b4037d8f9356fa28df82194078c4749a4b11f412dcbf6e934faff,
2024-02-01,Payload delivery,ssdeep,384:OftrMf+F0e0H3nl2W6E45wse5QjuFwgzxdaqlU4:tIn0H3nlh6tOseQZgraqb,
2024-02-01,Other,size-in-bytes,19559,
2024-02-01,Payload delivery,mime-type,text/html,
2024-02-01,Payload delivery,md5,d6428d44076042eb6f94ac531c1a498c,Malware payload (Amadey)
2024-02-01,Payload delivery,sha256,06d98c70d839ba6ea8d770a01c01748395a8b92fa862ddae0b898bdd8e013417,Malware payload (Amadey)
2024-02-01,Payload delivery,tlsh,t1b805239c113681f1c73169b9c4df16d46bad3c0d62dc4a12226f98c70878ddceb9ba,
2024-02-01,Payload delivery,imphash,7515ecf8c0dfa4d230ad835fe0acb57f,
2024-02-01,Payload delivery,ssdeep,24576:6rXzFXH9EUnOwQ+RHW/nS6tnnQ3v0lH26a:OXdnOl+R2/S6tnQcHRa,
2024-02-01,Other,size-in-bytes,809984,
2024-02-01,Payload delivery,mime-type,application/x-dosexec,
2024-02-01,Payload delivery,md5,55d009dae7e812015b9a0f4771af2457,Malware payload
2024-02-01,Payload delivery,sha256,ebc1fa7b538d649769c7e1779405a9c6b5c1e6078a32757471957f44f6757ff4,Malware payload
2024-02-01,Payload delivery,tlsh,t166b533ef68bc9511e4432f7592a1774495eb9ea340b939247010f8b2237d3bfa32de,
2024-02-01,Payload delivery,imphash,baa93d47220682c04d92f7797d9224ce,
2024-02-01,Payload delivery,ssdeep,49152:6Vydp+LK9dmV6w8KDvu4zQoQwXCSMxWDWKJtO8B+v9Zj0IOLT/NE45fEpC:kUmV6s3QDMDWCoPbqZ5fx,
2024-02-01,Other,size-in-bytes,2315264,
2024-02-01,Payload delivery,mime-type,application/x-dosexec,
2024-02-01,Payload delivery,md5,3175eaf2df0496fd22fab1a960a5597a,Malware payload
2024-02-01,Payload delivery,sha256,1a6bd2979fa6d3011f30e383f7cbbc23d5ac4dd183022f30982c005066b645f0,Malware payload
2024-02-01,Payload delivery,tlsh,t10ca1a7ab25695cbcc724c7c655c63e8757ed005363a4bd14ecac5f0c82fe8b10269a,
2024-02-01,Payload delivery,ssdeep,48:Yxg3SPhJSPdqKkY7EbnlUQl2Nhpk6nYK+zMlFDF4w0dM0tXqlNjT2up9WMTv0mU5:QOPkB6KoTz9DEi1vgQYS/V2bNP,
2024-02-01,Other,size-in-bytes,4850,
2024-02-01,Payload delivery,mime-type,application/json,
2024-02-01,Payload delivery,md5,37f5709b40548b9c7cb89bcecdff9e1c,Malware payload
2024-02-01,Payload delivery,sha256,de263bee61b046c15f804d910db9136c5c36b62cb65337946dd6889ee860e24c,Malware payload
2024-02-01,Payload delivery,tlsh,t194a1a5ab32550cbc862487eb94e53e8b47ad0163b094ed18f4ad8f4c85ff8f5037a9,
2024-02-01,Payload delivery,ssdeep,48:Yxg3SPhJSPdqKkY7EbnlUQl2N/Rifk/n0+aW/bDF4w0biYtX8rG2xp9WoKsYUxGh:QOPMkTakuNe9yMG1vbDAZHL98,
2024-02-01,Other,size-in-bytes,4953,
2024-02-01,Payload delivery,mime-type,application/json,
2024-02-01,Payload delivery,md5,39cbb088701cfcfd179c9690a882d67b,Malware payload
2024-02-01,Payload delivery,sha256,542702b94213b01c77c64b5e0d4dc50fed83e86e5f581824756be451eae27228,Malware payload
2024-02-01,Payload delivery,tlsh,t1a5916526261c0cbd87294b92905c7bd76bee02779084fd2898bd8f4cb5ff2b141769,
2024-02-01,Payload delivery,ssdeep,96:jj6ekxq8pVFawTH9o2nTv71vzhHtsIZhNVVDR+:jj6vguFaA9o2nbdhNsIrNVVDR+,
2024-02-01,Other,size-in-bytes,4215,
2024-02-01,Payload delivery,mime-type,application/json,
2024-02-01,Payload delivery,md5,643f104f2d0463e0fd4599ad53caa19f,Malware payload (RiseProStealer)
2024-02-01,Payload delivery,sha256,44971d730dae5c8e0bfd0cc6bdaa7c45cd3db21cebd1066e120a8bd8d4dbfbac,Malware payload (RiseProStealer)
2024-02-01,Payload delivery,tlsh,t16a45237e2716a191d556a1f420c682602f9e3d5e8d98c21623af3ad51f30fadb35f8,
2024-02-01,Payload delivery,imphash,5ab723dc8d5af21b79dc301ed6a56a64,
2024-02-01,Payload delivery,ssdeep,24576:qTc6aoGEBhbTfb3X9yFYOLpeYwQCRHW/nSxQD5M8VC3p:qbLH/fbdyqwPlCR2/SGDy8VY,
2024-02-01,Other,size-in-bytes,1195520,
2024-02-01,Payload delivery,mime-type,application/x-dosexec,
2024-02-01,Payload delivery,md5,42b2f0ea64ee8b37c7d209c1fff9e6d2,Malware payload
2024-02-01,Payload delivery,sha256,404b9b7e3d106be7ebb5eceac09360d2939b9804462c855c8037bbc29fda94be,Malware payload
2024-02-01,Payload delivery,tlsh,t1a4a1989712545cbccb14d7d744da3aab87ed001392a4ac14eded5f0c91ff8b50226e,
2024-02-01,Payload delivery,ssdeep,48:Yxg3SPhJSPdqKkY7EbnlUQl2Zhpk6nYK+zobgDF4w0dM0tXcg/i2up9WXibUfi1s:QO7kBtKCz93Ei1vnfYx5n9P,
2024-02-01,Other,size-in-bytes,4798,
2024-02-01,Payload delivery,mime-type,application/json,
2024-02-01,Payload delivery,md5,655f6dad11d6fe83554bf32b10e82722,Malware payload
2024-02-01,Payload delivery,sha256,5ff9673c0178c5d1a5008133e2b4da83c7e1d8b9e34c9117c6c0484017fb199a,Malware payload
2024-02-01,Payload delivery,tlsh,t19e91633562181cbe8628869be4447bf35bee01a39194ac28d4be5f5ca1ff6f101765,
2024-02-01,Payload delivery,ssdeep,96:zOzOW+km7O8ZlOFKiwTH9DnT71vfihHxisoZ5tb4+:+PHKT9TTx+RJoDtb3,
2024-02-01,Other,size-in-bytes,4262,
2024-02-01,Payload delivery,mime-type,application/json,
2024-02-01,Payload delivery,md5,c364b97bd3fcb8318d9f911af41b5896,Malware payload (BumbleBee)
2024-02-01,Payload delivery,sha256,125196e9756bf56966213a39a8a9aeff8520072b057f8c3f8651d0ebe27c1f5d,Malware payload (BumbleBee)
2024-02-01,Payload delivery,tlsh,t1ff45e112e6931fe4d4b6927681ab252fb7303e184315d377ebc0d2377d827e46b16a,
2024-02-01,Payload delivery,imphash,47e01530ad43ec939d1c47709a80a5c6,
2024-02-01,Payload delivery,ssdeep,24576:hnFEQ39H3inchWuUJDRKU0F9nOXBn/Y6G63f:UUtADRWgQ6P,
2024-02-01,Other,size-in-bytes,1223183,
2024-02-01,Payload delivery,mime-type,application/x-dosexec,
2024-02-01,Payload delivery,md5,0687925ae7f534a0f0d846d1e00772b3,Malware payload
2024-02-01,Payload delivery,sha256,3a6eee24568a282fb8d0fc8dced7cdda1021fb4076a469f7b4788de62f363c20,Malware payload
2024-02-01,Payload delivery,tlsh,t17091559a26085dbcc654a6d3e9903ad7876e0493b194dd2cd8fd9f08f1ef1f0037a9,
2024-02-01,Payload delivery,ssdeep,48:YxY6w4dlpkofn16Ru+FkDFU0NhtXeV2Qp9We6T2UHs1vibvKqRteU3wxioLgW3X6:wpkocRtG9U/9K2Ss1veiHLNExx,
2024-02-01,Other,size-in-bytes,4274,
2024-02-01,Payload delivery,mime-type,application/json,
2024-02-01,Payload delivery,md5,47b2d95f07c2447e875d8f08bf105084,Malware payload
2024-02-01,Payload delivery,sha256,087111fb5448ed8164053c32024f4c24152b6a89e0515f712f46adf8f8ee1b38,Malware payload
2024-02-01,Payload delivery,tlsh,t1d3a1b75b32554cbcc224c7ee94e23e8b57ac0073a1d4ed14a8ad4f5891fe4f1037ea,
2024-02-01,Payload delivery,ssdeep,48:Yxg3SPhJSPdqKkY7EbnlUQl27Rifk/n0+aWblFDF4w0biYtXqlNBT2Hp9Wt0mUxW:QOCkTaGuIT49YMG1veKAAAng,
2024-02-01,Other,size-in-bytes,4842,
2024-02-01,Payload delivery,mime-type,application/json,
2024-02-01,Payload delivery,md5,b3eb748a543f5e24de5e0304f04bae01,Malware payload
2024-02-01,Payload delivery,sha256,665e15fde40e8a60a2c56e2801942fa2bad667ef5eef02474eec4b1ff947655c,Malware payload
2024-02-01,Payload delivery,tlsh,t104a186af11692cbcc614c7d695d53e8787ed0053a298ac18bcdd5f0c92ff8b143659,
2024-02-01,Payload delivery,ssdeep,48:Yxg3SPhJSPdqKkY7EbnlUQl28hpk6nYK+z9SPmDF4w0dM0tXDSPGo2up9WvseNEh:QOOkBIeKezz9EEEi1vZhYzjqfdP,
2024-02-01,Other,size-in-bytes,4940,
2024-02-01,Payload delivery,mime-type,application/json,
2024-02-01,Payload delivery,md5,590ef382155fe68c65b333ff8dbc22f5,Malware payload
2024-02-01,Payload delivery,sha256,9f016c06c989a6540f202fe833760b1f264809e39ca59715b501b6a95c8f8507,Malware payload
2024-02-01,Payload delivery,tlsh,t16b9185b7152c0cbc8a2487d3e5943bd7877f4167e0849d68b9a98f08e0fe1b51136b,
2024-02-01,Payload delivery,ssdeep,96:YAvwlNkvQISnya0o9HT2FJ1vltPBiog3k6BnE:YAvtXo9z2FBifUKE,
2024-02-01,Other,size-in-bytes,4329,
2024-02-01,Payload delivery,mime-type,application/json,
2024-02-01,Payload delivery,md5,4586307b25ace6af898f3a6f12c05177,Malware payload
2024-02-01,Payload delivery,sha256,63f20ae06f098878405a4384c2627ff3b312827c2626675591295003e9763e04,Malware payload
2024-02-01,Payload delivery,tlsh,t122a196ab11681cbcc614cbd395d93a8387ed0113a2a8ad18fced5f0c82ff5b603669,
2024-02-01,Payload delivery,ssdeep,48:Yxg3SPhJSPdqKkY7EbnlUQl2S/hpk6nYK+zebDF4w0dM0tX8r82bp9WG9sYUfi1k:QOoDkBAKpg9nEi1v1/YkKBtP,
2024-02-01,Other,size-in-bytes,4971,
2024-02-01,Payload delivery,mime-type,application/json,
2024-02-01,Payload delivery,md5,864a69a64b49d204262c0ad99eb71683,Malware payload
2024-02-01,Payload delivery,sha256,3a59e3f2cb4395a5516d30231c4a5d9c6c34fa38cd8337f2a5c832634293bf70,Malware payload
2024-02-01,Payload delivery,tlsh,t1b2531a1ab387d221c5b90ab4c0e3c41503f7979bba73d68e3d8922c54e137e58a537,
2024-02-01,Payload delivery,imphash,f34d5f2d4577ed6d9ceec516c1f5a744,
2024-02-01,Payload delivery,ssdeep,768:8Pi8/1FoQTPmd1etL046zVVK/mIHb6Ni14OCsUokKJlzFFeKB3FjGoVFZs2fH4:zKI+mML9/mIH+OCsT7LZ/B3Fjz7L4,
2024-02-01,Other,size-in-bytes,61440,
2024-02-01,Payload delivery,mime-type,application/x-dosexec,
2024-02-01,Payload delivery,md5,638012c65ab62798f4f0be6ccffddec6,Malware payload
2024-02-01,Payload delivery,sha256,cbcecc9bfbfef3383c1ea1c7520f094f6a2a781bcdb4094b56c1fe01d9c8d6fe,Malware payload
2024-02-01,Payload delivery,tlsh,t18aa1965b31551cbc862487ea98e53e8b97bd00b3a0d4ac18b4dd5f4896ff4f103759,
2024-02-01,Payload delivery,ssdeep,48:Yxg3SPhJSPdqKkY7EbnlUQl27Rifk/n0+aWKSPmDF4w0biYtXDSPGq2Hp9WcseNg:QOCkTaUeuef49VEMG1vHRAGTt,
2024-02-01,Other,size-in-bytes,4922,
2024-02-01,Payload delivery,mime-type,application/json,
2024-02-01,Payload delivery,md5,7f7b8b0277f91b07be3eab4dd250294a,Malware payload
2024-02-01,Payload delivery,sha256,2a3718a9bbc4ede7727dda9ae6c30c4a2a43890aabf4cfb544318be53e92941d,Malware payload
2024-02-01,Payload delivery,tlsh,t1567633383715d4f6d4fbcab5bb36a43088725caa2a36745ae2090c451e7d4f5c3f82,
2024-02-01,Payload delivery,imphash,884310b1928934402ea6fec1dbd3cf5e,
2024-02-01,Payload delivery,ssdeep,196608:qRssNlmej2RqodXGj2A1AZxNjAHutE3/kuMwYrtw/ORKiX:qRsleQFdXS78NYutEMujutw4Kq,
2024-02-01,Other,size-in-bytes,7653291,
2024-02-01,Payload delivery,mime-type,application/x-dosexec,
2024-02-01,Payload delivery,md5,8fda61a9e64a3c2c6761abf5df981c8b,Malware payload
2024-02-01,Payload delivery,sha256,f98a0dd89fd98a382b26c4187f390c8b7429103e716f3a26df85c1c12e7b6d2b,Malware payload
2024-02-01,Payload delivery,tlsh,t15ba1845732554d7c8b2487eb94e63aaf47ad0077a194ac28a9ed4f4c90ff8f10376d,
2024-02-01,Payload delivery,ssdeep,48:Yxg3SPhJSPdqKkY7EbnlUQl2FRifk/n0+aWHbgDF4w0biYtXcgFi2Hp9WoibUxGT:QOMkTaRug49KMG1v5vA1XU,
2024-02-01,Other,size-in-bytes,4780,
2024-02-01,Payload delivery,mime-type,application/json,
2024-02-01,Payload delivery,md5,96b55eb5438caa97df51c6b61bc7e091,Malware payload (Socks5Systemz)
2024-02-01,Payload delivery,sha256,88891d10e93810b4cc79e45cc4f475315efe5d453167d156892a3de101511d93,Malware payload (Socks5Systemz)
2024-02-01,Payload delivery,tlsh,t1d776335397d48930e9e1c271e8b0658863663df42c7ce98a3d1c39477963bb845de3,
2024-02-01,Payload delivery,imphash,884310b1928934402ea6fec1dbd3cf5e,
2024-02-01,Payload delivery,ssdeep,196608:4Yz0UVxV/Pv4e/HXly5TeVUq5g5TM6/t6+6t4qlGdJiX:8UVPR/MV24TM1P41q,
2024-02-01,Other,size-in-bytes,7571906,
2024-02-01,Payload delivery,mime-type,application/x-dosexec,
2024-02-01,Payload delivery,md5,1f4bff1a59e46526381fb3d244cd302c,Malware payload
2024-02-01,Payload delivery,sha256,c3be60515de6f2096aad23b08c5385f7d8f885e06fcc85b1611c79a9ea41cf3d,Malware payload
2024-02-01,Payload delivery,tlsh,t15ba173a732554cbc8b2487eb94e63e9f47ad0073a1949c28b9ad5f4c91ff8f10276d,
2024-02-01,Payload delivery,ssdeep,48:Yxg3SPhJSPdqKkY7EbnlUQl2hRifk/n0+aWHbgDF4w0biYtXcgFi2Hp9WoibUxGU:QOokTaRug49KMG1v5vA6c,
2024-02-01,Other,size-in-bytes,4770,
2024-02-01,Payload delivery,mime-type,application/json,
2024-02-01,Payload delivery,md5,3939459c074b7ad6c3d80b4abcdc5e42,Malware payload (Amadey)
2024-02-01,Payload delivery,sha256,1aa61c343a6b774b9e6d002baa701f56f7445dc8925643e80e472dbf6c11d0ea,Malware payload (Amadey)
2024-02-01,Payload delivery,tlsh,t1fd0523af056087a3c038e0f144ca505ceabc7e7f66999db23a5f84d94f748aeaf471,
2024-02-01,Payload delivery,imphash,7515ecf8c0dfa4d230ad835fe0acb57f,
2024-02-01,Payload delivery,ssdeep,24576:f4IXuNKjnJwQez+8mRjfwbajax2bmNrU0W0RZHJ:fa4nJle+jfwbBx2Sgu9,
2024-02-01,Other,size-in-bytes,809984,
2024-02-01,Payload delivery,mime-type,application/x-dosexec,
2024-02-01,Payload delivery,md5,2fbdb277757a3b747e90dc2b436f6197,Malware payload
2024-02-01,Payload delivery,sha256,beb3584fc07fd9146d4ea9596ef684e41cc2b8e65529e4eb1e54a9065a49e308,Malware payload
2024-02-01,Payload delivery,tlsh,t14a91426619386c7ccb58c5ca98fc3d8e967e005bf1649c14a6dd8e0ae2ff1f183a65,
2024-02-01,Payload delivery,ssdeep,96:eyCrkYOhDH5R0DWfrfT594ds1Y7g1vUreHTMsgiFEe7tSseJeR:eyCQThr5RIWfrt94ds1Y7FrezMsgiFEq,
2024-02-01,Other,size-in-bytes,4614,
2024-02-01,Payload delivery,mime-type,application/json,
2024-02-01,Payload delivery,md5,dae8a667c1adddb4ec2808e344f0e22b,Malware payload
2024-02-01,Payload delivery,sha256,374cd763e5511c58a7d91d6557963a7eceb93664e2e3c6632c05948ae5e3e370,Malware payload
2024-02-01,Payload delivery,tlsh,t1cb91749a26095ebcc64496e3e4443ad7876e1493b098de2ce4fd9f08f1ef1f04276e,
2024-02-01,Payload delivery,ssdeep,48:YxY6wWdlpkofn16Ru+FzvDFU0NhtXN3rm/2xp9WhHp6Y2UHs1vhmObvK3moRteUy:2pkocRtp9hEA9Sr2Ss1vhPMeHLxVuU5x,
2024-02-01,Other,size-in-bytes,4274,
2024-02-01,Payload delivery,mime-type,application/json,
2024-02-01,Payload delivery,md5,0defd80fa39d9522fa4a7c39d433b50e,Malware payload (Socks5Systemz)
2024-02-01,Payload delivery,sha256,ebe2dea252e6a5216d6c9851893e85110caf13402f4fbdcd3c239356350927c3,Malware payload (Socks5Systemz)
2024-02-01,Payload delivery,tlsh,t10c763342b1e18cbcd773cd797e6c903d8ea72b6131a51a6d31dea869801f330b88b5,
2024-02-01,Payload delivery,imphash,884310b1928934402ea6fec1dbd3cf5e,
2024-02-01,Payload delivery,ssdeep,196608:dH9D7TiULuAT8aZySHKr7eSrau+jeOmZ3mRgEiX:TD7Tp1YFXV3YmZ33Eq,
2024-02-01,Other,size-in-bytes,7616622,
2024-02-01,Payload delivery,mime-type,application/x-dosexec,
2024-02-01,Payload delivery,md5,6325f4f4a0927b65ed9b89a446b4d692,Malware payload
2024-02-01,Payload delivery,sha256,647ac246becc6db19d1bc67fb3f2617e14c4d63605fc43da73a89964aeffdda5,Malware payload
2024-02-01,Payload delivery,tlsh,t1cba175af11696cbc8618c7d699d93e8797ed0053a298ac18fced5f0c92ff8b103655,
2024-02-01,Payload delivery,ssdeep,48:Yxg3SPhJSPdqKkY7EbnlUQl2ghpk6nYK+z9SPmDF4w0dM0tXDSPGo2up9WvseNEp:QO+kBIeKezz9EEEi1vZhYfQXdP,
2024-02-01,Other,size-in-bytes,4940,
2024-02-01,Payload delivery,mime-type,application/json,
2024-02-01,Payload delivery,md5,4d0bdd6e4f596b077eb8fac05e502eda,Malware payload (Socks5Systemz)
2024-02-01,Payload delivery,sha256,d137e436029c25cfcab55bb0103fbc6b91a1d2d635001520f8da3c17618922d6,Malware payload (Socks5Systemz)
2024-02-01,Payload delivery,tlsh,t18f76332063115eabe597d771f2657a01823f7f230e24629032e938bdfe5a7e01942f,
2024-02-01,Payload delivery,imphash,884310b1928934402ea6fec1dbd3cf5e,
2024-02-01,Payload delivery,ssdeep,98304:Njo7BbgLDg4QNGgy1pqDQce2vOzHXRLG8YvpvG3/0fi8+RarLQiU4MdFJgN34UdA:nL8f4gnQMsLG3RGsfj+8AH4MdFqFiX,
2024-02-01,Other,size-in-bytes,7604013,
2024-02-01,Payload delivery,mime-type,application/x-dosexec,
2024-02-01,Payload delivery,md5,eb12ca589d591feeb6c70b8f1b8da316,Malware payload
2024-02-01,Payload delivery,sha256,19d00e840bac6b584ab56da367fc6f3a409114e1161545bd9f71392f61fe1b87,Malware payload
2024-02-01,Payload delivery,tlsh,t116a198eb25795cbccb24c7c655c63e8357ec001752a4ad14ecad5f0c91fe8b14269a,
2024-02-01,Payload delivery,ssdeep,48:Yxg3SPhJSPdqKkY7EbnlUQl2Fhpk6nYK+zMlFDF4w0dM0tXqlNjT2up9WMTv0mU0:QOPkB6KoTz9DEi1vgQYf4xP,
2024-02-01,Other,size-in-bytes,4850,
2024-02-01,Payload delivery,mime-type,application/json,
2024-02-01,Payload delivery,md5,4ca0607859fbbc4fc68e874612e95f6b,Malware payload
2024-02-01,Payload delivery,sha256,777e1ce5704e9f808ab4cb915acc193da3d4dd7401e294a150804cbe0c61af05,Malware payload
2024-02-01,Payload delivery,tlsh,t1cc91427662180c7e863482d6b4597ad367be0267a1d4ec28a8ed4f0ca6ff1f205b56,
2024-02-01,Payload delivery,ssdeep,48:YxC4t2fbZkvnY+Cs+DF4w0nltXPSjeUT2Gp9WnTUd81vdE7b/KcRezbC3wxioor3:nbZknCs+w/05TH9I681vdEHAbpZcKdO,
2024-02-01,Other,size-in-bytes,4238,
2024-02-01,Payload delivery,mime-type,application/json,
2024-02-01,Payload delivery,md5,8806217d770aceb98510c8a6a3324c33,Malware payload (LummaStealer)
2024-02-01,Payload delivery,sha256,85aa304fcb04d0bcf5aa14a9fedc4c820f9d0bb3dc5fda3219c29e876300bd03,Malware payload (LummaStealer)
2024-02-01,Payload delivery,tlsh,t1e0d4124b37960b23e61951bac0f749f493f778d752b3e7863a8455c60e01be48e9c7,
2024-02-01,Payload delivery,imphash,f34d5f2d4577ed6d9ceec516c1f5a744,
2024-02-01,Payload delivery,ssdeep,12288:nfJAWzQzFgTSKLXTc0y1l2K/GW+8cXY0cRlUXHFcqnqfa7H6P:nxAWugTSODRhKeW+8H0waXHF1nqfa7aP,
2024-02-01,Other,size-in-bytes,645888,
2024-02-01,Payload delivery,mime-type,application/x-dosexec,
2024-02-01,Payload delivery,md5,5b540286154a5fbaf137541a7690f194,Malware payload
2024-02-01,Payload delivery,sha256,a0d982e203e207f6759e730faf3ab5caf676fb7106f685f8cd0ddb220f6ed7d2,Malware payload
2024-02-01,Payload delivery,tlsh,t18791b7b7162c4cadca1487d3d5903b9796bf41a7e0849e68b9fc8f08e0fe1f511366,
2024-02-01,Payload delivery,ssdeep,48:Yx5AvwlYYwDJKbsJkmnh+0DFU0omOtXxR23p9WtY2UKJ1vybaKqRrC3wxioiuuex:YAvwlykv0S7U9/2FJ1vu8iFeIE,
2024-02-01,Other,size-in-bytes,4323,
2024-02-01,Payload delivery,mime-type,application/json,
2024-02-01,Payload delivery,md5,14dd356fa6bf400264bd14ce69555772,Malware payload
2024-02-01,Payload delivery,sha256,f762e9b8d903fe35bfbb2a4eb0e0f529687f3a48af07c7adc901ee2250a6210e,Malware payload
2024-02-01,Payload delivery,tlsh,t11d91a5b716284cacca2487d7d5903b97577f41a7e0849e68bae88f08e0fe1b51137a,
2024-02-01,Payload delivery,ssdeep,48:Yx5AvwlYYwhKbsJkmnh+0DFU0omOtXxR23p9WtY2UKJ1vybaKqRrC3wxioiEgSMZ:YAvwlukv0S7U9/2FJ1vu8i//sLE,
2024-02-01,Other,size-in-bytes,4323,
2024-02-01,Payload delivery,mime-type,application/json,
2024-02-01,Payload delivery,md5,42d4c79275b47c4a587959359d7bc69a,Malware payload
2024-02-01,Payload delivery,sha256,3fcc48d795f2e6bcb4a64dcfd5aa086f91272af01390b41cd1e11794f8632fb9,Malware payload
2024-02-01,Payload delivery,tlsh,t1d9a186ab11681cbc87248bc255d93a8787ed0113a298ad14fced5f0c82ff8b60366a,
2024-02-01,Payload delivery,ssdeep,48:Yxg3SPhJSPdqKkY7EbnlUQl2xhpk6nYK+zebDF4w0dM0tX8r82bp9WG9sYUfi1vP:QOfkBAKpg9nEi1v1/Y/+rVVEcP,
2024-02-01,Other,size-in-bytes,4971,
2024-02-01,Payload delivery,mime-type,application/json,
2024-02-01,Payload delivery,md5,1b56bfb3a8171584bd9f1950223df32e,Malware payload
2024-02-01,Payload delivery,sha256,a6a4641e71a6ddd851fd7df1d613f2a4299ee282d2c98912f9748d76b981af3f,Malware payload
2024-02-01,Payload delivery,tlsh,t13791872561180cbe8628869be0543bf35bee059391d4fc28d4be9f5ca0ff6f101769,
2024-02-01,Payload delivery,ssdeep,96:zOzOy+km7O8ZlOFKiwTH9DnT71vfihHxisoZ51Gtt4+:aPHKT9TTx+RJoD1Gtt3,
2024-02-01,Other,size-in-bytes,4262,
2024-02-01,Payload delivery,mime-type,application/json,
2024-02-01,Payload delivery,md5,8dac29257355df1d5f5a075e8934db00,Malware payload
2024-02-01,Payload delivery,sha256,29fa4355fe4b6ffa043d554a63a1581d29787d9f611add75567ff86608eee4d0,Malware payload
2024-02-01,Payload delivery,tlsh,t19b91549a270c5dbdca5496e3d5903ad7876e0493b194ed2cd8fd9f08e1ef1f00276a,
2024-02-01,Payload delivery,ssdeep,48:YxY6wCKdlpkofn16Ru+FkDFU0NhtXeV2Qp9We6T2UHs1vibvKqRteU3wxioLgptW:fpkocRtG9U/9K2Ss1veiHLgUdx,
2024-02-01,Other,size-in-bytes,4274,
2024-02-01,Payload delivery,mime-type,application/json,
2024-02-01,Payload delivery,md5,848d097f4768707751e3aac333420769,Malware payload
2024-02-01,Payload delivery,sha256,cb2e257232dc820b00bf80d9c2757cee965c9a34f59fca2ada541abe3b1b9586,Malware payload
2024-02-01,Payload delivery,tlsh,t1ddb533d0673269d1e05b57b9d86fe939887bfe6be5b810a7244af2031b3d0700513e,
2024-02-01,Payload delivery,imphash,baa93d47220682c04d92f7797d9224ce,
2024-02-01,Payload delivery,ssdeep,49152:yAC4ikLeoIEGx9o8Zy1nIbCDPC2zjkAIJZNz+T9zmyzN:tikLeo4vyyUfxiKT91,
2024-02-01,Other,size-in-bytes,2329088,
2024-02-01,Payload delivery,mime-type,application/x-dosexec,
2024-02-01,Payload delivery,md5,4555ea714f0ca84659bdb2dde6d28035,Malware payload
2024-02-01,Payload delivery,sha256,5d33d6e3611fe2abbc56e1ac9ae9b13038b788b7972bfa52df840a138e909985,Malware payload
2024-02-01,Payload delivery,tlsh,t100a1a5ab11395cbccb10c7c295c93a8797ed0153a3a8ac14fdac6f0c82ee4b143659,
2024-02-01,Payload delivery,ssdeep,48:Yxg3SPhJSPdqKkY7EbnlUQl26hpk6nYK+z1DF4w0dM0tXnT2up9WSFo8ZUfi1vAC:QOIkB5KDz9vLEi1vYYYeA4P,
2024-02-01,Other,size-in-bytes,4874,
2024-02-01,Payload delivery,mime-type,application/json,
2024-02-01,Payload delivery,md5,785fd4664a61de495f62f04db1531511,Malware payload (RiseProStealer)
2024-02-01,Payload delivery,sha256,a6b0a8aae6896b8927f3c1a505739b3911b42115a76730c32368618d4b633609,Malware payload (RiseProStealer)
2024-02-01,Payload delivery,tlsh,t12245336201628061db39e2f1c5c67c6febfd38b4f68c8a22551fd19b4d74a8e7f45a,
2024-02-01,Payload delivery,imphash,5ab723dc8d5af21b79dc301ed6a56a64,
2024-02-01,Payload delivery,ssdeep,24576:oE5Qum6thTeUjumCd9+0ZkWm9ENldNDZBRapfV6kwQiz+8qe0VuDZbmNrUvW/JOm:ojumG5wdd9+0ZkW8ENld9gpf/liaeoQ3,
2024-02-01,Other,size-in-bytes,1195520,
2024-02-01,Payload delivery,mime-type,application/x-dosexec,
2024-02-01,Payload delivery,md5,58ec36ccd7bc0e29314ec7688427dc89,Malware payload
2024-02-01,Payload delivery,sha256,8c77b78a1b8cdb86f867a836d678c2109b7c62ece63cebe49745fc89bee2fed6,Malware payload
2024-02-01,Payload delivery,tlsh,t199b533d092bb0ba1d6739bb1b6b35f4813231e8f051bf2264a90f99607fd7748251e,
2024-02-01,Payload delivery,imphash,baa93d47220682c04d92f7797d9224ce,
2024-02-01,Payload delivery,ssdeep,49152:qzwK9s/RpxqiF66YEO2O3sr5+QwohKQw+AEg6HE6tad:q86s/QiW12O28dx+Ax6HFt+,
2024-02-01,Other,size-in-bytes,2329088,
2024-02-01,Payload delivery,mime-type,application/x-dosexec,
2024-02-01,Payload delivery,md5,a528bd1db42d7287bc562f1bc44536b5,Malware payload
2024-02-01,Payload delivery,sha256,c12a97c475bbd9ef7c9cf79d874a9e0e55db296c943702913b255c4d7cbdbdf1,Malware payload
2024-02-01,Payload delivery,tlsh,t1419185e7b1155eb8c51fc4ea96e939cfcabd005390345c2ce5a94b0b98fe1b55323d,
2024-02-01,Payload delivery,ssdeep,96:XGw9k0yan4wgaBSQcsTN9+BMOy0G1vRctHsz9UAeGbLH33X0VXr:u0049rVGmlbr3n2,
2024-02-01,Other,size-in-bytes,4528,
2024-02-01,Payload delivery,mime-type,application/json,
2024-02-01,Payload delivery,md5,855abc726eea0fc2dddb7c59ce8fb105,Malware payload
2024-02-01,Payload delivery,sha256,66882355e874d8896712c22d92d48df8662f95d260aeac5d10be61776556dd0a,Malware payload
2024-02-01,Payload delivery,tlsh,t168a174ab31550cbc852983ea94e53f8b47bd00735494ec24a4ac5f5c92fe8b1437a9,
2024-02-01,Payload delivery,ssdeep,48:Yxg3SPhJSPdqKkY7EbnlUQl2L/Rifk/n0+aWCDF4w0biYtXnQbZ2Hp9WjyUxG1vU:QOBMkTa1uAbZ49bMG1vCb8vbJAI6bLb,
2024-02-01,Other,size-in-bytes,5005,
2024-02-01,Payload delivery,mime-type,application/json,
2024-02-01,Payload delivery,md5,e79a595d0b8fd37f675386a98325be77,Malware payload
2024-02-01,Payload delivery,sha256,9f30c2eadb7b9f09135abfe41f5d6f19a9481b83e75a7bae8e1d13c75a9426ad,Malware payload
2024-02-01,Payload delivery,tlsh,t136a1976f31160cbc861487eb98e13e8b97ad00b7a094ec18b8ed5f4c96fe8f103759,
2024-02-01,Payload delivery,ssdeep,48:Yxg3SPhJSPdqKkY7EbnlUQl2zCRifk/n0+aWKSPmDF4w0biYtXDSPGq2Hp9WcseI:QOJkTaUeuef49VEMG1vHRAvSNRJt,
2024-02-01,Other,size-in-bytes,4922,
2024-02-01,Payload delivery,mime-type,application/json,
2024-02-01,Payload delivery,md5,dbe1b945bbf4998fc1682aa8f1b2a409,Malware payload
2024-02-01,Payload delivery,sha256,e5d219c186d531afcc9ff0f45b997de4b1cb422ab55dc994b6c02d726c9531cf,Malware payload
2024-02-01,Payload delivery,tlsh,t157a1c86b31164c7cca2487da98e13e8b576d00b3a294ec14b9ed5f4cc5ef8f1037a9,
2024-02-01,Payload delivery,ssdeep,48:Yxg3SPhJSPdqKkY7EbnlUQl2LWRifk/n0+aW0DF4w0biYtXnR2Hp9WO8ZUxG1v+S:QONkTa1uh49AMG1vSmAwL/Bp,
2024-02-01,Other,size-in-bytes,4866,
2024-02-01,Payload delivery,mime-type,application/json,
2024-02-01,Payload delivery,md5,ebccdbc4e612d2a46cdc2ee3f1164c3a,Malware payload
2024-02-01,Payload delivery,sha256,9fba1b6674df92fe73089c16d664575c5cbbdd526b25335f4098f5012a187b3b,Malware payload
2024-02-01,Payload delivery,tlsh,t1d391535a26095dbdcb9496d3d5803ac797ae1453e094dd2ce8bd8f08a1ff1f10376a,
2024-02-01,Payload delivery,ssdeep,48:YxY6wmdlpkofn16Ru+FvDF4w0NhtXpk2Kp9Wo6sUHs1vFbvKzRteU3wxioorb1YD:mpkocRtxYyH97Ss1vdTHW1GVbx,
2024-02-01,Other,size-in-bytes,4413,
2024-02-01,Payload delivery,mime-type,application/json,
2024-02-01,Payload delivery,md5,30d8421a1a627b4575ada5d98604e21c,Malware payload
2024-02-01,Payload delivery,sha256,5c027cc978c3953d48111797ab2702d08cf2625b02ef21636ecfb645403ecf4f,Malware payload
2024-02-01,Payload delivery,tlsh,t12f9173e7b1255eb8c51fc5ee96a939cecabd001390309c1ce5a94b4b88fe1b513679,
2024-02-01,Payload delivery,ssdeep,96:XGz9k0yan4wgaBSQcsTN9+BMOy0G1vRctHsz9UAeGHoK8VXr:b0049rVGmlHol,
2024-02-01,Other,size-in-bytes,4529,
2024-02-01,Payload delivery,mime-type,application/json,
2024-02-01,Payload delivery,md5,43d333274ba16270e8eedf34affc8361,Malware payload
2024-02-01,Payload delivery,sha256,bb220fb57c76c3129259264e93e4b2f1df0ea2ae12193c64d41972b81e04c2f0,Malware payload
2024-02-01,Payload delivery,tlsh,t18b91736a26085dbdcb9496d3e5843ac7c76e1053f194dd28e8bddf08e1ef1f10276a,
2024-02-01,Payload delivery,ssdeep,48:YxY6wHdlpkofn16Ru+FvDF4w0NhtXpk2Kp9Wo6sUHs1vFbvKzRteU3wxioorbrJw:fpkocRtxYyH97Ss1vdTHWrSyiaCx,
2024-02-01,Other,size-in-bytes,4403,
2024-02-01,Payload delivery,mime-type,application/json,
2024-02-01,Payload delivery,md5,ab0882a3920126bf2d3dbe5270a841cf,Malware payload
2024-02-01,Payload delivery,sha256,dd49574cdb7c9262fb4d54fe332ef6af8d0aad84b3f9b513420be55aa9f6c175,Malware payload
2024-02-01,Payload delivery,tlsh,t16fb533fb7d32a21be0d757706eb2ced41647cc171485cade2866f60a877e3728169e,
2024-02-01,Payload delivery,imphash,baa93d47220682c04d92f7797d9224ce,
2024-02-01,Payload delivery,ssdeep,49152:3/tqFPLKppDSrQ8RLZKF1mn20+QWg4yu0/OVZmEaKY:oxLKppDS3Zk1mn1R/OKQY,
2024-02-01,Other,size-in-bytes,2352128,
2024-02-01,Payload delivery,mime-type,application/x-dosexec,
2024-02-01,Payload delivery,md5,d7611f4ef008501c4f6999ea4ae44faa,Malware payload
2024-02-01,Payload delivery,sha256,526644c4509b3dc731f91c2bb416ce7811e6b44dfd60786b605b12022ef6c245,Malware payload
2024-02-01,Payload delivery,tlsh,t17ea1a5ab11695cbccb10c7c685c93a8797ed015363a8ec18fded6f0c92fe8b142659,
2024-02-01,Payload delivery,ssdeep,48:Yxg3SPhJSPdqKkY7EbnlUQl2Rehpk6nYK+z1DF4w0dM0tXnT2up9WSFo8ZUfi1vo:QObOkB5KDz9vLEi1vYYYszEwGNz9P,
2024-02-01,Other,size-in-bytes,4884,
2024-02-01,Payload delivery,mime-type,application/json,
2024-02-01,Payload delivery,md5,3fbecf646d045ec7cd32f2cf2368f920,Malware payload
2024-02-01,Payload delivery,sha256,828f49bd423ed2d6d0f1c226778141901ac425f3f7d89e5ddcf632703f7816b3,Malware payload
2024-02-01,Payload delivery,tlsh,t169a163ab31550cbcc52983da94e53b8b97bd00b39494ec28b49c5f5c92ff8f1437a9,
2024-02-01,Payload delivery,ssdeep,48:Yxg3SPhJSPdqKkY7EbnlUQl27Rifk/n0+aWCDF4w0biYtXnQbZ2Hp9WjyUxG1vCx:QO+kTa1uAbZ49bMG1vCb8vbJA+Er,
2024-02-01,Other,size-in-bytes,5005,
2024-02-01,Payload delivery,mime-type,application/json,
2024-02-01,Payload delivery,md5,8b516f1f88e1f98eb768f2a9343b9ae6,Malware payload
2024-02-01,Payload delivery,sha256,53a04e66f00b0905ab51d25b86f2e68e50aa75deef47759d97ec4f0191b688f8,Malware payload
2024-02-01,Payload delivery,tlsh,t134a184eb65691cbccb15c7c690d93b8797fc011362a4ec28b8ac5b0c92ff87153669,
2024-02-01,Payload delivery,ssdeep,48:Yxg3SPhJSPdqKkY7EbnlUQl2chpk6nYK+z1DF4w0dM0tXnGbZ2up9WSgyUfi1vU6:QOmkBhKWbZz9BEi1vUb8pbbY/f8P,
2024-02-01,Other,size-in-bytes,5023,
2024-02-01,Payload delivery,mime-type,application/json,
2024-02-01,Payload delivery,md5,872a46b50117769c7e60a88b582a1384,Malware payload (BumbleBee)
2024-02-01,Payload delivery,sha256,a9e28a096479e9d9087bb2899854aceceb3ad6f613b335c76d5c7300084838b3,Malware payload (BumbleBee)
2024-02-01,Payload delivery,tlsh,t1d145e011e6921ff4d476917680ab292fbb303e584325e377abc0d23b7d927e05b197,
2024-02-01,Payload delivery,imphash,47e01530ad43ec939d1c47709a80a5c6,
2024-02-01,Payload delivery,ssdeep,24576:JRnTYEAEZO+waOunLnSqVPS5kGWymbofA5UygFVvE6LusNO5Qs:aglnGqKmboPv1LusYys,
2024-02-01,Other,size-in-bytes,1223174,
2024-02-01,Payload delivery,mime-type,application/x-dosexec,
2024-02-01,Payload delivery,md5,6a8acdbda383ab469f6571b7b56b0f74,Malware payload
2024-02-01,Payload delivery,sha256,3e0c1547f751313e40eb89d1ad426991e6e2a45a701c2eb32570d499dacaa154,Malware payload
2024-02-01,Payload delivery,tlsh,t11e9194b715280cbcca248bd799643bd756bf41a7e0949d68b9b88f0ce0fe1f10176b,
2024-02-01,Payload delivery,ssdeep,96:YAvwlMkvQISnya0o9HT2FJ1vltPBi5/uIWXFnE:YAvaXo9z2FBi8IW1E,
2024-02-01,Other,size-in-bytes,4339,
2024-02-01,Payload delivery,mime-type,application/json,
2024-02-01,Payload delivery,md5,62608bec211e4161a665d5c971eab77c,Malware payload
2024-02-01,Payload delivery,sha256,f787f55c78a90dae5ab3bcc963a7737077ad09ac59e5d6ddb1a5f7820faf27f2,Malware payload
2024-02-01,Payload delivery,tlsh,t1f241cc7ccf69f8e0033db1a088492e2620949e57d6b58e24d9574ee62d7c24acf1b1,
2024-02-01,Payload delivery,ssdeep,48:LGfEFWuJqs9HZNjd+SfprcKyK0hE6S1FtfsC5P3RX5ZWiaoIhSNt0:LGfEFW87jd+Sfpbaq6S1FtfsC5P39Ef9,
2024-02-01,Other,size-in-bytes,2219,
2024-02-01,Payload delivery,mime-type,text/plain,
2024-02-01,Payload delivery,md5,062a58b551e023dc3b09c3adfd4acdf8,Malware payload
2024-02-01,Payload delivery,sha256,85171e11b0c76690d001e5f8c62b1acb707d1a7605cf06ab2b65e8fe5e787fa9,Malware payload
2024-02-01,Payload delivery,tlsh,t1cf91647526080cbd873482c6a4597ad767be0257a0d4ec2ca8bd4f0ca7ff1f205b56,
2024-02-01,Payload delivery,ssdeep,48:YxCWt2fbZkvnY+Cs+DF4w0nltXPSjeUT2Gp9WnTUd81vdE7b/KcRezbC3wxioorl:VbZknCs+w/05TH9I681vdEHAbpZcrUO,
2024-02-01,Other,size-in-bytes,4238,
2024-02-01,Payload delivery,mime-type,application/json,
2024-02-01,Payload delivery,md5,1bedf3d356f47b8b1a8b1355cc62f38b,Malware payload
2024-02-01,Payload delivery,sha256,a14fdd3b21837ec91045d5b1b644ad098d080099484cca9db562bae6a2cedf31,Malware payload
2024-02-01,Payload delivery,tlsh,t1f3252345b55b6e12d8b58633a9375bfbe2b9ae684fc038443338fb9d7870406335e6,
2024-02-01,Payload delivery,imphash,f4639a0b3116c2cfc71144b88a929cfd,
2024-02-01,Payload delivery,ssdeep,24576:IfLq8xtGysF2z1yX1W3ViqP91AZisOBpizOcVAHqHr:ChQF2z0X1W34qvuyXPH8,
2024-02-01,Other,size-in-bytes,962634,
2024-02-01,Payload delivery,mime-type,application/x-dosexec,
2024-02-01,Payload delivery,md5,f33faebc1a4466d62b73f707d09307b3,Malware payload
2024-02-01,Payload delivery,sha256,312b622b9828f42d9e93b4f862c1b817dc0d1eacdf54e9de0459cfe31b47f450,Malware payload
2024-02-01,Payload delivery,tlsh,t15d91726629386c7cc758c5ca98fc3d4e567e005bf1609c14a6de8e0ae2ff1f183a61,
2024-02-01,Payload delivery,ssdeep,96:eyurkYOhDH5R0DWfrfT594ds1Y7g1vUreHTMsgiFEEPJeR:eyuQThr5RIWfrt94ds1Y7FrezMsgiFER,
2024-02-01,Other,size-in-bytes,4612,
2024-02-01,Payload delivery,mime-type,application/json,
2024-02-01,Payload delivery,md5,6cb67db293a8b528b48047af4ab780b8,Malware payload
2024-02-01,Payload delivery,sha256,97b57a07480a1c3d98ec4cab6f9d9f882ece6479cf3d5903d3a2994ef745962d,Malware payload
2024-02-01,Payload delivery,tlsh,t114a1a75735650cbcc624c7eb94e23e8b57ad0073a594ec14a8ac4f5885fe8f1037ea,
2024-02-01,Payload delivery,ssdeep,48:Yxg3SPhJSPdqKkY7EbnlUQl2fRifk/n0+aWblFDF4w0biYtXqlNBT2Hp9Wt0mUxZ:QO6kTaGuIT49YMG1veKAws/,
2024-02-01,Other,size-in-bytes,4832,
2024-02-01,Payload delivery,mime-type,application/json,
2024-02-01,Payload delivery,md5,b4d27a5fd773b05eca080ae838abef6e,Malware payload
2024-02-01,Payload delivery,sha256,b3d2b9e42c350ffa4a457deccfdfee4854c28bae13810cc21cb1bdda8b14f453,Malware payload
2024-02-01,Payload delivery,tlsh,t14091869a36094dbcc64496e3e8403ad7c76e1493b098dd2cd4fd9f08e1ef1f04276a,
2024-02-01,Payload delivery,ssdeep,48:YxY6wTdlpkofn16Ru+FzvDFU0NhtXN3rm/2xp9WhHp6Y2UHs1vhmObvK3moRteUu:bpkocRtp9hEA9Sr2Ss1vhPMeHLrdx,
2024-02-01,Other,size-in-bytes,4274,
2024-02-01,Payload delivery,mime-type,application/json,
2024-02-01,Payload delivery,md5,cb4722ec1af86e0f1f677a10332ad57b,Malware payload
2024-02-01,Payload delivery,sha256,6846c61af3983771d4bb4f2e0009a9a2bf5391ba87b48fb0be60a19649157f93,Malware payload
2024-02-01,Payload delivery,tlsh,t1daa184eb61681cbcca25c7c694d53b8797fd011352a4ec24e8dc5b0c93ff87212669,
2024-02-01,Payload delivery,ssdeep,48:Yxg3SPhJSPdqKkY7EbnlUQl2Xhpk6nYK+z1DF4w0dM0tXnGbZ2up9WSgyUfi1vUB:QO5kBhKWbZz9BEi1vUb8pbbYAgZbP,
2024-02-01,Other,size-in-bytes,5023,
2024-02-01,Payload delivery,mime-type,application/json,
2024-02-01,Payload delivery,md5,a2c57941827b61d02b12d27f3dbfd1c4,Malware payload
2024-02-01,Payload delivery,sha256,1c13c3cdda7d49c9cf4ead741d63e32bf0832e6f6ea7518eef31a2d0aa43949f,Malware payload
2024-02-01,Payload delivery,tlsh,t1d0916466261c0cbdc6398a92a05c7ad76bae02779094fd2888bd4f0cb5ff2b141769,
2024-02-01,Payload delivery,ssdeep,96:jjLekxq8pVFawTH9o2nTv71vzhHtsIZhefWR+:jjLvguFaA9o2nbdhNsIrWWR+,
2024-02-01,Other,size-in-bytes,4215,
2024-02-01,Payload delivery,mime-type,application/json,
2024-02-01,Payload delivery,md5,f48aa74ea912215a77243e374d71df48,Malware payload (RiseProStealer)
2024-02-01,Payload delivery,sha256,418d59c884d2220bb56a3604844fe6ab2f48a5c863320285ae4431ff2f338bd2,Malware payload (RiseProStealer)
2024-02-01,Payload delivery,tlsh,t1714523bb45355a01f7217ef188ca009d9f386ec95d80c9112b5b9eeb05f46eefb12a,
2024-02-01,Payload delivery,imphash,5ab723dc8d5af21b79dc301ed6a56a64,
2024-02-01,Payload delivery,ssdeep,24576:Ys/tBEAPeof2Wi4gFwXESwQn6icoECYuLCG/DZbmNrU0W0RlD4NGRz:Ys/ZP1lWelOoECCmDZSguzjR,
2024-02-01,Other,size-in-bytes,1195520,
2024-02-01,Payload delivery,mime-type,application/x-dosexec,
2024-02-01,Payload delivery,md5,de4fb206d39bdefd16103f49093a2998,Malware payload
2024-02-01,Payload delivery,sha256,16ba680749f7cfb32a1990e46fd76496e066930fcf53e45b5bed7c8a9b37cfa5,Malware payload
2024-02-01,Payload delivery,tlsh,t139a1889712545cbccf14c7d695da3a9b47ed005392a8ac18eded5f0c92ff8b50226e,
2024-02-01,Payload delivery,ssdeep,48:Yxg3SPhJSPdqKkY7EbnlUQl2Uhpk6nYK+zobgDF4w0dM0tXcg/i2up9WXibUfi1E:QOakBtKCz93Ei1vnfYdu2P,
2024-02-01,Other,size-in-bytes,4788,
2024-02-01,Payload delivery,mime-type,application/json,
2024-02-01,Payload delivery,md5,3f2c618d8cdf53aa21f1b24e4e5edbad,Malware payload
2024-02-01,Payload delivery,sha256,ad6360c89d2fb5956f298ea398f8bce38149dadbd8aac1ab3b6e3b0373257543,Malware payload
2024-02-01,Payload delivery,tlsh,t1a0a1a66b32550cbc86248be794e53e8b87ad0173a098ad14f4ed4f4c85ff8f5037a9,
2024-02-01,Payload delivery,ssdeep,48:Yxg3SPhJSPdqKkY7EbnlUQl2hRifk/n0+aW/bDF4w0biYtX8rG2xp9WoKsYUxG16:QOIkTakuNe9yMG1vbDAkDE,
2024-02-01,Other,size-in-bytes,4953,
2024-02-01,Payload delivery,mime-type,application/json,
2024-02-01,Payload delivery,md5,f7bb584b5b7af163334e81a5beac903c,Malware payload (GuLoader)
2024-02-01,Payload delivery,sha256,1774a699169f6db1448689d4b30018851fd9112b769447ff31b9fc6d7ff15a1b,Malware payload (GuLoader)
2024-02-01,Payload delivery,tlsh,t10985331c9a649113e50ac1b3fb677a1bcb76b321e5e70bd79b506f1a7cf261b604ca,
2024-02-01,Payload delivery,imphash,671f2a1f8aee14d336bab98fea93d734,
2024-02-01,Payload delivery,ssdeep,49152:fzwxQikZ+9YXg9mVICuNWuSdrfnDkJp6QBnCNdKxUHgIJz4:5i++qX8iuivYw7Kx0tJ0,
2024-02-01,Other,size-in-bytes,1858979,
2024-02-01,Payload delivery,mime-type,application/x-dosexec,
2024-02-01,Payload delivery,md5,22dcb5d961d176d6124fc58d59d0c342,Malware payload (Mirai)
2024-02-01,Payload delivery,sha256,e7ac30a0dd0add00b30bbde6edc61de81077db305f62bae7a1772a684790e957,Malware payload (Mirai)
2024-02-01,Payload delivery,tlsh,t1e4c32a46e7418f43c0d61775baaf42453322ab6593db73069928bff43f8679e0e235,
2024-02-01,Payload delivery,ssdeep,3072:YTua1KJBCIvaKoT1c7eP4jdNFGxEhM/9dkP+1:YR1KJIIvaKoToePsHGxyM/9dkPO,
2024-02-01,Other,size-in-bytes,128469,
2024-02-01,Payload delivery,mime-type,application/x-executable,
2024-02-01,Payload delivery,md5,ba5dada39257d5ac97e1a628426cf6d5,Malware payload
2024-02-01,Payload delivery,sha256,397405573b128a577dc7fa88909e22ed07caeeadb240206fafda2d40c341ee3c,Malware payload
2024-02-01,Payload delivery,tlsh,t18a91653562180cbe8628869fe0447ee35bee05a7a1d4ac28c4be9f5ca1ff5f111765,
2024-02-01,Payload delivery,ssdeep,96:zOzO1+km7O8ZlOFKiwTH9DnT71vfihHxisoZ5KbnzcOr4+:tPHKT9TTx+RJoDKDz/3,
2024-02-01,Other,size-in-bytes,4262,
2024-02-01,Payload delivery,mime-type,application/json,
2024-02-01,Payload delivery,md5,b6d72a86bfe462f5d12d20f0f18f0d93,Malware payload
2024-02-01,Payload delivery,sha256,067fb9dacbd5b90a39e1997062b1313890b1ea0eb8bf683167713bdf8e86d609,Malware payload
2024-02-01,Payload delivery,tlsh,t1647126db1373a41d09cf889176928a0936207ed7f48437c8d4981a71934ba9eb4e6f,
2024-02-01,Payload delivery,ssdeep,96:KCg1AZSVNbAJgLn3QUNZTg44/WUiNm9rYU5TT:KCg1AZaNbAJgLnAuZTg44/riNm5YU5TT,
2024-02-01,Other,size-in-bytes,3522,
2024-02-01,Payload delivery,mime-type,text/plain,
2024-02-01,Payload delivery,md5,7e5d1df9a4f692d5ce4d4920d9beddef,Malware payload
2024-02-01,Payload delivery,sha256,57858a81038802efd11cf2c11c175980d5e1e7e62e7b07bfb4d6d90542babb89,Malware payload
2024-02-01,Payload delivery,tlsh,t171a1c66b35660c7cca2487da99e63e8b53ad00b39194ec14b8fd4f4c81fe8f1037a9,
2024-02-01,Payload delivery,ssdeep,48:Yxg3SPhJSPdqKkY7EbnlUQl2nRifk/n0+aW0DF4w0biYtXnR2Hp9WO8ZUxG1v+bH:QO2kTa1uh49AMG1vSmAprloE,
2024-02-01,Other,size-in-bytes,4856,
2024-02-01,Payload delivery,mime-type,application/json,
2024-02-01,Payload delivery,md5,5ff0026464aa027038b74c7474e2b7b4,Malware payload
2024-02-01,Payload delivery,sha256,5115f8056f7704bbb33b51835ad79d03f78cfce5a2ac452c14e7180ebbeba1d1,Malware payload
2024-02-01,Payload delivery,tlsh,t1719173e7b1255eb9c51fc5ea96e939cecabd001390305c1cd5ae4b0b88fe1b513639,
2024-02-01,Payload delivery,ssdeep,96:XGIL9k0yan4wgaBSQcsTN9+BMOy0G1vRctHsz9UAeGQCxiwGWVXr:tu0049rVGmlDxiA,
2024-02-01,Other,size-in-bytes,4527,
2024-02-01,Payload delivery,mime-type,application/json,
2024-02-01,Payload delivery,md5,6bc5644f5b5b3b928b2fe7ffeee4807e,Malware payload
2024-02-01,Payload delivery,sha256,886c6096cbe793882dcc17f82c263048cb039972dd745ffa4528ac38cb686b52,Malware payload
2024-02-01,Payload delivery,tlsh,t194a1a8ab11641cbdc71497c295d93a9397ed0113a2a8ac14fced5f0c82ff4b603669,
2024-02-01,Payload delivery,ssdeep,48:Yxg3SPhJSPdqKkY7EbnlUQl2nhpk6nYK+zebDF4w0dM0tX8r82bp9WG9sYUfi1vK:QOtkBAKpg9nEi1v1/YsPnqP,
2024-02-01,Other,size-in-bytes,4971,
2024-02-01,Payload delivery,mime-type,application/json,
2024-02-01,Payload delivery,md5,5adbce993f9cadd76ee65d23165a417e,Malware payload
2024-02-01,Payload delivery,sha256,a2adfb401b32bfa1bed55b09fc8248d7d1cc07fa19da4afdb7aa33ce99aac804,Malware payload
2024-02-01,Payload delivery,tlsh,t13aa173ab35550cac862987da94e13b8b87bd00b39494ec24a49c5f5c96ff8f1437ad,
2024-02-01,Payload delivery,ssdeep,48:Yxg3SPhJSPdqKkY7EbnlUQl2MRifk/n0+aWCDF4w0biYtXnQbZ2Hp9WjyUxG1vCX:QO/kTa1uAbZ49bMG1vCb8vbJAIF+r,
2024-02-01,Other,size-in-bytes,5004,
2024-02-01,Payload delivery,mime-type,application/json,
2024-02-01,Payload delivery,md5,7824047f07b9129f20412107934992cc,Malware payload
2024-02-01,Payload delivery,sha256,3ce68b6af167c2cd50d1b5ea010ba7e306152eedaa1a071fccb8efbe090d2526,Malware payload
2024-02-01,Payload delivery,tlsh,t15d21a9811a02153445adc06d57df100e764284afb6443e10a3ee39b81b87996b3fc3,
2024-02-01,Payload delivery,ssdeep,24:AGWLy5QhyQh9QhNkObvZ89YGVhL3V9/vUyqriry9S:cLlH8vk4M73V9/vUyqrns,
2024-02-01,Other,size-in-bytes,1164,
2024-02-01,Payload delivery,mime-type,text/x-shellscript,
2024-02-01,Payload delivery,md5,d35b26997af9389f9d4c59213cd352c9,Malware payload
2024-02-01,Payload delivery,sha256,8ccb87d7705ad7f82a260c46e6202ade75e658e748e50802019f702f4cf1735c,Malware payload
2024-02-01,Payload delivery,tlsh,t1d7b533eaa6771678ea574bf7a20bc70f2893dcd78a50895598a3f8d577fd2300126f,
2024-02-01,Payload delivery,imphash,baa93d47220682c04d92f7797d9224ce,
2024-02-01,Payload delivery,ssdeep,24576:yZ7dTJ7KkUqwia98Jc00fYgchV8u6r+aSqdmEYg85NtQKSyf64fu3Dg0XgQAIEfz:4LN+g3zg9Z9GN2ki4LN/kmwr7kiZEyH,
2024-02-01,Other,size-in-bytes,2336256,
2024-02-01,Payload delivery,mime-type,application/x-dosexec,
2024-02-01,Payload delivery,md5,cb84540a439d2606fedfd002753e103b,Malware payload
2024-02-01,Payload delivery,sha256,7f5f013fa8f82828f0f54bb42e69d7595a9c250ee49e350edfd5f16a089f36f7,Malware payload
2024-02-01,Payload delivery,tlsh,t12eb533dd8f757c18e88b9bb5b16baf070447ed83083016d84252faae9bbc57142f8d,
2024-02-01,Payload delivery,imphash,baa93d47220682c04d92f7797d9224ce,
2024-02-01,Payload delivery,ssdeep,49152:pDpJ1lYCncrlBMZuh7slwoiz4b9odSh3wHMKBNNyz:7HSecBM+4lwoi4ZodYwlBNs,
2024-02-01,Other,size-in-bytes,2328576,
2024-02-01,Payload delivery,mime-type,application/x-dosexec,
2024-02-01,Payload delivery,md5,8172302fc527a8877eb4e6629c91c8e6,Malware payload
2024-02-01,Payload delivery,sha256,3b345c21ca567414eb816f25d74c3442e5b70c4f36633234c93d2a681efd0735,Malware payload
2024-02-01,Payload delivery,tlsh,t14341dd7ccf29f8e0033db1a088492e2620949e57d6f58e24d9574ee62d7c30acf2b1,
2024-02-01,Payload delivery,ssdeep,48:LGfEFWuJqs9HZNjd+SfprcKyK0hE6S1FtfsC5P3RX5ZWiaoIhSNtM:LGfEFW87jd+Sfpbaq6S1FtfsC5P39EfJ,
2024-02-01,Other,size-in-bytes,2219,
2024-02-01,Payload delivery,mime-type,text/plain,
2024-02-01,Payload delivery,md5,ddc42cdbde30ce8494670780fe8a9e1e,Malware payload
2024-02-01,Payload delivery,sha256,ed161d1eba347b684cd68cc2b366e2ef5355379c853f9499157697c5c559d80b,Malware payload
2024-02-01,Payload delivery,tlsh,t1c4918526251c0cbdc7394a92a45c7ad76bad027790c4fd2888bd8f0cb5ff2b141769,
2024-02-01,Payload delivery,ssdeep,96:jjUekxq8pVFawTH9o2nTv71vzhHtsIZhs9uR+:jjUvguFaA9o2nbdhNsIrs9uR+,
2024-02-01,Other,size-in-bytes,4215,
2024-02-01,Payload delivery,mime-type,application/json,
2024-02-01,Payload delivery,md5,a5676243cbe4b4cc52fe52f2882c65af,Malware payload (RiseProStealer)
2024-02-01,Payload delivery,sha256,dcf2dd990dd63af24afb27c6a2927e13e0f7e21c63f12c5c0293ea8cf0f4e639,Malware payload (RiseProStealer)
2024-02-01,Payload delivery,tlsh,t1154523f68017d151d670d6b05399160d6bf4b8b102c4bd3ae4af58fb4ae8acf2763e,
2024-02-01,Payload delivery,imphash,5ab723dc8d5af21b79dc301ed6a56a64,
2024-02-01,Payload delivery,ssdeep,24576:qmOzH4GeKjRfeDfaqs9JwQ5iyIakELcrRZbmNrUvW/J0xp:qPbZjIzaqklgL8crRZSgac,
2024-02-01,Other,size-in-bytes,1195520,
2024-02-01,Payload delivery,mime-type,application/x-dosexec,
2024-02-01,Payload delivery,md5,94351761d3c5776a0da22d183f85134d,Malware payload (Mirai)
2024-02-01,Payload delivery,sha256,a7f4d88449e1a5e9f8285079874317c314cd4744d7b528d96ec3486407a1c081,Malware payload (Mirai)
2024-02-01,Payload delivery,tlsh,t1a2b35a77cc2a6f68c255d1b0b0b09f792f63a58182871fba54b6c2b54083dcdf605b,
2024-02-01,Payload delivery,ssdeep,1536:Va97/6/q0AmjCqAL9KklcCRrKIKh/L3W4PaKbzglWEsWItiw8Q/z5:Vy6H2qAZn+MOIqZPaK0Wj/tcQb5,
2024-02-01,Other,size-in-bytes,116544,
2024-02-01,Payload delivery,mime-type,application/x-executable,
2024-02-01,Payload delivery,md5,cba29fb4fab19f115d2a0f0a9d732bac,Malware payload (Mirai)
2024-02-01,Payload delivery,sha256,113a178225a7ccd4aa87f56d25be5499484d06e1fadf1208553e74dcd9a592fb,Malware payload (Mirai)
2024-02-01,Payload delivery,tlsh,t16a04d81aab550fbbccafdd3706e90b1139cc954b22a83b363674d528f54e50b49e3c,
2024-02-01,Payload delivery,ssdeep,3072:ueEksFM+wX5O6aVR8H3NaMZOTTMJxt9U+7fKbDE:ueEnO+wXaVWdaMATwJHy+uf,
2024-02-01,Other,size-in-bytes,177860,
2024-02-01,Payload delivery,mime-type,application/x-executable,
2024-02-01,Payload delivery,md5,740ae68b1922e66c625fa50c8217d004,Malware payload (Mirai)
2024-02-01,Payload delivery,sha256,792e6e9675f41b2c62aeff870b7b0325d5bc169ae529a3c254d455c67383069d,Malware payload (Mirai)
2024-02-01,Payload delivery,tlsh,t10ed32a06b30c0a47d2632eb03a3f67d093efdac121e4f641356faa899172e365585e,
2024-02-01,Payload delivery,ssdeep,1536:cP0nwryWvyn/qZIi7Sv98z+xpnvTnNIgsVMQgt7PMfgvAtI20jDWB/qHY0kBB/zQ:ccWvyQ768z+x57nFog5PM9txBBbiP,
2024-02-01,Other,size-in-bytes,132344,
2024-02-01,Payload delivery,mime-type,application/x-executable,
2024-02-01,Payload delivery,md5,82c4a4fa2fa1b68541f794a372146c47,Malware payload (Mirai)
2024-02-01,Payload delivery,sha256,e28cd2215b4d52ffd28452629a5cd139e838e7a57b13641e298ae7130e816d3c,Malware payload (Mirai)
2024-02-01,Payload delivery,tlsh,t18b936cc5f683d4f5e89304b1213aeb339b33f0b52019ea43d7799932eca1511ea16b,
2024-02-01,Payload delivery,ssdeep,1536:xpmWc2AcighsZ82fJxfclHL1mSsM8emsJgBQ9TnkISGtAdd0xZ:xpmX2riED2frfWHZmLFsCQ9kVTd0x,
2024-02-01,Other,size-in-bytes,89576,
2024-02-01,Payload delivery,mime-type,application/x-executable,
2024-02-01,Payload delivery,md5,180b4a5dbf3163b440e16c038c2a4483,Malware payload (Mirai)
2024-02-01,Payload delivery,sha256,36f1cb12fdbe4414c5ac775244366e70a80883dfd4f00f4006666124f087a3c0,Malware payload (Mirai)
2024-02-01,Payload delivery,tlsh,t145e32ad7f800ddfaf80ae3374853080ab530b7e155925b372257797bed3a1991863e,
2024-02-01,Payload delivery,ssdeep,3072:rRsZd7hrvKv9jABdDAim8l0ZVrjbifLbR0IOyoUtv2:1saMBRAwl0kLbRmyoCv2,
2024-02-01,Other,size-in-bytes,150464,
2024-02-01,Payload delivery,mime-type,application/x-executable,
2024-02-01,Payload delivery,md5,df8d1bfbb125da69de6409050cca2920,Malware payload (Mirai)
2024-02-01,Payload delivery,sha256,7970b129d2cbfa892119a4d4184e981717b2feea23a6c49aee5a73ae75dbcedf,Malware payload (Mirai)
2024-02-01,Payload delivery,tlsh,t1f2e30a56f8819b12d5c111bafe1e128e37131b7ce2de72029d246f747b8a97b0e3b9,
2024-02-01,Payload delivery,ssdeep,3072:pUkePv7UPX1JJXJUsbY6aMBcETbOCm3D0VRpf:pUH74jJXusbHarf/3D0VRt,
2024-02-01,Other,size-in-bytes,143292,
2024-02-01,Payload delivery,mime-type,application/x-executable,
2024-02-01,Payload delivery,md5,caf520f41e423867f739c2fa20fdf79f,Malware payload (Mirai)
2024-02-01,Payload delivery,sha256,cf4b55e63fc331a04cee79af9ea2b27d08c9491a7137e7450a7324e3d14eba60,Malware payload (Mirai)
2024-02-01,Payload delivery,tlsh,t1a8c30945fc415b17c6c212b7fb5e428d3b2a17a8d3ee72039d256f60378b95b0e36a,
2024-02-01,Payload delivery,ssdeep,1536:JSDwI4fG50nVg/QHEa9+19jAd424V8G2TTZBRpqLbad1bud5LylcSwyw6FPRbVGH:UDwLYhQHB019jc4r2/ZBRpqwbunMzbk,
2024-02-01,Other,size-in-bytes,129792,
2024-02-01,Payload delivery,mime-type,application/x-executable,
2024-02-01,Payload delivery,md5,d73c29161d38fdfaeea64e4ac07f8372,Malware payload (Mirai)
2024-02-01,Payload delivery,sha256,0d994c3b3eac3a001f67a981513d388de0c48dc26bd370bebde87a482c08dde0,Malware payload (Mirai)
2024-02-01,Payload delivery,tlsh,t117d30945fc405b23c6d612b7fb5e428d3b2a17e8d3ee72039d256f60378a95b0e366,
2024-02-01,Payload delivery,ssdeep,1536:VHQeHIjFlGz/r5OQpv/lFcAPWZf4VTyqsTgD5kcv+/u2/gkd2lp4Zwyw2FR4ooF3:VHQeFOQt9FcT4YZMD5kcGok1F+ibE,
2024-02-01,Other,size-in-bytes,133888,
2024-02-01,Payload delivery,mime-type,application/x-executable,
2024-02-01,Payload delivery,md5,aabd4f2ab067dfd9701764b68b5d6bc3,Malware payload (Mirai)
2024-02-01,Payload delivery,sha256,178e9a0ace6b7b7d7cdaf493e7cb53736b443ea9daffd6ebdd2c41a5bcf94918,Malware payload (Mirai)
2024-02-01,Payload delivery,tlsh,t1b8042a46ea404b13c0d627b5f6df42453333ab9497eb73069628aff43f8679a4f229,
2024-02-01,Payload delivery,ssdeep,3072:O8/WshNjljbAmfkwajoVSyckt3LHS0BpOC/hJjogM/REdjbZt:O8/7ljlcwajoVS7ktJB0C/XMgM/REdj3,
2024-02-01,Other,size-in-bytes,179813,
2024-02-01,Payload delivery,mime-type,application/x-executable,
2024-02-01,Payload delivery,md5,8dee7461308f20ebea7d2bf01c64f4c7,Malware payload (Mirai)
2024-02-01,Payload delivery,sha256,4fdc33c665fe966736ccf5a78b777d8ade7c7a0e5eb201191ab78ffb821128f3,Malware payload (Mirai)
2024-02-01,Payload delivery,tlsh,t15404885e6e228f7df668873447b78e25976823da27e1d644e1acc1101f2039e641ff,
2024-02-01,Payload delivery,ssdeep,1536:Cl2JvnXPvLMQuchMJdDNsCK9H1R8cA2iQembSM+xV7TfF+hPyO0Hb/zrt/Y:Cgv/CcwZsCK9VRhAX+bShFSP0HbbrlY,
2024-02-01,Other,size-in-bytes,173796,
2024-02-01,Payload delivery,mime-type,application/x-executable,
2024-02-01,Payload delivery,md5,4931b671384a15e951df4695f7b8443d,Malware payload (Mirai)
2024-02-01,Payload delivery,sha256,b31dc6a2acfa09f1fd607fe5847c894936062e5739f4fcc3c4de4d2e6a952262,Malware payload (Mirai)
2024-02-01,Payload delivery,tlsh,t1a8d33a17b5c180fdc4dac5b44f9ef536dd32b1ac1238b16b2bd4aa222e4ae315f1da,
2024-02-01,Payload delivery,ssdeep,3072:tGtwnNiaOnUT+F6PT9OSQ7AOaogjV2iZlBWCgHiABQPdL:tGtwnNiaOnUTkuLylBQPd,
2024-02-01,Other,size-in-bytes,139576,
2024-02-01,Payload delivery,mime-type,application/x-executable,
2024-02-01,Payload delivery,md5,b0f66dd2a833b982932262e9dd070e83,Malware payload
2024-02-01,Payload delivery,sha256,e598c492380ce1b94beeeef5a5dbb07c04f9c70c9630de85dea6da12bc64ef34,Malware payload
2024-02-01,Payload delivery,tlsh,t13b91759a26095dbdca4496e3d4903ad7c76e0093b198dd2cd4fd9f08e1ef1f04276e,
2024-02-01,Payload delivery,ssdeep,48:YxY6wmdlpkofn16Ru+FzvDFU0NhtXN3rm/2xp9WhHp6Y2UHs1vhmObvK3moRteUO:mpkocRtp9hEA9Sr2Ss1vhPMeHLEZux,
2024-02-01,Other,size-in-bytes,4274,
2024-02-01,Payload delivery,mime-type,application/json,
2024-02-01,Payload delivery,md5,bca613600e2635335eff1d70c5f42ec6,Malware payload
2024-02-01,Payload delivery,sha256,1aa6d2d1679c37b0f3da6b402302fa9f7a0d5fda9ab7281bdcb557988af07ebc,Malware payload
2024-02-01,Payload delivery,tlsh,t1ea91627562180c7d863482c6b4597ad767be0267a0d4ec28a8fd4f0ca6ff1f206b69,
2024-02-01,Payload delivery,ssdeep,48:YxCPt2fbZkvnY+Cs+DF4w0nltXPSjeUT2Gp9WnTUd81vdE7b/KcRezbC3wxioor3:QbZknCs+w/05TH9I681vdEHAbpZceNO,
2024-02-01,Other,size-in-bytes,4238,
2024-02-01,Payload delivery,mime-type,application/json,
2024-02-01,Payload delivery,md5,b83189a2d3f703e005fdda88db8beb5c,Malware payload
2024-02-01,Payload delivery,sha256,42339dd903fdabac20c40037bbb8d14fa8c920575c8da6cc6962fc6e22d12f06,Malware payload
2024-02-01,Payload delivery,tlsh,t13ba184eb61251cbccb2887c255d93b9797fc011352a4ec24f89cab0c92fe87153669,
2024-02-01,Payload delivery,ssdeep,48:Yxg3SPhJSPdqKkY7EbnlUQl2Zhpk6nYK+z1DF4w0dM0tXnGbZ2up9WSgyUfi1vUZ:QO/kBhKWbZz9BEi1vUb8pbbYdRjbP,
2024-02-01,Other,size-in-bytes,5023,
2024-02-01,Payload delivery,mime-type,application/json,
2024-02-01,Payload delivery,md5,4170730e8f72415f559ee10baaf40116,Malware payload
2024-02-01,Payload delivery,sha256,19aba0d01f37d911e7035a45f191dc8f8302b85d525700ea15b95108ae239f89,Malware payload
2024-02-01,Payload delivery,tlsh,t14191a7b715284cbc8a2487d7a6943bd7467f4167e084ad28b9bc8f0ce0fe1f50136a,
2024-02-01,Payload delivery,ssdeep,96:YAvwlIwkvQISnya0o9HT2FJ1vltPBixTJ3nE:YAvlBXo9z2FBixTJXE,
2024-02-01,Other,size-in-bytes,4329,
2024-02-01,Payload delivery,mime-type,application/json,
2024-02-01,Payload delivery,md5,6bcb31b045062cbbf615838648bd9038,Malware payload
2024-02-01,Payload delivery,sha256,d17ce35bbbc9a968b40b0cdd412e34125ddc9632508466396b7b1c484d29743d,Malware payload
2024-02-01,Payload delivery,tlsh,t149a1a5ab15695c7ccb14c7c685c93a9797ed015363a8ec18fded5f0c82fe4b102659,
2024-02-01,Payload delivery,ssdeep,48:Yxg3SPhJSPdqKkY7EbnlUQl21hpk6nYK+z1DF4w0dM0tXnT2up9WSFo8ZUfi1vAw:QOPkB5KDz9vLEi1vYYYTcBP,
2024-02-01,Other,size-in-bytes,4884,
2024-02-01,Payload delivery,mime-type,application/json,
2024-02-01,Payload delivery,md5,1c59be2451a374712d87c8a5631451a9,Malware payload (BumbleBee)
2024-02-01,Payload delivery,sha256,d59af3e8409af6257d0f3378e35950323850a189059859426fde96785ff19472,Malware payload (BumbleBee)
2024-02-01,Payload delivery,tlsh,t1ee45f011e5921ff5d47291b681ab2a3bbb307e180324d3b7abc0d2777d827e45b1a7,
2024-02-01,Payload delivery,imphash,47e01530ad43ec939d1c47709a80a5c6,
2024-02-01,Payload delivery,ssdeep,24576:p0owXSk0IkO0KJY6ZoEYncw87DnoYjnfpxA7eEKjAcBpG:KvJTrnJLhSTK0cq,
2024-02-01,Other,size-in-bytes,1222150,
2024-02-01,Payload delivery,mime-type,application/x-dosexec,
2024-02-01,Payload delivery,md5,8633dc60e2112c378b03a9a52ec46570,Malware payload
2024-02-01,Payload delivery,sha256,c4d3124b09dd340b170023d1307f06b0d4d62b8ffdb49c47b6273acd8805c75f,Malware payload
2024-02-01,Payload delivery,tlsh,t104a176a712585cbccb14d7c745da3aa797ed0053a2a4ac18eded5f0c91ff8b20266d,
2024-02-01,Payload delivery,ssdeep,48:Yxg3SPhJSPdqKkY7EbnlUQl2Zhpk6nYK+zobgDF4w0dM0tXcg/i2up9WXibUfi1F:QOPkBtKCz93Ei1vnfYEn79P,
2024-02-01,Other,size-in-bytes,4788,
2024-02-01,Payload delivery,mime-type,application/json,
2024-02-01,Payload delivery,md5,ea0958f02992747da49cebc2a9ef733b,Malware payload
2024-02-01,Payload delivery,sha256,da2cec516c5a5cebc596246b7de9c9b6e3a5dd1f2983019e8262169e1c6de06e,Malware payload
2024-02-01,Payload delivery,tlsh,t1caa195ab32550cbd86248beb94e53e8b87ad0163a194ed14f4ed4f4c85ff8f1037a9,
2024-02-01,Payload delivery,ssdeep,48:Yxg3SPhJSPdqKkY7EbnlUQl2blRifk/n0+aW/bDF4w0biYtX8rG2xp9WoKsYUxGV:QOwkTakuNe9yMG1vbDA6D+O,
2024-02-01,Other,size-in-bytes,4953,
2024-02-01,Payload delivery,mime-type,application/json,
2024-02-01,Payload delivery,md5,67c526fed17b995a9d30400b1c9b7b4b,Malware payload
2024-02-01,Payload delivery,sha256,619a7e9e161484f8cbbd7b1c00c82d2d2c545de1fc2e55714ff79c1a5d5db29c,Malware payload
2024-02-01,Payload delivery,tlsh,t1eb91546926085dbdcb9496d3d9843ad7976e0053e1a4de28e4fd8f08e2ff1f10276a,
2024-02-01,Payload delivery,ssdeep,48:YxY6wHkdlpkofn16Ru+FvDF4w0NhtXpk2Kp9Wo6sUHs1vFbvKzRteU3wxioorbsc:3cpkocRtxYyH97Ss1vdTHWA2Frx,
2024-02-01,Other,size-in-bytes,4403,
2024-02-01,Payload delivery,mime-type,application/json,
2024-02-01,Payload delivery,md5,9f9d6e2369ed80b5cf5022b3109d4e59,Malware payload
2024-02-01,Payload delivery,sha256,8dd6f0f39a7c38180fe5aad97458481a41386753b083af04dd6dc2b4600097e4,Malware payload
2024-02-01,Payload delivery,tlsh,t1d0532b0a7b879321ca6449b980f7952407f397c7b973da8d398813c64f23bd1ca427,
2024-02-01,Payload delivery,imphash,f34d5f2d4577ed6d9ceec516c1f5a744,
2024-02-01,Payload delivery,ssdeep,768:IQnIs8/1M5CFGWv7EnVuFVjkD18OgIYK14Wm0L3i+o7Bo0cuM408hdV4X2VPlJ20:lhKy5CFPWTDHYzW3yLdo0cu0Iwy,
2024-02-01,Other,size-in-bytes,64000,
2024-02-01,Payload delivery,mime-type,application/x-dosexec,
2024-02-01,Payload delivery,md5,2e8290c901ccecda75090193d9b420cc,Malware payload
2024-02-01,Payload delivery,sha256,8b3da4b0f8d6d0c677dd67801e2efe9e5ee0d696eb267adde3c03232d579ccf9,Malware payload
2024-02-01,Payload delivery,tlsh,t11e91a4b716284cac8a1487d7d6903b8756bf4167f0849e68f9f98f0cd0fe1f51136a,
2024-02-01,Payload delivery,ssdeep,48:Yx5AvwlYYwOKbsJkmnh+0DFU0omOtXxR23p9WtY2UKJ1vybaKqRrC3wxioiYbKHE:YAvwltkv0S7U9/2FJ1vu8iYQE,
2024-02-01,Other,size-in-bytes,4333,
2024-02-01,Payload delivery,mime-type,application/json,
2024-02-01,Payload delivery,md5,5476490c7ab8c11deadd2668f50ecd55,Malware payload
2024-02-01,Payload delivery,sha256,37ab1e61af2dc607ad3c266e4d9f0e934f065e7e814aa67bdca52e984dfb7f39,Malware payload
2024-02-01,Payload delivery,tlsh,t17091332625386d7cc75889ca94fc3d8e567d105bf1609c14a5de8e0ae2ff1f283a65,
2024-02-01,Payload delivery,ssdeep,96:eyarkYOhDH5R0DWfrfT594ds1Y7g1vUreHTMsgiFE9BRxJeR:eyaQThr5RIWfrt94ds1Y7FrezMsgiFEo,
2024-02-01,Other,size-in-bytes,4614,
2024-02-01,Payload delivery,mime-type,application/json,
2024-02-01,Payload delivery,md5,feb9ecd80830e3f918ce7b0ab9e3273a,Malware payload
2024-02-01,Payload delivery,sha256,bab5628b10bf98d3bdd90b5f42a8b93cae1692445682a9db3e911e56953a5787,Malware payload
2024-02-01,Payload delivery,tlsh,t123a1a69b31654cbcc624c7db94e13e4757ac0077a594ec18a8ac5f5891fe8f1437ea,
2024-02-01,Payload delivery,ssdeep,48:Yxg3SPhJSPdqKkY7EbnlUQl2RRifk/n0+aWblFDF4w0biYtXqlNBT2Hp9Wt0mUxf:QOskTaGuIT49YMG1veKAZKE1f,
2024-02-01,Other,size-in-bytes,4832,
2024-02-01,Payload delivery,mime-type,application/json,
2024-02-01,Payload delivery,md5,920bc764da6f371dd89e1a362caffb54,Malware payload
2024-02-01,Payload delivery,sha256,8246cca7eb1f3136084e2cdac6f774e3d5716726a2c32bbdc123327b2c924125,Malware payload
2024-02-01,Payload delivery,tlsh,t10191659a27095dbcc654a6d3e5843ad7876e0493b094ed2ce9fc9f08e1ef1f002769,
2024-02-01,Payload delivery,ssdeep,48:YxY6wQdlpkofn16Ru+FkDFU0NhtXeV2Qp9We6T2UHs1vibvKqRteU3wxioLwlUcm:IpkocRtG9U/9K2Ss1veiHL//x,
2024-02-01,Other,size-in-bytes,4274,
2024-02-01,Payload delivery,mime-type,application/json,
2024-02-01,Payload delivery,md5,f8f2e62992b1999b28b30761937969ae,Malware payload
2024-02-01,Payload delivery,sha256,823f196f603970cad8b22eb92c4ce387d383697260a7da865a3e3ca96cfcf1db,Malware payload
2024-02-01,Payload delivery,tlsh,t136a1845732554cbc8b2487ea94e63aaf47ad0073a494ac24a9ed5f4c91ff8f10276d,
2024-02-01,Payload delivery,ssdeep,48:Yxg3SPhJSPdqKkY7EbnlUQl2cRifk/n0+aWHbgDF4w0biYtXcgFi2Hp9WoibUxGF:QOLkTaRug49KMG1v5vAIL,
2024-02-01,Other,size-in-bytes,4770,
2024-02-01,Payload delivery,mime-type,application/json,
2024-02-01,Payload delivery,md5,638cae24ebbe9e57a8bd68e6eda074ef,Malware payload
2024-02-01,Payload delivery,sha256,81842f98484caa917c87de999a479d819614092b98138c75ce6996d4faba2385,Malware payload
2024-02-01,Payload delivery,tlsh,t139a1855b31551cbc861887eb98e13e8b87bd00b3a194ac18b8ed5f5896fe8f103769,
2024-02-01,Payload delivery,ssdeep,48:Yxg3SPhJSPdqKkY7EbnlUQl2fRifk/n0+aWKSPmDF4w0biYtXDSPGq2Hp9WcseNc:QOakTaUeuef49VEMG1vHRA7+t,
2024-02-01,Other,size-in-bytes,4932,
2024-02-01,Payload delivery,mime-type,application/json,
2024-02-01,Payload delivery,md5,d8b02052871b44c1880ba3495dad1c0d,Malware payload
2024-02-01,Payload delivery,sha256,73efa3a632f3859d782c76dc28cf679ad8f00f3b53d682da39f343c59ac8f4ab,Malware payload
2024-02-01,Payload delivery,tlsh,t14ea533ef77b18e98e823b3760971845bd18b0c67442b7694209bfca8af7e6354101f,
2024-02-01,Payload delivery,imphash,baa93d47220682c04d92f7797d9224ce,
2024-02-01,Payload delivery,ssdeep,49152:B3SzDQ5Ej7XWUKMNwKo1XaNBrz6BGuTkPCcmEPOUuubQu/0:B34DiEj7XTNMKOBGo0UE2Uuur,
2024-02-01,Other,size-in-bytes,2261504,
2024-02-01,Payload delivery,mime-type,application/x-dosexec,
2024-02-01,Payload delivery,md5,a487934315699b7f9ab9b3020e470ae0,Malware payload (CoinMiner)
2024-02-01,Payload delivery,sha256,b72191fe16310cc4dbfaae65b20e97d80de303cc9ac6fe58e06bf7822701b218,Malware payload (CoinMiner)
2024-02-01,Payload delivery,tlsh,t151d396db0724c22d2b00c641abc8d4983516d996c4f6d718a5ef541bfeb90ee4aec2,
2024-02-01,Payload delivery,ssdeep,3072:/jL+dKMubHspZQ513Rqyy7XZXg+mY04yX:/HkKtbcZyy7XxgX,
2024-02-01,Other,size-in-bytes,130824,
2024-02-01,Payload delivery,mime-type,text/plain,
2024-02-01,Payload delivery,md5,258f8ec3a05bb6b8ca29646b14a5d7ab,Malware payload (Amadey)
2024-02-01,Payload delivery,sha256,ecc6a9bb079e093464427ff88dd8eaedc6940cd99f0551dc9c246b75711dc6bb,Malware payload (Amadey)
2024-02-01,Payload delivery,tlsh,t1f90523bdd00ba2b4c130a67069a1190e67edbd3ab2c4583066df99e63e341ce5b176,
2024-02-01,Payload delivery,imphash,7515ecf8c0dfa4d230ad835fe0acb57f,
2024-02-01,Payload delivery,ssdeep,24576:qqwSpt4Z3knDwQHyEvO59idUnQ3v0lYwo:qgY3knDlQqUQcF,
2024-02-01,Other,size-in-bytes,809984,
2024-02-01,Payload delivery,mime-type,application/x-dosexec,
2024-02-01,Payload delivery,md5,5eb958dbb820a616eced428a298e6762,Malware payload
2024-02-01,Payload delivery,sha256,a75edbb5b07b94d15f61635056f48730878af9de1a5d8010c0107cc91b855b0f,Malware payload
2024-02-01,Payload delivery,tlsh,t159a1999f11691cbc861487d699d93e8797ed00536298ac18fded6f0c93ff4b203655,
2024-02-01,Payload delivery,ssdeep,48:Yxg3SPhJSPdqKkY7EbnlUQl2thpk6nYK+z9SPmDF4w0dM0tXDSPGo2up9WvseNEE:QOjkBIeKezz9EEEi1vZhYbmUHFTdP,
2024-02-01,Other,size-in-bytes,4940,
2024-02-01,Payload delivery,mime-type,application/json,
2024-02-01,Payload delivery,md5,b05d9fb4c1d36f158e31e19b2b70a48a,Malware payload
2024-02-01,Payload delivery,sha256,12b80d002d7cd1a43005ce0a3cd8a241dbd9091162270cba9e9d999397ce5305,Malware payload
2024-02-01,Payload delivery,tlsh,t13ca197eb25795cbcc724c7c655d63e8757ed005363a4ad14ecac5f0c81fe4b1426aa,
2024-02-01,Payload delivery,ssdeep,48:Yxg3SPhJSPdqKkY7EbnlUQl2Ahpk6nYK+zMlFDF4w0dM0tXqlNjT2up9WMTv0mUW:QOOkB6KoTz9DEi1vgQY6rP,
2024-02-01,Other,size-in-bytes,4850,
2024-02-01,Payload delivery,mime-type,application/json,
2024-02-01,Payload delivery,md5,4dab803dd6bf78390418adc70ee7af31,Malware payload (AveMariaRAT)
2024-02-01,Payload delivery,sha256,dd1fa6cb67aa97468e62afeec6bfa9c1cb52f5acf029ab77a0fdd2e34cd50a21,Malware payload (AveMariaRAT)
2024-02-01,Payload delivery,tlsh,t100d401046a98c22ae0f943bd5861d1b003b4bf125916e32badc97edf3e777d04a42b,
2024-02-01,Payload delivery,imphash,f34d5f2d4577ed6d9ceec516c1f5a744,
2024-02-01,Payload delivery,ssdeep,12288:qK9K78j8qshDy6MmYL811ekusuEO76lfTDSBXF62Ux69tl0a:qK9K78bshQmYL811nwel3OXF62S0t,
2024-02-01,Other,size-in-bytes,624128,
2024-02-01,Payload delivery,mime-type,application/x-dosexec,
2024-02-01,Payload delivery,md5,781844622908e524c879b5f926df80ec,Malware payload
2024-02-01,Payload delivery,sha256,b6e48b5a6d272c36a4b15bc979987d6dcf406a50249dbce8b5b347574b3e63d6,Malware payload
2024-02-01,Payload delivery,tlsh,t1346128db1363e91e09cfc49075d286193614bec3b0863788dc9812766b97a9eb4d4f,
2024-02-01,Payload delivery,ssdeep,96:GSz1AoT06iCJqB18Dx8LRz44G9XCDSqymidPU:GSz1AoA6iCJqB18qLRz44GdCDSnmidPU,
2024-02-01,Other,size-in-bytes,3440,
2024-02-01,Payload delivery,mime-type,text/plain,
2024-02-01,Payload delivery,md5,1fbce5274663c21ef19cbdfb9ea419fe,Malware payload
2024-02-01,Payload delivery,sha256,41c6ce14977bfc2bf1ae07409f33c7e7c44c92b85b7937ef0f0f9b9fefc0e854,Malware payload
2024-02-01,Payload delivery,tlsh,t10991402619386c7cc658c5ca98fc3d4f567e005bf1649c14a6dd8e0ae2ff1f283a66,
2024-02-01,Payload delivery,ssdeep,96:eyiYrkYOhDH5R0DWfrfT594ds1Y7g1vUreHTMsgiFENxETJeR:eyNQThr5RIWfrt94ds1Y7FrezMsgiFE/,
2024-02-01,Other,size-in-bytes,4614,
2024-02-01,Payload delivery,mime-type,application/json,
2024-02-01,Payload delivery,md5,ec8a7142c56e3410a86f83323cd237a8,Malware payload
2024-02-01,Payload delivery,sha256,826ee970e0576e2897b0d5ba32bba1a7e878b7bb3e88b119e35198851b6cbdfe,Malware payload
2024-02-01,Payload delivery,tlsh,t161a1a8ab31664c7cca1487ea98e53e8b57ad00b391d4dc14b9ad5f4c81fe4f103769,
2024-02-01,Payload delivery,ssdeep,48:Yxg3SPhJSPdqKkY7EbnlUQl2IRifk/n0+aW0DF4w0biYtXnR2Hp9WO8ZUxG1v+bv:QOPkTa1uh49AMG1vSmAPP,
2024-02-01,Other,size-in-bytes,4866,
2024-02-01,Payload delivery,mime-type,application/json,
2024-02-01,Payload delivery,md5,7531312605b1f95456024e9d3610deb8,Malware payload
2024-02-01,Payload delivery,sha256,6c4c0e9d5bb483ecaa263cc6267ef8c882ba6ced2d91cdeb2d33fa9889dabb15,Malware payload
2024-02-01,Payload delivery,tlsh,t15991632662180cbe8a28869be0443bf35bee05a39184ac28d4be5f5ca1ff5f111769,
2024-02-01,Payload delivery,ssdeep,96:zOzOw+km7O8ZlOFKiwTH9DnT71vfihHxisoZ5Jrov0G4+:YPHKT9TTx+RJoDJrJG3,
2024-02-01,Other,size-in-bytes,4262,
2024-02-01,Payload delivery,mime-type,application/json,
2024-02-01,Payload delivery,md5,2abb4bea366dc3afc6f5dc66ef1ae886,Malware payload (NanoCore)
2024-02-01,Payload delivery,sha256,705bc7195bef7a1304004fcd66143fb2943dbc338b21638f4f33f828c31b1e2c,Malware payload (NanoCore)
2024-02-01,Payload delivery,tlsh,t11ec4d01513e91369eab24b30fcba85d95b36fe162e18c39f1562370e0933b4652637,
2024-02-01,Payload delivery,imphash,f34d5f2d4577ed6d9ceec516c1f5a744,
2024-02-01,Payload delivery,ssdeep,12288:2iqAzAbIYxxKQZaJ3xVwlC60VUqa/hQ4sMuah:2iqAzAblxZaJxNh+rFks,
2024-02-01,Other,size-in-bytes,561152,
2024-02-01,Payload delivery,mime-type,application/x-dosexec,
2024-02-01,Payload delivery,md5,4f3b74118c126a4b91f3e475eaba8e65,Malware payload
2024-02-01,Payload delivery,sha256,8495f3c1bcd00de1905fdc2640b5c188a2a8e5ced7b20c877c730f39f9789b08,Malware payload
2024-02-01,Payload delivery,tlsh,t1d7a1979b25795cbccb24c7d655c93e8397ed005363a8ad14ecec5f0c91fe8b14269a,
2024-02-01,Payload delivery,ssdeep,48:Yxg3SPhJSPdqKkY7EbnlUQl2mhhpk6nYK+zMlFDF4w0dM0tXqlNjT2up9WMTv0m0:QOWkB6KoTz9DEi1vgQYocP,
2024-02-01,Other,size-in-bytes,4860,
2024-02-01,Payload delivery,mime-type,application/json,
2024-02-01,Payload delivery,md5,6ad9ab9dca9e81fb49084fc58e285ae5,Malware payload
2024-02-01,Payload delivery,sha256,e1af21974838bb38cea8686a59ab42d54e6ef2eb2ef89cb4609c73616c177af2,Malware payload
2024-02-01,Payload delivery,tlsh,t17091659a27085dbcca5496d3e5903ad7876e0493b198ed2ce8fd9f08f1ef1f002769,
2024-02-01,Payload delivery,ssdeep,48:YxY6wNdlpkofn16Ru+FkDFU0NhtXeV2Qp9We6T2UHs1vibvKqRteU3wxioLxjMEE:NpkocRtG9U/9K2Ss1veiHLxjMP3x,
2024-02-01,Other,size-in-bytes,4274,
2024-02-01,Payload delivery,mime-type,application/json,
2024-02-01,Payload delivery,md5,6c57ab3a7340c21f0a791946fc891ea2,Malware payload
2024-02-01,Payload delivery,sha256,7def0db637cf5c20bd8a5a83397dd109ea040ac2be0c905ffd6d12797aa967dc,Malware payload
2024-02-01,Payload delivery,tlsh,t14f91649a26095dbdc65496e3d8403ad7876e1093b198dd3ce8fd9f08e1ef1f04276e,
2024-02-01,Payload delivery,ssdeep,48:YxY6wldlpkofn16Ru+FzvDFU0NhtXN3rm/2xp9WhHp6Y2UHs1vhmObvK3moRteUQ:FpkocRtp9hEA9Sr2Ss1vhPMeHL+68Cx,
2024-02-01,Other,size-in-bytes,4283,
2024-02-01,Payload delivery,mime-type,application/json,
2024-02-01,Payload delivery,md5,819781d6b01505adb9608e954604ab7b,Malware payload
2024-02-01,Payload delivery,sha256,7c77b3971bd67dff312ddb309dcbd7a4e526a86d80788e8602f09960a23eab7b,Malware payload
2024-02-01,Payload delivery,tlsh,t16b91b5b716284cadca1487d395903b97577f41abe0849e68baf88f0ce0fe2f511376,
2024-02-01,Payload delivery,ssdeep,48:Yx5AvwlYYwUKbsJkmnh+0DFU0omOtXxR23p9WtY2UKJ1vybaKqRrC3wxioimH16E:YAvwlzkv0S7U9/2FJ1vu8iK16E,
2024-02-01,Other,size-in-bytes,4333,
2024-02-01,Payload delivery,mime-type,application/json,
2024-02-01,Payload delivery,md5,a9043e70386b92b6c09b31934a40c944,Malware payload
2024-02-01,Payload delivery,sha256,299c732cff86a55ed5ea9a040efd014750652e1e14a02e7a7ea6a15127c74045,Malware payload
2024-02-01,Payload delivery,tlsh,t1967633104852bc31e8bbc67a07d4658b84bf5e299a3196c2f7947cc9dfbdf2fa5081,
2024-02-01,Payload delivery,imphash,884310b1928934402ea6fec1dbd3cf5e,
2024-02-01,Payload delivery,ssdeep,196608:/gn4wSPEFgANLvu+pehmAioVPRlu3cd7nAuRaVEiX:/gn4NE6evteVu8nAuRdq,
2024-02-01,Other,size-in-bytes,7644750,
2024-02-01,Payload delivery,mime-type,application/x-dosexec,
2024-02-01,Payload delivery,md5,c50302926b7ea07386e4afb4da2668cd,Malware payload
2024-02-01,Payload delivery,sha256,2371a1ee942f0ca641378d4caf43f78d0b4c9ad857822cab90b72c4e31ae2835,Malware payload
2024-02-01,Payload delivery,tlsh,t18131dbcb33930ab42da1d96732ea588435e4e4cb08c6ef49bcec38f9558ee447454b,
2024-02-01,Payload delivery,ssdeep,12:q0Fp2yDTX0FA1qX0FtfEvPWiKX0FOAWNU0FE7CX0FJGi0FKK0FUHu5X0FJqZkX0y:voyEUrtMvPWHsOzrEHJUyU/JWJm+yTwm,
2024-02-01,Other,size-in-bytes,1631,
2024-02-01,Payload delivery,mime-type,text/x-shellscript,
2024-02-01,Payload delivery,md5,237f2a27439a3017bb9d898b91c14b2d,Malware payload
2024-02-01,Payload delivery,sha256,e3197d31f30aa9b3b2a0944875fb92239dffb8bc3e948c028fdbe657cac0c92a,Malware payload
2024-02-01,Payload delivery,tlsh,t1e94159d710a50bf3ac90dc7373694480b5e89196a8d66f0b6edc3de448bffec6444a,
2024-02-01,Payload delivery,ssdeep,48:v2d8jBttQdMQYtRR17tMT6cCQIjL1h5NQIzxyT:v2d8jBttQdMQYtRR17tMT6cCQIjBh5NC,
2024-02-01,Other,size-in-bytes,2072,
2024-02-01,Payload delivery,mime-type,text/x-shellscript,
2024-02-01,Payload delivery,md5,a9a4ab4cc6eb10801e65ce7587fae4c0,Malware payload
2024-02-01,Payload delivery,sha256,26cefcf7fdcc9d64c02373a3fe4507736a11dfa162264a78785b726820d48bf1,Malware payload
2024-02-01,Payload delivery,tlsh,t1d64196e624d16d383c99c92733f846867580e85617c5ff0988ce38eb8acde3415c97,
2024-02-01,Payload delivery,ssdeep,48:vaC3tRC3MC3yC3+jC3hC31C3AC3qC37C3RC3z7:vaYDYMYyY+YhY1YAYqY7YRYz7,
2024-02-01,Other,size-in-bytes,2226,
2024-02-01,Payload delivery,mime-type,text/x-shellscript,
2024-02-01,Payload delivery,md5,b0db507796fcc93c0dedb0ec6847a157,Malware payload
2024-02-01,Payload delivery,sha256,74bb4849f0c5160b672fef91149b9e031db8407e253bb38d4071574c175b2709,Malware payload
2024-02-01,Payload delivery,tlsh,t1eee0e59c0c3113b717af578fb1a2c6b5b10f0c60bd19880de6ab593a83ddd90b8d21,
2024-02-01,Payload delivery,ssdeep,12:TmH4fZfvf+fLfokfQ4g08C9FkGH9zUbM/kUbMvFTOy:E4fZfvf+fLfokfQ4g08oFX9IbMJbMvFh,
2024-02-01,Other,size-in-bytes,425,
2024-02-01,Payload delivery,mime-type,text/x-shellscript,
2024-02-01,Payload delivery,md5,1af97bb3b7d31c81534bc48a84021f32,Malware payload
2024-02-01,Payload delivery,sha256,7c7edaf79218ec77462a5097f6860347b905b01ea8c1bc807f6731847770d9b2,Malware payload
2024-02-01,Payload delivery,tlsh,t16c842325f0980302cfc75739cc698a3b50714fae4a01acd35754bd9bfaf167a6e385,
2024-02-01,Payload delivery,imphash,ef39d474ee88b9215814d74ee695b02b,
2024-02-01,Payload delivery,ssdeep,6144:4Gyne2Ko9cK2OHnV7D2djek72aTALaFIm85ZDOFBjb/8o05NYXafC2IxFVD:Pm78gnV/2okya+bFOfv8t5NY12GFR,
2024-02-01,Other,size-in-bytes,393216,
2024-02-01,Payload delivery,mime-type,application/x-dosexec,
2024-02-01,Payload delivery,md5,4421dd8406a30272b247400f6c546d09,Malware payload
2024-02-01,Payload delivery,sha256,b0dc6d4c8633928ec913d3188df27c78eeab229f51a9243d4a8437a29861f2e1,Malware payload
2024-02-01,Payload delivery,tlsh,t182a176eb61691cbcca19c7c294d93b8797fc015352a4ec24a8ac5f0c93ff57153669,
2024-02-01,Payload delivery,ssdeep,48:Yxg3SPhJSPdqKkY7EbnlUQl2nhpk6nYK+z1DF4w0dM0tXnGbZ2up9WSgyUfi1vUn:QOhkBhKWbZz9BEi1vUb8pbbYTEaP,
2024-02-01,Other,size-in-bytes,5023,
2024-02-01,Payload delivery,mime-type,application/json,
2024-02-01,Payload delivery,md5,685eb6462d4d468004110cb3b92b7591,Malware payload
2024-02-01,Payload delivery,sha256,a834b2ecb129f190719a6a223187fcb1c4dda4c3c208cae96d8897b8d450cc4f,Malware payload
2024-02-01,Payload delivery,tlsh,t18ba1769f11692cbcc614c7d699d53e9797ed0053a298ac18bced6f0c92ff8b103659,
2024-02-01,Payload delivery,ssdeep,48:Yxg3SPhJSPdqKkY7EbnlUQl2xJhpk6nYK+z9SPmDF4w0dM0tXDSPGo2up9WvseN4:QOJkBIeKezz9EEEi1vZhYWitBF0dP,
2024-02-01,Other,size-in-bytes,4940,
2024-02-01,Payload delivery,mime-type,application/json,
2024-02-01,Payload delivery,md5,e43c1c6f21b713592a24f25bbe6c26f8,Malware payload (BumbleBee)
2024-02-01,Payload delivery,sha256,1dac968e0f7c55bb74e5f2f625730dc43c1b1c8cc397101694f8aa905a68715f,Malware payload (BumbleBee)
2024-02-01,Payload delivery,tlsh,t1ed45e011e2a30ff8e476917681ab262bb7307e5c4315d37babc0d2377d927e05b16a,
2024-02-01,Payload delivery,imphash,47e01530ad43ec939d1c47709a80a5c6,
2024-02-01,Payload delivery,ssdeep,24576:rRVKL5uAztHwZpU3Hr9gHg+Rin685cYjsUwJAHGB0KMyDxUBeu5/V:eYj23H54g+KjsUwJ0jKMyi,
2024-02-01,Other,size-in-bytes,1226248,
2024-02-01,Payload delivery,mime-type,application/x-dosexec,
2024-02-01,Payload delivery,md5,37acfdd6c30551428d1eba0cbb3bb3db,Malware payload
2024-02-01,Payload delivery,sha256,706db231c04b14a04c7cd667284657eb172f82524e6e816e02392743cac32350,Malware payload
2024-02-01,Payload delivery,tlsh,t1e891752661581cbe8628869be4447af35bfe05a391d4ac28c4be9f5ca0ff5f101769,
2024-02-01,Payload delivery,ssdeep,96:zOzOk+km7O8ZlOFKiwTH9DnT71vfihHxisoZ5AiL4+:8PHKT9TTx+RJoDAiL3,
2024-02-01,Other,size-in-bytes,4262,
2024-02-01,Payload delivery,mime-type,application/json,
2024-02-01,Payload delivery,md5,e8dbad1067099f8a2aca42022ff86c75,Malware payload
2024-02-01,Payload delivery,sha256,5e47913bd1161b91920766a7d3e3016921ba42bda7594059375fc016514c1975,Malware payload
2024-02-01,Payload delivery,tlsh,t13341dd7ccf29f8e0033db0a08c492e2620949e57d6f58e24d9574ee62d7c20acf1b1,
2024-02-01,Payload delivery,ssdeep,48:LGfEFWuJqs9HZNjd+SfprcKyK0hE6S1FtfsC5P3RX5ZWiaoIhSNtfy:LGfEFW87jd+Sfpbaq6S1FtfsC5P39Efn,
2024-02-01,Other,size-in-bytes,2219,
2024-02-01,Payload delivery,mime-type,text/plain,
2024-02-01,Payload delivery,md5,e18062a26dc03aabed5e7eb830014706,Malware payload
2024-02-01,Payload delivery,sha256,1334f9b279f420406ec2545cfcf7d3ca9a01fea39e62d2964ec90235632e5a9d,Malware payload
2024-02-01,Payload delivery,tlsh,t17a533a09f2cb9322ca564a7988e3d52503f293572b73da8f39c412d90f267d1ee437,
2024-02-01,Payload delivery,imphash,f34d5f2d4577ed6d9ceec516c1f5a744,
2024-02-01,Payload delivery,ssdeep,1536:G7KfLPjXMTALyY3518f3ezeD8pcoar9E:LLPjXICvE3ezO8pchS,
2024-02-01,Other,size-in-bytes,62976,
2024-02-01,Payload delivery,mime-type,application/x-dosexec,
2024-02-01,Payload delivery,md5,d1f6af4fa5e549658791dd0630e77b64,Malware payload
2024-02-01,Payload delivery,sha256,f3907e38e7da0205917e55a8b7dd323767f003bcddc7faf28dc0495329bbd75a,Malware payload
2024-02-01,Payload delivery,tlsh,t133a1b69b31550cbc862487d795e53e8b87ad0163a094ec28f4ed4f4c85ff8f6037a9,
2024-02-01,Payload delivery,ssdeep,48:Yxg3SPhJSPdqKkY7EbnlUQl2bRifk/n0+aW/bDF4w0biYtX8rG2xp9WoKsYUxG1u:QOKkTakuNe9yMG1vbDAQFWu+VFW8,
2024-02-01,Other,size-in-bytes,4952,
2024-02-01,Payload delivery,mime-type,application/json,
2024-02-01,Payload delivery,md5,a33f255eedaffd4381b90b743858e2b6,Malware payload (Amadey)
2024-02-01,Payload delivery,sha256,70023713735a96a38dbaf8a6b0375792166811009caf762aa6e6674e22d21ed0,Malware payload (Amadey)
2024-02-01,Payload delivery,tlsh,t1260523f561577558c13025b27881426f3becfeaa4b883e2218df26291f624cf0f5be,
2024-02-01,Payload delivery,imphash,7515ecf8c0dfa4d230ad835fe0acb57f,
2024-02-01,Payload delivery,ssdeep,12288:6UM/zBqtLMJApngo7YNQ21F85ZwKd89BcFvMxk8JaZBqMEKb0lvznjWIkbXiLoaC:6vqKgnxwQiyEvOvM+8+IMEpbkzSZC,
2024-02-01,Other,size-in-bytes,809984,
2024-02-01,Payload delivery,mime-type,application/x-dosexec,
2024-02-01,Payload delivery,md5,358f9f829492da72902bb9fca276a333,Malware payload
2024-02-01,Payload delivery,sha256,07a7b6c81a9ba2795581ae7edf77ac2a6c81b68a429745eb64ec50f33e25b057,Malware payload
2024-02-01,Payload delivery,tlsh,t140b533e47bb54760e1cf437b908f46415227acbf21b922ad0c49f8844bfe175a4dae,
2024-02-01,Payload delivery,imphash,baa93d47220682c04d92f7797d9224ce,
2024-02-01,Payload delivery,ssdeep,49152:I1qnXtFpljaCQ4aLHYaqgu3EOzE3Z2e47bYQpdjb0oYScyydo:I18fe4IY1gPd6bFDXKByyd,
2024-02-01,Other,size-in-bytes,2314752,
2024-02-01,Payload delivery,mime-type,application/x-dosexec,
2024-02-01,Payload delivery,md5,463e245bc4ba824df3b73195b8772cdb,Malware payload
2024-02-01,Payload delivery,sha256,109eed72801121c0168284ea85403f4cba53f1e7999dd0ccf66bca4eabc083d9,Malware payload
2024-02-01,Payload delivery,tlsh,t1e7a176ab31551cbcc62987da94e13b8797bc01a39494ec28b49c5f5c92ff8f1437ad,
2024-02-01,Payload delivery,ssdeep,48:Yxg3SPhJSPdqKkY7EbnlUQl2tRifk/n0+aWCDF4w0biYtXnQbZ2Hp9WjyUxG1vC+:QOEkTa1uAbZ49bMG1vCb8vbJAhGt,
2024-02-01,Other,size-in-bytes,5005,
2024-02-01,Payload delivery,mime-type,application/json,
2024-02-01,Payload delivery,md5,231d3b735814eb0e8efca4e0f84f8a46,Malware payload
2024-02-01,Payload delivery,sha256,904490ae61bdc22e3cb426ff0864ad5c13b58bad22779624cdce553d32c2e4ce,Malware payload
2024-02-01,Payload delivery,tlsh,t155b533e3aaf7a058e613a3bdff194f408a839c5f602715aa0276f942477c23254dfd,
2024-02-01,Payload delivery,imphash,baa93d47220682c04d92f7797d9224ce,
2024-02-01,Payload delivery,ssdeep,49152:m4lGaArcwWU1VoimaO1vL6aEkqaxKleHjQLSFQzyhckD9KLAfPCy:m4lGrcwhbw9HHjQoQOhhD9K8K,
2024-02-01,Other,size-in-bytes,2357248,
2024-02-01,Payload delivery,mime-type,application/x-dosexec,
2024-02-01,Payload delivery,md5,711074d73cb1aab66a9eb03cefc3331d,Malware payload
2024-02-01,Payload delivery,sha256,1d6257655abf57c64925f1666205a1398fe81d596f591d42bea0e97971c10347,Malware payload
2024-02-01,Payload delivery,tlsh,t176a1879712585cbccf14c7d645da3aab97ed0053a2a4ac18eded5f0c91ff8b10226d,
2024-02-01,Payload delivery,ssdeep,48:Yxg3SPhJSPdqKkY7EbnlUQl2vhpk6nYK+zobgDF4w0dM0tXcg/i2up9WXibUfi1S:QOFkBtKCz93Ei1vnfYeCBP,
2024-02-01,Other,size-in-bytes,4788,
2024-02-01,Payload delivery,mime-type,application/json,
2024-02-01,Payload delivery,md5,a1a16a282eafb58c435d742e7089419d,Malware payload
2024-02-01,Payload delivery,sha256,8377bb568c71a628471753612b24458850ab82661e012e87cf694aa6daff1c3a,Malware payload
2024-02-01,Payload delivery,tlsh,t117a1849732554cbc8b2487ea94e63eaf47ad1073a0949c24a9ed4f4c95ff8f10366d,
2024-02-01,Payload delivery,ssdeep,48:Yxg3SPhJSPdqKkY7EbnlUQl2/Rifk/n0+aWHbgDF4w0biYtXcgFi2Hp9WoibUxG1:QOGkTaRug49KMG1v5vAmkK,
2024-02-01,Other,size-in-bytes,4780,
2024-02-01,Payload delivery,mime-type,application/json,
2024-02-01,Payload delivery,md5,9e0a4c07387c9c95f9f07139af090b44,Malware payload
2024-02-01,Payload delivery,sha256,4f5b26b126039618896678b95204e8155902f6401669837a8d723a92ddf86298,Malware payload
2024-02-01,Payload delivery,tlsh,t10fa1755b31151cac861887eb98e53e8b87bd00b3a1d4ec28b8ec5f4896ff8f143759,
2024-02-01,Payload delivery,ssdeep,48:Yxg3SPhJSPdqKkY7EbnlUQl2mRifk/n0+aWKSPmDF4w0biYtXDSPGq2Hp9WcseNJ:QOhkTaUeuef49VEMG1vHRAu/1At,
2024-02-01,Other,size-in-bytes,4922,
2024-02-01,Payload delivery,mime-type,application/json,
2024-02-01,Payload delivery,md5,65e57c3ccea0c4804a9112fab9efc185,Malware payload
2024-02-01,Payload delivery,sha256,b777e8fd6b2277957393aa7c09d910381fc7961716c4f97f2cc935c6551c5361,Malware payload
2024-02-01,Payload delivery,tlsh,t1a1a1b8ab25695cbdcb24c7c6a5c63e8357ed0053a3d4ad18ecec5f0c91fe4b10269a,
2024-02-01,Payload delivery,ssdeep,48:Yxg3SPhJSPdqKkY7EbnlUQl2ohpk6nYK+zMlFDF4w0dM0tXqlNjT2up9WMTv0mUh:QOGkB6KoTz9DEi1vgQY3G0P,
2024-02-01,Other,size-in-bytes,4850,
2024-02-01,Payload delivery,mime-type,application/json,
2024-02-01,Payload delivery,md5,55dda43d1893476963ab1f9e290d18d3,Malware payload
2024-02-01,Payload delivery,sha256,99af31cc8bf427be7dbfa3335818874024e38b31f8ae3c69d001533a90da58f0,Malware payload
2024-02-01,Payload delivery,tlsh,t17cb533fd5a39a188ca07dbb4a8fbd7ed53439e7748ae5d045862f121a37f134a026c,
2024-02-01,Payload delivery,imphash,baa93d47220682c04d92f7797d9224ce,
2024-02-01,Payload delivery,ssdeep,49152:FcOqqmUASqjG+epLXWfIY3WYzWklCwAou/aeZxvxQigcM+uzdk:FcOKSqj9cXoIPCvCwAou/tvEcMl,
2024-02-01,Other,size-in-bytes,2352640,
2024-02-01,Payload delivery,mime-type,application/x-dosexec,
2024-02-01,Payload delivery,md5,fef82a66266d4be04e6e16dc134ba9a5,Malware payload
2024-02-01,Payload delivery,sha256,3993d3bd014f05a8109060947c33818a7057a5f86ae69e02eed6399b02f38c81,Malware payload
2024-02-01,Payload delivery,tlsh,t142a1b7ab31564c7cca1487ea98d53e8b57ad01b39194dc18b9ed5f4c81ff8f1037a9,
2024-02-01,Payload delivery,ssdeep,48:Yxg3SPhJSPdqKkY7EbnlUQl2PRifk/n0+aW0DF4w0biYtXnR2Hp9WO8ZUxG1v+bc:QO6kTa1uh49AMG1vSmAEv+2,
2024-02-01,Other,size-in-bytes,4856,
2024-02-01,Payload delivery,mime-type,application/json,
2024-02-01,Payload delivery,md5,5cdd2c444638ac9bd9d6b5444bac64a3,Malware payload
2024-02-01,Payload delivery,sha256,a046343317d9537c4f61426a6ead713dbd17cb0292efb9c9acf4f5a5f36e3aff,Malware payload
2024-02-01,Payload delivery,tlsh,t1d59185b7162c4cbc8a2487d795953bd7867f4567e084ad68f9b88f0ce0fe1f20136a,
2024-02-01,Payload delivery,ssdeep,96:YAvwlHkvQISnya0o9HT2FJ1vltPBiBuKnE:YAv3Xo9z2FBiBXE,
2024-02-01,Other,size-in-bytes,4329,
2024-02-01,Payload delivery,mime-type,application/json,
2024-02-01,Payload delivery,md5,719a381bb569ad4d4d5a110a6ae0da96,Malware payload
2024-02-01,Payload delivery,sha256,4b26d5bd73acef82ac93a48ab21cb2baec78e95ca7f3dd0466ef6d6f0dacfb5a,Malware payload
2024-02-01,Payload delivery,tlsh,t1b491735a26095dbdcb9496d3d5943ac7c7ae1053e0d4dd2ce8bd8f08a1ff1f10276a,
2024-02-01,Payload delivery,ssdeep,48:YxY6wvdlpkofn16Ru+FvDF4w0NhtXpk2Kp9Wo6sUHs1vFbvKzRteU3wxioorbS92:npkocRtxYyH97Ss1vdTHWStESkvx,
2024-02-01,Other,size-in-bytes,4413,
2024-02-01,Payload delivery,mime-type,application/json,
2024-02-01,Payload delivery,md5,afc37e9603920570806c69d177f7e51b,Malware payload
2024-02-01,Payload delivery,sha256,6789cdec8216e61e64feb6bd6622f3d7ee551b4cf4e82237eb55837295ce0d2c,Malware payload
2024-02-01,Payload delivery,tlsh,t123a1a6ab11681cbcc714cbc255d93a8787ed0153a2a8ad18fced5f0c92ff4b603669,
2024-02-01,Payload delivery,ssdeep,48:Yxg3SPhJSPdqKkY7EbnlUQl2yhpk6nYK+zebDF4w0dM0tX8r82bp9WG9sYUfi1v0:QOMkBAKpg9nEi1v1/YSHbj2pFP,
2024-02-01,Other,size-in-bytes,4971,
2024-02-01,Payload delivery,mime-type,application/json,
2024-02-01,Payload delivery,md5,5dff89bbf0cb25a5e5abdea07512bfee,Malware payload
2024-02-01,Payload delivery,sha256,956f3baff5b74f0c483d7b18ebd7cfecafae49330ee0dbddcc081ec90df8838e,Malware payload
2024-02-01,Payload delivery,tlsh,t119a1966b35554cac8624c7ea55e23d4b57ad0073a1d4ec14a8ac4f5c95ee8f1037aa,
2024-02-01,Payload delivery,ssdeep,48:Yxg3SPhJSPdqKkY7EbnlUQl20Rifk/n0+aWblFDF4w0biYtXqlNBT2Hp9Wt0mUxn:QO7kTaGuIT49YMG1veKA3CSq8,
2024-02-01,Other,size-in-bytes,4832,
2024-02-01,Payload delivery,mime-type,application/json,
2024-02-01,Payload delivery,md5,a895a15e3de506fc671b1780d3b5567a,Malware payload (RiseProStealer)
2024-02-01,Payload delivery,sha256,e0ae129604551fa6995d3846517116ee17c42dda6bf8c30a5aeac133bbd383bd,Malware payload (RiseProStealer)
2024-02-01,Payload delivery,tlsh,t1744533b5879bf554c27061bc3c8881dc6669bd8c2848be612fdf23e56f1849c6b47e,
2024-02-01,Payload delivery,imphash,5ab723dc8d5af21b79dc301ed6a56a64,
2024-02-01,Payload delivery,ssdeep,24576:jWC1cOpwRs7qtNRVPMpQS9GXBf5DwQUyEvOkb8Xe/T81MvF:jWC1cOpwRtDemS9m3lzkb8u/oMt,
2024-02-01,Other,size-in-bytes,1195520,
2024-02-01,Payload delivery,mime-type,application/x-dosexec,
2024-02-01,Payload delivery,md5,24afee62afe342b9cb1225ad6708bd1a,Malware payload
2024-02-01,Payload delivery,sha256,ad2662ea67629a92d95b45abe19a84bd04b794353ab0a945f419209731b3ec7d,Malware payload
2024-02-01,Payload delivery,tlsh,t10a91437522180d7e873482c6b4557ad367be0267a0d4ec28a8bd4f4ca6ff1f215b5a,
2024-02-01,Payload delivery,ssdeep,96:EbZknCs+w/05TH9I681vdEHAbpZc7ex5+7O:Eb21R0B9I6KEgbp+7C5+7O,
2024-02-01,Other,size-in-bytes,4238,
2024-02-01,Payload delivery,mime-type,application/json,
2024-02-01,Payload delivery,md5,38e8616a1a7acc4834ebf79d21e9d172,Malware payload (RiseProStealer)
2024-02-01,Payload delivery,sha256,2689ca12ccc67b395942f72de966865d71557b44a80f62fb393726ad9a1a946a,Malware payload (RiseProStealer)
2024-02-01,Payload delivery,tlsh,t1664533b864b77db0db9dfab020c9a11b1538def9630a9452845f4e260d6d0ce736fd,
2024-02-01,Payload delivery,imphash,5ab723dc8d5af21b79dc301ed6a56a64,
2024-02-01,Payload delivery,ssdeep,24576:d4fc3oh+J8ChfEGGbpVb4/OpxwQ6+iyIakEL93w9PymL12n:mfOorIfwVBjzlSL8Fw9amL12,
2024-02-01,Other,size-in-bytes,1195520,
2024-02-01,Payload delivery,mime-type,application/x-dosexec,
2024-02-01,Payload delivery,md5,70e19688c1d65a8e3a31e1c50cfc3a77,Malware payload
2024-02-01,Payload delivery,sha256,92ce73202d7a576eccd083a4c4ac5b6c346b847bd115eaf6b17c6ad5e0f879d5,Malware payload
2024-02-01,Payload delivery,tlsh,t1e8a1a76735554cbcc624c7ea54e23e8b57ad00b3a1d4ed14a8ec5f5c91ee8f1037ea,
2024-02-01,Payload delivery,ssdeep,48:Yxg3SPhJSPdqKkY7EbnlUQl2pGRifk/n0+aWblFDF4w0biYtXqlNBT2Hp9Wt0mU4:QOPzkTaGuIT49YMG1veKAKf,
2024-02-01,Other,size-in-bytes,4832,
2024-02-01,Payload delivery,mime-type,application/json,
2024-02-01,Payload delivery,md5,bf06012295e901054ece00df1f6b6366,Malware payload
2024-02-01,Payload delivery,sha256,268dc1f016ed242dc0bfaf03838880ebc7cf1fd6e5d7511e7fa4f8b934bea2b8,Malware payload
2024-02-01,Payload delivery,tlsh,t1ab9185aa26095dbdca5496d3e4403ac7876e1093b1d8dd2ce8fd9f08f1ef1f04276a,
2024-02-01,Payload delivery,ssdeep,48:YxY6wJzdlpkofn16Ru+FzvDFU0NhtXN3rm/2xp9WhHp6Y2UHs1vhmObvK3moRter:5LpkocRtp9hEA9Sr2Ss1vhPMeHLi/Etx,
2024-02-01,Other,size-in-bytes,4284,
2024-02-01,Payload delivery,mime-type,application/json,
2024-02-01,Payload delivery,md5,2f718b16580b3b642e85d7ade7c2f8cb,Malware payload
2024-02-01,Payload delivery,sha256,b829353f080ee39c02d4299f9c35132e26f04b73030e3d8d0df8828c65b476b1,Malware payload
2024-02-01,Payload delivery,tlsh,t1699196ebb1155eb9c51fc5ee96a939cecabc011390346c1ce59e4b0b98fe1b51323d,
2024-02-01,Payload delivery,ssdeep,96:XGe9k0yan4wgaBSQcsTN9+BMOy0G1vRctHsz9UAeGsqhVXr:a0049rVGmlsq7,
2024-02-01,Other,size-in-bytes,4529,
2024-02-01,Payload delivery,mime-type,application/json,
2024-02-01,Payload delivery,md5,01934bc536b17e689e8f0b1413340d68,Malware payload
2024-02-01,Payload delivery,sha256,4551d177c6a8a9e442e83f1c6487e33e68d00fc6da15f3693c5f731ba28308ee,Malware payload
2024-02-01,Payload delivery,tlsh,t167a188ab11651cbdc714c7c295d93a8787ed0153a2a8ad14fcad5f0c82ff4a603669,
2024-02-01,Payload delivery,ssdeep,48:Yxg3SPhJSPdqKkY7EbnlUQl2ehpk6nYK+zebDF4w0dM0tX8r82bp9WG9sYUfi1vJ:QOokBAKpg9nEi1v1/YSEfCVP,
2024-02-01,Other,size-in-bytes,4971,
2024-02-01,Payload delivery,mime-type,application/json,
2024-02-01,Payload delivery,md5,6187dcca154bc8afa4a1ca595ccd3b9f,Malware payload
2024-02-01,Payload delivery,sha256,773c0682c0c741b485d3ce11eed0c5ff2891196507b577ae1381d6768747be37,Malware payload
2024-02-01,Payload delivery,tlsh,t1b841cc7ccf29f8e0033db1a088492e2620949e57d6b58e24d9574ee62d7c20acf1b1,
2024-02-01,Payload delivery,ssdeep,48:LGfEFWuJqs9HZNjd+SfprcKyK0hE6S1FtfsC5P3RX5ZWiaoIhSNtT:LGfEFW87jd+Sfpbaq6S1FtfsC5P39EfG,
2024-02-01,Other,size-in-bytes,2219,
2024-02-01,Payload delivery,mime-type,text/plain,
2024-02-01,Payload delivery,md5,27d4fe4091d4cb6a7971c9b9ce11ad77,Malware payload
2024-02-01,Payload delivery,sha256,8bf93d435004be612bed837b58e6ff43eafe10e7ea1b432b3b7d55a17447e89b,Malware payload
2024-02-01,Payload delivery,tlsh,t1c0a1a5ab15295c7ccb14c7c295c93ad757ed005363a8ac18fdad6f0c82fe8b142659,
2024-02-01,Payload delivery,ssdeep,48:Yxg3SPhJSPdqKkY7EbnlUQl26hpk6nYK+z1DF4w0dM0tXnT2up9WSFo8ZUfi1vAN:QOUkB5KDz9vLEi1vYYYvBy2P,
2024-02-01,Other,size-in-bytes,4884,
2024-02-01,Payload delivery,mime-type,application/json,
2024-02-01,Payload delivery,md5,141d111397ca977531a112fe97873763,Malware payload
2024-02-01,Payload delivery,sha256,2aaaad6cd25a0f0d8cefe6e348a33e3fa43c748ca5eac7ad0f3a30dc401fbff5,Malware payload
2024-02-01,Payload delivery,tlsh,t1c7917522251c0cbec7398b82a45c7bd76bae02739094fd2888bd5f4ca5ff2b141769,
2024-02-01,Payload delivery,ssdeep,96:jjUekxq8pVFawTH9o2nTv71vzhHtsIZhbH4R+:jjUvguFaA9o2nbdhNsIrbH4R+,
2024-02-01,Other,size-in-bytes,4215,
2024-02-01,Payload delivery,mime-type,application/json,
2024-02-01,Payload delivery,md5,22c93b7ac56f961aedcc1b4a0d13416f,Malware payload (BumbleBee)
2024-02-01,Payload delivery,sha256,d3ec197ee49bbebdb9965d686dd697f4cf34f9ecc7e7a6c5dda1f1c124e2d167,Malware payload (BumbleBee)
2024-02-01,Payload delivery,tlsh,t14745e011e6920fe8d4b651b781ab252fbb307e1d4724d377eb80d23b7d827905b1ab,
2024-02-01,Payload delivery,imphash,47e01530ad43ec939d1c47709a80a5c6,
2024-02-01,Payload delivery,ssdeep,24576:hmJByBxUwi/uUy74InSKf290MFK7YnlAf46KE/eRLlBi303/Un1lrZQuwnHrrddo:02O+SKfQhvlB1v6rileRN,
2024-02-01,Other,size-in-bytes,1224719,
2024-02-01,Payload delivery,mime-type,application/x-dosexec,
2024-02-01,Payload delivery,md5,839eae7f120a8c938c6d4773a5fda392,Malware payload
2024-02-01,Payload delivery,sha256,08e26b970832485d297d9bf2cc7385452c07b40615a9d8047410b74a36d2e4d8,Malware payload
2024-02-01,Payload delivery,tlsh,t181a1869b11691cbc8714c7d699d53e9797fd0053a298bc18bced5f0c92fe4b203659,
2024-02-01,Payload delivery,ssdeep,48:Yxg3SPhJSPdqKkY7EbnlUQl2Ghpk6nYK+z9SPmDF4w0dM0tXDSPGo2up9WvseNEF:QOgkBIeKezz9EEEi1vZhY4NdP,
2024-02-01,Other,size-in-bytes,4940,
2024-02-01,Payload delivery,mime-type,application/json,
2024-02-01,Payload delivery,md5,979f50d6d82d494e825f88c7406b0c8f,Malware payload
2024-02-01,Payload delivery,sha256,af9ef0c8e5bc375ce1bfea2e8df08115f9de300ed3691b33386e774b24fcfba2,Malware payload
2024-02-01,Payload delivery,tlsh,t1cf918526261c0cbd87394a87a05c7ad76bae02639184fd2888bd8f0ca1ff2b141769,
2024-02-01,Payload delivery,ssdeep,96:jj+ekxq8pVFawTH9o2nTv71vzhHtsIZhpofR+:jj+vguFaA9o2nbdhNsIrpofR+,
2024-02-01,Other,size-in-bytes,4225,
2024-02-01,Payload delivery,mime-type,application/json,
2024-02-01,Payload delivery,md5,e92e59ecaed4e33013311b12088b42a5,Malware payload
2024-02-01,Payload delivery,sha256,4e81e33aca61757c5bd2bcec846ccd1bb5e7d65e03d9162cb0374fc8543338b0,Malware payload
2024-02-01,Payload delivery,tlsh,t196c4230a9d4b6a29efd497705908c21d1197ef33beb4d3570340b61e63bbac72c66d,
2024-02-01,Payload delivery,imphash,af02ce4a4548e322a95ca15cb9608683,
2024-02-01,Payload delivery,ssdeep,12288:8HLUMuiv9RgfSjAzRty26xGJeMTE3Z2ap4srKWLZb:WtARD6EAMC41s,
2024-02-01,Other,size-in-bytes,580352,
2024-02-01,Payload delivery,mime-type,application/x-dosexec,
2024-02-01,Payload delivery,md5,fbcb45546e469bc8d229aebe155c11b1,Malware payload
2024-02-01,Payload delivery,sha256,63d51957848080a5e59d6497525005efe79da6b899cd561aa81699feb4bc95a7,Malware payload
2024-02-01,Payload delivery,tlsh,t1e9a1855732554c7c8b2487eb94e63eaf47ad0077a094ac28e9ed5f4c91ff8f102769,
2024-02-01,Payload delivery,ssdeep,48:Yxg3SPhJSPdqKkY7EbnlUQl2fRifk/n0+aWHbgDF4w0biYtXcgFi2Hp9WoibUxGt:QOWkTaRug49KMG1v5vAOB,
2024-02-01,Other,size-in-bytes,4770,
2024-02-01,Payload delivery,mime-type,application/json,
2024-02-01,Payload delivery,md5,3bc70b16df8360fe14fb9044c7d5bd9e,Malware payload
2024-02-01,Payload delivery,sha256,31845afaa25824d71bd2def72f7c9ece809ca9fdd2f76595bbbd5e05c0c2c276,Malware payload
2024-02-01,Payload delivery,tlsh,t146a1989716685cbccb14c7d745da3aa787ed0017a2a8ac14eded5f0c91ff8b10266e,
2024-02-01,Payload delivery,ssdeep,48:Yxg3SPhJSPdqKkY7EbnlUQl2Nhpk6nYK+zobgDF4w0dM0tXcg/i2up9WXibUfi11:QOTkBtKCz93Ei1vnfYYUV8/P,
2024-02-01,Other,size-in-bytes,4798,
2024-02-01,Payload delivery,mime-type,application/json,
2024-02-01,Payload delivery,md5,9ddfcc3327864602b011bd112e97fa00,Malware payload
2024-02-01,Payload delivery,sha256,2b6880f0834735c1d63cec9b68b56badc956e9afe858ff1bfddce6a49da96b59,Malware payload
2024-02-01,Payload delivery,tlsh,t1b59166ae27085dbdc65496d3e5443ad7876e0493a094ed2cd8fd9f08e1ef1f0027a9,
2024-02-01,Payload delivery,ssdeep,48:YxY6wJdlpkofn16Ru+FkDFU0NhtXeV2Qp9We6T2UHs1vibvKqRteU3wxioLoPRNB:JpkocRtG9U/9K2Ss1veiHLoPRNgCx,
2024-02-01,Other,size-in-bytes,4274,
2024-02-01,Payload delivery,mime-type,application/json,
2024-02-01,Payload delivery,md5,fd253c19788b46f9ad2b0786da095992,Malware payload
2024-02-01,Payload delivery,sha256,c0f0a2a93370ab72ad4da2a50e90578d0a1d5a278289d96f15bbce091a362bd8,Malware payload
2024-02-01,Payload delivery,tlsh,t1c59195e6b1155eb9c51fc5ea56a939cfcabd001390305c5ce59e4b0b88fe1b523639,
2024-02-01,Payload delivery,ssdeep,96:XGK9k0yan4wgaBSQcsTN9+BMOy0G1vRctHsz9UAeG5gyLXVXr:+0049rVGml5gyLl,
2024-02-01,Other,size-in-bytes,4529,
2024-02-01,Payload delivery,mime-type,application/json,
2024-02-01,Payload delivery,md5,1d111eb1117892267044c7f11f7dac5b,Malware payload
2024-02-01,Payload delivery,sha256,3a1a80f55d30ac6484e7135f79e1f4bbfc3ff650820ceea5635d57bb3f28ab02,Malware payload
2024-02-01,Payload delivery,tlsh,t18b91545926085dbdcb9496d3e4843ec7876e0053a1a4de28e8bd9f08e1ff1f10275a,
2024-02-01,Payload delivery,ssdeep,48:YxY6wJdlpkofn16Ru+FvDF4w0NhtXpk2Kp9Wo6sUHs1vFbvKzRteU3wxioorbeux:JpkocRtxYyH97Ss1vdTHWeux,
2024-02-01,Other,size-in-bytes,4403,
2024-02-01,Payload delivery,mime-type,application/json,
2024-02-01,Payload delivery,md5,c3d83b7bbb9fc7d3eac2fe7da0ac9c54,Malware payload
2024-02-01,Payload delivery,sha256,0692cee9cb042938b5069bbbd0ed2d4e1ba2b860f0aade35a8040c45cbed84d2,Malware payload
2024-02-01,Payload delivery,tlsh,t15891527262180c7ec63482d6b4597ad367be0267a0d4ac28a8bd4f0ce6ef1f205b59,
2024-02-01,Payload delivery,ssdeep,48:YxCXt2fbZkvnY+Cs+DF4w0nltXPSjeUT2Gp9WnTUd81vdE7b/KcRezbC3wxioorl:QbZknCs+w/05TH9I681vdEHAbpZcbHcO,
2024-02-01,Other,size-in-bytes,4248,
2024-02-01,Payload delivery,mime-type,application/json,
2024-02-01,Payload delivery,md5,0a4a5323abb002025e8e3677cf2d0a8b,Malware payload (BumbleBee)
2024-02-01,Payload delivery,sha256,5fd8655743587619d5b1e73ecac7d475e2d0ee5027d881264f6b01fa8c6abc82,Malware payload (BumbleBee)
2024-02-01,Payload delivery,tlsh,t18e45e011e6920fe8d4b651b781ab252fbb307e1d4724d377eb80d23b7d827905b1ab,
2024-02-01,Payload delivery,imphash,47e01530ad43ec939d1c47709a80a5c6,
2024-02-01,Payload delivery,ssdeep,24576:hmJByBxUwi/uUy74InSKf290MFK7YnlAf46KE/eRLlBi303/Un1lrZQuwnHrrddo:02O+SKfQhvlB1v6rileRB,
2024-02-01,Other,size-in-bytes,1224721,
2024-02-01,Payload delivery,mime-type,application/x-dosexec,
2024-02-01,Payload delivery,md5,efc77f93b7a9b74d46687dcb3e49f744,Malware payload
2024-02-01,Payload delivery,sha256,9001e7ac9a84710c318e947ecc0f2bc09021ad1ea68dfedd6bcba65f15f0a587,Malware payload
2024-02-01,Payload delivery,tlsh,t1c5a1a89b15681cbcc714c7c255d93a4787ed0153a298ac14fcad5f0c82ff5a503669,
2024-02-01,Payload delivery,ssdeep,48:Yxg3SPhJSPdqKkY7EbnlUQl22hpk6nYK+zebDF4w0dM0tX8r82bp9WG9sYUfi1v7:QOckBAKpg9nEi1v1/Y3nUvP,
2024-02-01,Other,size-in-bytes,4971,
2024-02-01,Payload delivery,mime-type,application/json,
2024-02-01,Payload delivery,md5,dc3abe5e3cbdcc9f04ae48080268ecf0,Malware payload
2024-02-01,Payload delivery,sha256,443b49707d9e56f177babb01c9034d8fcb8814aaf0f72a1f81b84d9f6cda7d82,Malware payload
2024-02-01,Payload delivery,tlsh,t1a8a194ab31550cbcc62987da94e13f8b87bc00639494ec24a4ac5f5cd6ff8f1437a9,
2024-02-01,Payload delivery,ssdeep,48:Yxg3SPhJSPdqKkY7EbnlUQl2ojRifk/n0+aWCDF4w0biYtXnQbZ2Hp9WjyUxG1vS:QOnkTa1uAbZ49bMG1vCb8vbJAZvb,
2024-02-01,Other,size-in-bytes,5004,
2024-02-01,Payload delivery,mime-type,application/json,
2024-02-01,Payload delivery,md5,ad905c78248ff0b83a2d8e2e6f6ad271,Malware payload
2024-02-01,Payload delivery,sha256,0919ea6c6f2513f1ed504a03d7ea85d424c4e6f5677987101513ea568110c852,Malware payload
2024-02-01,Payload delivery,tlsh,t1aa91b5b71a284cacca1487d785903b8756bf41a7e0849e68f9f88f0cd0ff1b51136a,
2024-02-01,Payload delivery,ssdeep,48:Yx5AvwlYYwQKbsJkmnh+0DFU0omOtXxR23p9WtY2UKJ1vybaKqRrC3wxioiHHuUt:YAvwlvkv0S7U9/2FJ1vu8iHHF0E,
2024-02-01,Other,size-in-bytes,4333,
2024-02-01,Payload delivery,mime-type,application/json,
2024-02-01,Payload delivery,md5,84093015eb1328c7949a83f194910851,Malware payload
2024-02-01,Payload delivery,sha256,028eb7532bd7967a2183adbb0c646f494da49b0518e45f4a10750dd4ba500b5d,Malware payload
2024-02-01,Payload delivery,tlsh,t101a1b8ab32664c7cc61487ea98e13e8b576c01b39194dc18f9ad5f4c91ff8f103769,
2024-02-01,Payload delivery,ssdeep,48:Yxg3SPhJSPdqKkY7EbnlUQl27Rifk/n0+aW0DF4w0biYtXnR2Hp9WO8ZUxG1v+bZ:QO+kTa1uh49AMG1vSmAI2kS,
2024-02-01,Other,size-in-bytes,4856,
2024-02-01,Payload delivery,mime-type,application/json,
2024-02-01,Payload delivery,md5,0f5ef03c49666ca1b2d03d1c79259d6f,Malware payload
2024-02-01,Payload delivery,sha256,2d89f7bbc39dec6aa24ccbbc413f74a7678a9a59aa851f7befb3ad86766618ce,Malware payload
2024-02-01,Payload delivery,tlsh,t19da1b7ab25795cbcc724c7c655c63e8357ed005362e4bd14ecac5f0c82fe871026aa,
2024-02-01,Payload delivery,ssdeep,48:Yxg3SPhJSPdqKkY7EbnlUQl2jhpk6nYK+zMlFDF4w0dM0tXqlNjT2up9WMTv0mU7:QO9kB6KoTz9DEi1vgQYYYtP,
2024-02-01,Other,size-in-bytes,4860,
2024-02-01,Payload delivery,mime-type,application/json,
2024-02-01,Payload delivery,md5,9d5580c709f09a90c47065ed30edea94,Malware payload
2024-02-01,Payload delivery,sha256,94bd3ad0db275d180334d6a4d919cfee896a28a064b3e44e01a71ff9d282cbe3,Malware payload
2024-02-01,Payload delivery,tlsh,t17c9195eb71255eb9c51fc4ea96e939cecabd001390705c1ce5ae4b4b88fe1b51323d,
2024-02-01,Payload delivery,ssdeep,96:XGuG9k0yan4wgaBSQcsTN9+BMOy0G1vRctHsz9UAeGqrxVXr:PL0049rVGmlqrL,
2024-02-01,Other,size-in-bytes,4529,
2024-02-01,Payload delivery,mime-type,application/json,
2024-02-01,Payload delivery,md5,7b5f61ca0585704b1d99c0a5ecc226ea,Malware payload
2024-02-01,Payload delivery,sha256,25385031a6421d78a77093722abef65c1adda1a299196961f93410eab0761dcf,Malware payload
2024-02-01,Payload delivery,tlsh,t137a184eb61691cbcca19c3c694d93b8797fc015352a4ec24a8ec5b0c93ff97153669,
2024-02-01,Payload delivery,ssdeep,48:Yxg3SPhJSPdqKkY7EbnlUQl24hpk6nYK+z1DF4w0dM0tXnGbZ2up9WSgyUfi1vU1:QOmkBhKWbZz9BEi1vUb8pbbY6KbP,
2024-02-01,Other,size-in-bytes,5033,
2024-02-01,Payload delivery,mime-type,application/json,
2024-02-01,Payload delivery,md5,4494e92a0d3f501281bc50cab710c939,Malware payload
2024-02-01,Payload delivery,sha256,533918bef4cc558a32000d751bd2082a4834081839b742973ddc6b340ba8c4ae,Malware payload
2024-02-01,Payload delivery,tlsh,t10191536619386d7cc658c8ca98fc3d4e567d105bf1645c14a6de8e0ae2ff1f283a61,
2024-02-01,Payload delivery,ssdeep,96:eycrkYOhDH5R0DWfrfT594ds1Y7g1vUreHTMsgiFE0qqMJeR:eycQThr5RIWfrt94ds1Y7FrezMsgiFEU,
2024-02-01,Other,size-in-bytes,4614,
2024-02-01,Payload delivery,mime-type,application/json,
2024-02-01,Payload delivery,md5,2fb2c723ad4fd20be481dc84b6186dee,Malware payload (Amadey)
2024-02-01,Payload delivery,sha256,0b7204fe9e9af7dcce853007c5ef4cc02fe1c00786ca40ea03f6dd5435870bd2,Malware payload (Amadey)
2024-02-01,Payload delivery,tlsh,t14d053368378e4442c455f5f2628db2e8dc397c15e2ae664993fbaea1047c07e5f237,
2024-02-01,Payload delivery,imphash,7515ecf8c0dfa4d230ad835fe0acb57f,
2024-02-01,Payload delivery,ssdeep,24576:YT+XH0MIsbWI8ain8wQmBaWnBCqpNROq9b9qm:k+XHvIK6ain8lmBaWntpLOYb9q,
2024-02-01,Other,size-in-bytes,810496,
2024-02-01,Payload delivery,mime-type,application/x-dosexec,
2024-02-01,Payload delivery,md5,10e75b31e0e42feb70fcfccfacebe60a,Malware payload
2024-02-01,Payload delivery,sha256,abb1bb4628bc0c39de299c2ce38f19482925141c8fd1b46509a818e42af1328d,Malware payload
2024-02-01,Payload delivery,tlsh,t1df41dd7ccf29f8e0037db1a08c492e2620949e57d6f58e24d9574ee62d7c24acf2b1,
2024-02-01,Payload delivery,ssdeep,48:LGfEFWuJqs9HZNjd+SfprcKyK0hE6S1FtfsC5P3RX5ZWiaoIhSNtaG:LGfEFW87jd+Sfpbaq6S1FtfsC5P39Efc,
2024-02-01,Other,size-in-bytes,2219,
2024-02-01,Payload delivery,mime-type,text/plain,
2024-02-01,Payload delivery,md5,e4553ebfcf55025e774784ac3ea8c5c5,Malware payload (RiseProStealer)
2024-02-01,Payload delivery,sha256,e1a6424ac54d675f830c25402fc0912721f7b4eef77bbbeb560dec5700a8e875,Malware payload (RiseProStealer)
2024-02-01,Payload delivery,tlsh,t1314533fe883b8081ebf1d1f1924406e5bd7dbecea42892071d4f16b6446856dbb07a,
2024-02-01,Payload delivery,imphash,5ab723dc8d5af21b79dc301ed6a56a64,
2024-02-01,Payload delivery,ssdeep,24576:SdgH9NUJycjRbR/Q+WP+i5HdwQPsiK3ivpj9FFgY/ytp:ljUJ556+iLlg3ivp5/TI,
2024-02-01,Other,size-in-bytes,1195520,
2024-02-01,Payload delivery,mime-type,application/x-dosexec,
2024-02-01,Payload delivery,md5,f920013d4b9c25e2ef49cc14c520a1fe,Malware payload
2024-02-01,Payload delivery,sha256,423ef4408add9c00eb3462b0e3f54ad9aa7b7c726a6b9edd0461979087346c75,Malware payload
2024-02-01,Payload delivery,tlsh,t182a1a6ab31550cbc86248be794e53e8b47bd0163a094ac18f4ad4f4c85ff8f6037a9,
2024-02-01,Payload delivery,ssdeep,48:Yxg3SPhJSPdqKkY7EbnlUQl2CRifk/n0+aW/bDF4w0biYtX8rG2xp9WoKsYUxG11:QOlkTakuNe9yMG1vbDAOOW7,
2024-02-01,Other,size-in-bytes,4953,
2024-02-01,Payload delivery,mime-type,application/json,
2024-02-01,Payload delivery,md5,59e4407ef25e13f01283d1515afc353d,Malware payload
2024-02-01,Payload delivery,sha256,f34aff6c6da36f21ea4be2fba6c3939d4945006d36eefa3f3d8218f4fe2ee8b6,Malware payload
2024-02-01,Payload delivery,tlsh,t1ce91b6b7162c4cbc8a2487d3a5643bd7967f4567e0849d18b9a88f0ce0ff1f50136b,
2024-02-01,Payload delivery,ssdeep,96:YAvwlxkvQISnya0o9HT2FJ1vltPBiR+nE:YAvhXo9z2FBiRWE,
2024-02-01,Other,size-in-bytes,4329,
2024-02-01,Payload delivery,mime-type,application/json,
2024-02-01,Payload delivery,md5,06f0d076395bfb7e70fbfbe17c61d264,Malware payload
2024-02-01,Payload delivery,sha256,0b5eada77cb26d0e2b8850022961bf18a9bfad9f9a3973b1b944a9cef6d8e949,Malware payload
2024-02-01,Payload delivery,tlsh,t116a1965b31151cac861447eb98e13e8b97ad00a7a1d4ac18b4ed5f5ca2ff8f103799,
2024-02-01,Payload delivery,ssdeep,48:Yxg3SPhJSPdqKkY7EbnlUQl25Rifk/n0+aWKSPmDF4w0biYtXDSPGq2Hp9WcseN9:QOUkTaUeuef49VEMG1vHRA6GAwt,
2024-02-01,Other,size-in-bytes,4922,
2024-02-01,Payload delivery,mime-type,application/json,
2024-02-01,Payload delivery,md5,577321c560dd17c6b86d07279840a455,Malware payload (AgentTesla)
2024-02-01,Payload delivery,sha256,88df89ef3900fb91540605ecf6174d74669d10a960fd68a471e719b077ddf348,Malware payload (AgentTesla)
2024-02-01,Payload delivery,tlsh,t1e9f4125416ea0b52d9bd47f92c30818047f7b964a232e36c2f85b1ee1db3781cb52b,
2024-02-01,Payload delivery,imphash,f34d5f2d4577ed6d9ceec516c1f5a744,
2024-02-01,Payload delivery,ssdeep,12288:7NHrd53rD22q1qatwUpjNH6OIV0obTrySn9hCQxKOcMMR7GRgmWoX6X2hCg:713rDIgatwUpCT/Oc9hCQjMZwgPi7h,
2024-02-01,Other,size-in-bytes,772608,
2024-02-01,Payload delivery,mime-type,application/x-dosexec,
2024-02-01,Payload delivery,md5,3a545c83ce3dd12a9ca7fa10a52f1389,Malware payload
2024-02-01,Payload delivery,sha256,c36a41ccda02bb1a65309da5dd5cbf59bdc44e113cdcaaf909170b7247bdc7db,Malware payload
2024-02-01,Payload delivery,tlsh,t15391537162180d7d863482daa4157ad367be0267a1d4ec28a8be4f0cf7ff1f205b5a,
2024-02-01,Payload delivery,ssdeep,96:nbZknCs+w/05TH9I681vdEHAbpZcVNyysWUWWO:nb21R0B9I6KEgbp+VNy/WU/O,
2024-02-01,Other,size-in-bytes,4248,
2024-02-01,Payload delivery,mime-type,application/json,
2024-02-01,Payload delivery,md5,a3cfc0987271bd8b6573fea73a2bebf3,Malware payload
2024-02-01,Payload delivery,sha256,412db012dfd8ae102ba9fadb59a8676aa63bbaa81cea1efea1b0159d60f7d5c8,Malware payload
2024-02-01,Payload delivery,tlsh,t172b533d240b22549ca938fb1f217005e9c9bbdcf665866d8a0b8f14dab7d478f104f,
2024-02-01,Payload delivery,imphash,baa93d47220682c04d92f7797d9224ce,
2024-02-01,Payload delivery,ssdeep,49152:Fz32YDb1UtCgI7nDT7cmmUpgjI6osEWdMvDBMOd+say2cS3x5Zs7z:Fr2Y319fzcmFpX7W+Dm7sVQrZ8,
2024-02-01,Other,size-in-bytes,2282496,
2024-02-01,Payload delivery,mime-type,application/x-dosexec,
2024-02-01,Payload delivery,md5,7bb2b26d7ccfeaa2edd2ea570df5bb8a,Malware payload
2024-02-01,Payload delivery,sha256,3a5a6ed13b5a9c5bb41fc07474610c3726d891312de88da9d66fb20bc02faaef,Malware payload
2024-02-01,Payload delivery,tlsh,t13ea1a5ab15695c7ccb14c7c695c93a8797ed015393a8ac18fded6f0c82ff4a242259,
2024-02-01,Payload delivery,ssdeep,48:Yxg3SPhJSPdqKkY7EbnlUQl2lhpk6nYK+z1DF4w0dM0tXnT2up9WSFo8ZUfi1vA2:QO7kB5KDz9vLEi1vYYYBUP,
2024-02-01,Other,size-in-bytes,4874,
2024-02-01,Payload delivery,mime-type,application/json,
2024-02-01,Payload delivery,md5,eadc89bb9ee266cd0e2ac81f224392fd,Malware payload
2024-02-01,Payload delivery,sha256,fe3e81817c91561232ef1fe0958b335472a3bb9cf760b9bcfe326f42a25ce9ce,Malware payload
2024-02-01,Payload delivery,tlsh,t1b591759d26085dbdc65496d3e5903ad7876e1493a0d4dd2cd8fd9f08e1ef1f002799,
2024-02-01,Payload delivery,ssdeep,48:YxY6wTdlpkofn16Ru+FkDFU0NhtXeV2Qp9We6T2UHs1vibvKqRteU3wxioL8JBoM:bpkocRtG9U/9K2Ss1veiHL8JAcx,
2024-02-01,Other,size-in-bytes,4284,
2024-02-01,Payload delivery,mime-type,application/json,
2024-02-01,Payload delivery,md5,ec714771de223ed13a80674faccace7e,Malware payload (Socks5Systemz)
2024-02-01,Payload delivery,sha256,e8c4932d18696142d45a1a6dd70d2d57b79921c0a63b4f14db1f81cbe817ba6a,Malware payload (Socks5Systemz)
2024-02-01,Payload delivery,tlsh,t1357633316169e171f3269db4f9c530a249cbdf5103b6b628befcb45eab111422e07d,
2024-02-01,Payload delivery,imphash,884310b1928934402ea6fec1dbd3cf5e,
2024-02-01,Payload delivery,ssdeep,98304:NsHx3wmuZVZCVvUbGwdBlliX/FTr0Y4ZL8GT3ksrvBOJtszIUJ/QD9Bc3KkxlhES:SHOFbjGwg9zy6srJOvszINhBc6lPiX,
2024-02-01,Other,size-in-bytes,7623045,
2024-02-01,Payload delivery,mime-type,application/x-dosexec,
2024-02-01,Payload delivery,md5,0bcafc05db25bd97d4ae57aac4535945,Malware payload
2024-02-01,Payload delivery,sha256,8cc8c77194ce7d3f101ca86e354922ed51fdbb8236d4c8430995388fe1c8b10e,Malware payload
2024-02-01,Payload delivery,tlsh,t1639195b716294cacca1487d3d5903b87567f4167e0849e68baf88f08e0fe1f91176a,
2024-02-01,Payload delivery,ssdeep,48:Yx5AvwlYYw4KbsJkmnh+0DFU0omOtXxR23p9WtY2UKJ1vybaKqRrC3wxioi7YeL4:YAvwl3kv0S7U9/2FJ1vu8i7YGVE,
2024-02-01,Other,size-in-bytes,4323,
2024-02-01,Payload delivery,mime-type,application/json,
2024-02-01,Payload delivery,md5,e9573a37b479034a47eae913355739fe,Malware payload
2024-02-01,Payload delivery,sha256,d1a9113c988fa9ca58fcc2cb0e6b0b626d9b8815927b49cffb6738e873959142,Malware payload
2024-02-01,Payload delivery,tlsh,t17fa1659b21692cbc861487d698d93e9797ed0153a298ac18fced6f0c92fe8b103755,
2024-02-01,Payload delivery,ssdeep,48:Yxg3SPhJSPdqKkY7EbnlUQl2Phpk6nYK+z9SPmDF4w0dM0tXDSPGo2up9WvseNEw:QOhkBIeKezz9EEEi1vZhYXqEB+sdP,
2024-02-01,Other,size-in-bytes,4940,
2024-02-01,Payload delivery,mime-type,application/json,
2024-02-01,Payload delivery,md5,0806a9a899137ab76702770e58601584,Malware payload
2024-02-01,Payload delivery,sha256,e749f8565787b7e852ba1ac36fc340ccff3da766723c389a1fd3e901b9db615a,Malware payload
2024-02-01,Payload delivery,tlsh,t165a174ab31550cacc52987da94e53f8b97bc01639494ec24b4ac5f5c92fe8b1437a9,
2024-02-01,Payload delivery,ssdeep,48:Yxg3SPhJSPdqKkY7EbnlUQl23Rifk/n0+aWCDF4w0biYtXnQbZ2Hp9WjyUxG1vCO:QOWkTa1uAbZ49bMG1vCb8vbJAtq,
2024-02-01,Other,size-in-bytes,5005,
2024-02-01,Payload delivery,mime-type,application/json,
2024-02-01,Payload delivery,md5,fc2a7fa7f45552098ce594eacbdb7fa2,Malware payload
2024-02-01,Payload delivery,sha256,27cb1972f853f980058de07c7771f3d854f5af42cdc4bcd2ad9f98e2d369bcff,Malware payload
2024-02-01,Payload delivery,tlsh,t10ba184eb61691cbccb1987c684d93b8797fd011352a4ec28a8ac6f0c93ff57152669,
2024-02-01,Payload delivery,ssdeep,48:Yxg3SPhJSPdqKkY7EbnlUQl2+hpk6nYK+z1DF4w0dM0tXnGbZ2up9WSgyUfi1vUM:QOskBhKWbZz9BEi1vUb8pbbYz6P,
2024-02-01,Other,size-in-bytes,5023,
2024-02-01,Payload delivery,mime-type,application/json,
2024-02-01,Payload delivery,md5,e7a61b78d70133da8e9e8ca004662c3e,Malware payload
2024-02-01,Payload delivery,sha256,4005b4a00d53c00658adc84f1d752e94bef62045d91dea3502b4572a20607da1,Malware payload
2024-02-01,Payload delivery,tlsh,t110a1749732554cbc8b2487ea94e63eab47ad0073a4949c24b9ed4f4c91ff8f14376d,
2024-02-01,Payload delivery,ssdeep,48:Yxg3SPhJSPdqKkY7EbnlUQl2XRifk/n0+aWHbgDF4w0biYtXcgFi2Hp9WoibUxGK:QO+kTaRug49KMG1v5vAgUR,
2024-02-01,Other,size-in-bytes,4770,
2024-02-01,Payload delivery,mime-type,application/json,
2024-02-01,Payload delivery,md5,781041129104d1856c51acad2c75bc00,Malware payload
2024-02-01,Payload delivery,sha256,11e17f509a42e4ad6dffc145b823b6cb46f8c4d24906a565780343f37240fc68,Malware payload
2024-02-01,Payload delivery,tlsh,t1aba1969711685cbccf14c7d785da3aab87ed005392a4ac18eded5f0c91ff8b50266a,
2024-02-01,Payload delivery,ssdeep,48:Yxg3SPhJSPdqKkY7EbnlUQl2Xhpk6nYK+zobgDF4w0dM0tXcg/i2up9WXibUfi15:QOxkBtKCz93Ei1vnfYMLFNP,
2024-02-01,Other,size-in-bytes,4788,
2024-02-01,Payload delivery,mime-type,application/json,
2024-02-01,Payload delivery,md5,26faf227db4194757a638e58974b1f2f,Malware payload
2024-02-01,Payload delivery,sha256,7241cddb1046d4692594180ad4a7e8397608d117c7c8c3023d0f47486c2550dd,Malware payload
2024-02-01,Payload delivery,tlsh,t1986338c9ea43d8f1e80f05755437a7368772f9390039eb9bd764da32ac43a01e65b2,
2024-02-01,Payload delivery,ssdeep,1536:0vZ4eviAWCVCA7nMuSRadW/QK+y8FJw1PkSouq:0vZjvHWWCKnMl0drKhyJJuq,
2024-02-01,Other,size-in-bytes,66996,
2024-02-01,Payload delivery,mime-type,application/x-executable,
2024-02-01,Payload delivery,md5,11d693ba569d4dec1b9c627849d58d4c,Malware payload
2024-02-01,Payload delivery,sha256,82138c92c1ae3aed15a39e28182e35252d3aed75d3b23229592d9f142004cb8b,Malware payload
2024-02-01,Payload delivery,tlsh,t1cca1b6ab35554cbcc624c7eaa4e23e8b57ad0073a5d4ec14e8bc4f5881fe4f1037aa,
2024-02-01,Payload delivery,ssdeep,48:Yxg3SPhJSPdqKkY7EbnlUQl2lRifk/n0+aWblFDF4w0biYtXqlNBT2Hp9Wt0mUxc:QOgkTaGuIT49YMG1veKAGvd,
2024-02-01,Other,size-in-bytes,4842,
2024-02-01,Payload delivery,mime-type,application/json,
2024-02-01,Payload delivery,md5,6e1f7b747c1db1819e597ac46d4da151,Malware payload
2024-02-01,Payload delivery,sha256,0c60d6c3b4567fd646ddc520b544ea29c5db60ec595ff5fdc4cf6152ec3d35b4,Malware payload
2024-02-01,Payload delivery,tlsh,t1df91659a26095ebdc65497d3e4543ad7c76e0093b0a8de28d4fd9f08e1ef1f04276e,
2024-02-01,Payload delivery,ssdeep,48:YxY6wqdlpkofn16Ru+FzvDFU0NhtXN3rm/2xp9WhHp6Y2UHs1vhmObvK3moRteU0:KpkocRtp9hEA9Sr2Ss1vhPMeHLugVx,
2024-02-01,Other,size-in-bytes,4274,
2024-02-01,Payload delivery,mime-type,application/json,
2024-02-01,Payload delivery,md5,c7cbba75b994b46a4337ff1f02fa00b3,Malware payload
2024-02-01,Payload delivery,sha256,a68a4e00dd824074d12ca2a70b17c3c40bde125275cc200df64e537db3462128,Malware payload
2024-02-01,Payload delivery,tlsh,t184915466261c0cbdc3294b92d05c7bd76bae02739084fd2898bd5f0ca5ff2b141769,
2024-02-01,Payload delivery,ssdeep,96:jjppekxq8pVFawTH9o2nTv71vzhHtsIZhgRoF6R+:jjppvguFaA9o2nbdhNsIrgKF6R+,
2024-02-01,Other,size-in-bytes,4215,
2024-02-01,Payload delivery,mime-type,application/json,
2024-02-01,Payload delivery,md5,d6e4b37b331961a01f0286ab7bc653cc,Malware payload
2024-02-01,Payload delivery,sha256,884e6d85043658429843c9582da1763ff2aca69c53dbb8527e0e8bec207e21c9,Malware payload
2024-02-01,Payload delivery,tlsh,t15791636a26095db9cb94a6d3d4803ad7876e0053e1a4de28e4bd8f08e1ff1f10276a,
2024-02-01,Payload delivery,ssdeep,48:YxY6w2dlpkofn16Ru+FvDF4w0NhtXpk2Kp9Wo6sUHs1vFbvKzRteU3wxioorbjev:WpkocRtxYyH97Ss1vdTHWjeH9x,
2024-02-01,Other,size-in-bytes,4403,
2024-02-01,Payload delivery,mime-type,application/json,
2024-02-01,Payload delivery,md5,f4ef098abbbb92ee108d68749d3d104b,Malware payload
2024-02-01,Payload delivery,sha256,6053db472f1690448076102a0fcfdc4c039e4fc888f1f5871af5529a42947c98,Malware payload
2024-02-01,Payload delivery,tlsh,t1e1533b09b3c79761ce555ab480d7e46103f6a7872a73d68e3d800ad65f22bf1ce43b,
2024-02-01,Payload delivery,imphash,f34d5f2d4577ed6d9ceec516c1f5a744,
2024-02-01,Payload delivery,ssdeep,768:F3RuA8/1SMyv1fa6xm1rB++tf6LqmXoEUUGwSJJw7ma3eYEkONQbDiTVP2feM:fKf+CKm1rB++x+oEcU6a3PlDbYjM,
2024-02-01,Other,size-in-bytes,63488,
2024-02-01,Payload delivery,mime-type,application/x-dosexec,
2024-02-01,Payload delivery,md5,8b4cc30d28350f5668b72cf33a4c51a4,Malware payload
2024-02-01,Payload delivery,sha256,764191fc2ad10427de7818b61994d336b4a968022d755c4160a4979af6a2ac15,Malware payload
2024-02-01,Payload delivery,tlsh,t192a1855f31161cbc851487ea98e13e9b97ad00b3a1d4ac18b8ed5f4ca6fe8f103759,
2024-02-01,Payload delivery,ssdeep,48:Yxg3SPhJSPdqKkY7EbnlUQl2mRifk/n0+aWKSPmDF4w0biYtXDSPGq2Hp9WcseNB:QO1kTaUeuef49VEMG1vHRArepst,
2024-02-01,Other,size-in-bytes,4922,
2024-02-01,Payload delivery,mime-type,application/json,
2024-02-01,Payload delivery,md5,7410fb9d7f404f75d8382a3ea943b65e,Malware payload (Socks5Systemz)
2024-02-01,Payload delivery,sha256,08b01a60ea7a0be1716f5229ec0438b214a0c5cf0b2d18675f1b84cc985c78ce,Malware payload (Socks5Systemz)
2024-02-01,Payload delivery,tlsh,t11776337e64168074e162daf08f7ce87a9f2ef7b55a30a823f126de3c1754c9838168,
2024-02-01,Payload delivery,imphash,884310b1928934402ea6fec1dbd3cf5e,
2024-02-01,Payload delivery,ssdeep,98304:NvWWL8hRVMHPFP7lmuCjNy7LCV0IxylRbZUVrsiGpFjyG5XPbWfAm5d8s9wdozD:tWEvFphNSyXiVrjGjyUXPGh5d8s9wiX,
2024-02-01,Other,size-in-bytes,7592089,
2024-02-01,Payload delivery,mime-type,application/x-dosexec,
2024-02-01,Payload delivery,md5,7373c264ae16c810e36e19b5f06ccb68,Malware payload
2024-02-01,Payload delivery,sha256,1bb0f683c3da90396293e6f1d387f094240a86fedb906c99d10faea456fa4292,Malware payload
2024-02-01,Payload delivery,tlsh,t10b91752661541cbe8a28869be0443af35bee05a391d4ec28d4ae9f5ca1ff5f101769,
2024-02-01,Payload delivery,ssdeep,96:zOzOP+km7O8ZlOFKiwTH9DnT71vfihHxisoZ5Dha4+:HPHKT9TTx+RJoDNa3,
2024-02-01,Other,size-in-bytes,4262,
2024-02-01,Payload delivery,mime-type,application/json,
2024-02-01,Payload delivery,md5,ff39825b349736538b150c9a524c1232,Malware payload
2024-02-01,Payload delivery,sha256,482e75f201d5d3d3b579d3472d5db516a3120cbc7c1007865e9955405c2e18e8,Malware payload
2024-02-01,Payload delivery,tlsh,t166a1a6ab51695cbccb14c7c299c93ac793ed015363a8ac18fded6f0c82fe8b142659,
2024-02-01,Payload delivery,ssdeep,48:Yxg3SPhJSPdqKkY7EbnlUQl2Ghpk6nYK+z1DF4w0dM0tXnT2up9WSFo8ZUfi1vAm:QOQkB5KDz9vLEi1vYYYDF8P,
2024-02-01,Other,size-in-bytes,4874,
2024-02-01,Payload delivery,mime-type,application/json,
2024-02-01,Payload delivery,md5,858c8921fd045dd5a185cd2135d30ee2,Malware payload (Amadey)
2024-02-01,Payload delivery,sha256,a8b8c5af5a81e7539039bcde6c80428717724bfa84b8f081af4a91f530150b9a,Malware payload (Amadey)
2024-02-01,Payload delivery,tlsh,t1d8b35c217591c472d6ad0a791874abb1cb3eb910df745deb37940a7aae302c29f30d,
2024-02-01,Payload delivery,imphash,61d6334c6ae4948c906d9fa7fdf019fa,
2024-02-01,Payload delivery,ssdeep,3072:G4uSD+ZwruS0bGYuZRtasSVh/QbIegRQod4l:VuTiabruZR8J1lD4l,
2024-02-01,Other,size-in-bytes,112128,
2024-02-01,Payload delivery,mime-type,application/x-dosexec,
2024-02-01,Payload delivery,md5,a1fbee549a00971cece863265a7403aa,Malware payload (Amadey)
2024-02-01,Payload delivery,sha256,d79b3d620f65afb01eaf106d7c355f6bc47f9da173d39bab17091dcf05a792c0,Malware payload (Amadey)
2024-02-01,Payload delivery,tlsh,t1c4557c0fa26541bcd4bbe1789a135947e775700603709aeb07e446aa3f53bf1aebe3,
2024-02-01,Payload delivery,imphash,3eb70f83441fc8632e81bd6eb89f424d,
2024-02-01,Payload delivery,ssdeep,24576:yvkQL6YY4wMPSYZofkf0Gh6Pi41+a9uyP5dgg3x+yC7:ysMPSYcS5wPi095Pbgux,
2024-02-01,Other,size-in-bytes,1285632,
2024-02-01,Payload delivery,mime-type,application/x-dosexec,
2024-02-01,Payload delivery,md5,b80935dd0a1b154321633a1c736cec97,Malware payload
2024-02-01,Payload delivery,sha256,125bb7c519f58b9e97e922fed9a8ec4d22ba2b16d7c4eb626337338067181ac6,Malware payload
2024-02-01,Payload delivery,tlsh,t15591526629385d7cc758c5ca88fc3d4f567e005bf1649c14a6dd8e0ae2ff1f187a61,
2024-02-01,Payload delivery,ssdeep,96:eyKrkYOhDH5R0DWfrfT594ds1Y7g1vUreHTMsgiFEHIUJeR:eyKQThr5RIWfrt94ds1Y7FrezMsgiFEA,
2024-02-01,Other,size-in-bytes,4614,
2024-02-01,Payload delivery,mime-type,application/json,
2024-02-01,Payload delivery,md5,40658fcc3d4358c91e7a3c01116d7aff,Malware payload
2024-02-01,Payload delivery,sha256,463db6d666ee1afc3c52bc18e156f19ec7f202e8b72bead349ec046b9b0b15a7,Malware payload
2024-02-01,Payload delivery,tlsh,t13f91a5b716280cbc8a2487d7a5943bd7567f4167e0c4ad68b9bc8f0ce0fe1b60136b,
2024-02-01,Payload delivery,ssdeep,96:YAvwlgkvQISnya0o9HT2FJ1vltPBi/fGrnE:YAvaXo9z2FBi/fGbE,
2024-02-01,Other,size-in-bytes,4339,
2024-02-01,Payload delivery,mime-type,application/json,
2024-02-01,Payload delivery,md5,2ca1a41c8b31912f294155cc6d163554,Malware payload
2024-02-01,Payload delivery,sha256,3f7d8ad5613fbb42d8473aa94d55707659ce41f4df2def482fbd68cd8e8c170e,Malware payload
2024-02-01,Payload delivery,tlsh,t168928f35a8a1641b403bd8f9356fa28df82194078c4749a4b11f412dcbf6e934baff,
2024-02-01,Payload delivery,ssdeep,384:OftrMf+F0e0H3nT2W6E45wse5QjuFwgzxdaqlU4:tIn0H3nTh6tOseQZgraqb,
2024-02-01,Other,size-in-bytes,19559,
2024-02-01,Payload delivery,mime-type,text/html,
2024-02-01,Payload delivery,md5,9038e34b605a4d6b16a2b59e267d0e39,Malware payload (RiseProStealer)
2024-02-01,Payload delivery,sha256,45c6a68b8d39e55ecf3b5fee641c0ba299be8c71a78c5dea87be0884cc7fc4e4,Malware payload (RiseProStealer)
2024-02-01,Payload delivery,tlsh,t1b345337dd32ea35ce2b44470259e65c1ce49759cc78e262baf4f66c108900ee6367f,
2024-02-01,Payload delivery,imphash,5ab723dc8d5af21b79dc301ed6a56a64,
2024-02-01,Payload delivery,ssdeep,24576:rKpyExSBfbzW0d/zllcwQmN2K3yWds0JkKyVsVMHhJrMcVoumD9BrZ:rKp/w17zlmlDadsL6VchJ4cwX,
2024-02-01,Other,size-in-bytes,1195520,
2024-02-01,Payload delivery,mime-type,application/x-dosexec,
2024-02-01,Payload delivery,md5,69cd4bb54084d6cea987a843b227edb6,Malware payload
2024-02-01,Payload delivery,sha256,e2190740d36d07a22195624026d40ad98ce272201cc2ac22998feef9c1959044,Malware payload
2024-02-01,Payload delivery,tlsh,t180a1b5ab32550cbc86248be695e53e8b47ad0163a098ec18f4ed4f4c85ff8f5037a9,
2024-02-01,Payload delivery,ssdeep,48:Yxg3SPhJSPdqKkY7EbnlUQl2ckRifk/n0+aW/bDF4w0biYtX8rG2xp9WoKsYUxGI:QOmkTakuNe9yMG1vbDA1mauk,
2024-02-01,Other,size-in-bytes,4953,
2024-02-01,Payload delivery,mime-type,application/json,
2024-02-01,Payload delivery,md5,83b0eae1ce777e8ff772c847e85dafdc,Malware payload
2024-02-01,Payload delivery,sha256,51436962b38c7dd44d1c4d2ebaeb92517a03ffa69252955c2e1bd6c737ab4498,Malware payload
2024-02-01,Payload delivery,tlsh,t160b533d3fa7653d9f403dbf8961d2799427bae239e2a22540200ffda037d2729295f,
2024-02-01,Payload delivery,imphash,baa93d47220682c04d92f7797d9224ce,
2024-02-01,Payload delivery,ssdeep,49152:3nXuDhaN5JZAUkgevWBnhLPmPSxqApKE6bmwKK:OlaN5wUGvsRmPoquET,
2024-02-01,Other,size-in-bytes,2340352,
2024-02-01,Payload delivery,mime-type,application/x-dosexec,
2024-02-01,Payload delivery,md5,b0902ca6448281be5fb0b02307cb0eae,Malware payload
2024-02-01,Payload delivery,sha256,99ca08119a829227b7624aca1977082389af2c1a1f451cfff3f37099ed44d225,Malware payload
2024-02-01,Payload delivery,tlsh,t171a1b55b36650cbcc624c7ea94e23e8757ad0073a1d4ec14a8ac5f5c95ee8f1437ea,
2024-02-01,Payload delivery,ssdeep,48:Yxg3SPhJSPdqKkY7EbnlUQl2uRifk/n0+aWblFDF4w0biYtXqlNBT2Hp9Wt0mUxW:QOZkTaGuIT49YMG1veKA2XX,
2024-02-01,Other,size-in-bytes,4832,
2024-02-01,Payload delivery,mime-type,application/json,
2024-02-01,Payload delivery,md5,5edcf593ec1ed97f0da6045cf663dda7,Malware payload
2024-02-01,Payload delivery,sha256,3fcb3c2da9b85a74e28a38c9951fd3c1230ca2a2b8ad56b36137fd96b96906ad,Malware payload
2024-02-01,Payload delivery,tlsh,t15391b7b7161c0cbc862487d7a9503bd796bf4167e0849d58b9b88f0ce0fe1f60136a,
2024-02-01,Payload delivery,ssdeep,96:YAvwlgskvQISnya0o9HT2FJ1vltPBi9KfywnE:YAvXFXo9z2FBi9KaAE,
2024-02-01,Other,size-in-bytes,4339,
2024-02-01,Payload delivery,mime-type,application/json,
2024-02-01,Payload delivery,md5,6c690e48932f4ec59e62b6b13d245ee7,Malware payload
2024-02-01,Payload delivery,sha256,9fb3281a0b7d013346d3fe42b072cf723d96d0c534d64dc0a6b7737d84b85fc4,Malware payload
2024-02-01,Payload delivery,tlsh,t1df41cb7dcf29f8e0037db1a088492e2620949e57d6b58e34d9574ee62d7c20acf2b1,
2024-02-01,Payload delivery,ssdeep,48:LGfEFWuJqs9HZNjd+SfprcKyK0hE6S1FtfsC5P3RX5ZWiaoIhSNtq:LGfEFW87jd+Sfpbaq6S1FtfsC5P39Efb,
2024-02-01,Other,size-in-bytes,2219,
2024-02-01,Payload delivery,mime-type,text/plain,
2024-02-01,Payload delivery,md5,7d1d51f4ca408c410836ecc43736e0fb,Malware payload
2024-02-01,Payload delivery,sha256,f5f4d738c275d0389713a0ae2bec8cdacc79315c4d97f9b832b9d6bb382b30db,Malware payload
2024-02-01,Payload delivery,tlsh,t1c791326625385c7cc758c4c694fc3d8e567e105bf1649c14a5de8e0ae2ff1f183a65,
2024-02-01,Payload delivery,ssdeep,96:eyhPrkYOhDH5R0DWfrfT594ds1Y7g1vUreHTMsgiFEiFcrcJeR:eyhPQThr5RIWfrt94ds1Y7FrezMsgiFK,
2024-02-01,Other,size-in-bytes,4614,
2024-02-01,Payload delivery,mime-type,application/json,
2024-02-01,Payload delivery,md5,4492087d3e353738149684e795806bb4,Malware payload
2024-02-01,Payload delivery,sha256,4ca4ddef392c4104706ad94219f1cc4dadad99e4388ce1ff8f232a61814317a4,Malware payload
2024-02-01,Payload delivery,tlsh,t16791649a36085dbcc65496d3e8443ad7876e1093b198dd2ce4fd9f08e1ef1f04276e,
2024-02-01,Payload delivery,ssdeep,48:YxY6wXdlpkofn16Ru+FzvDFU0NhtXN3rm/2xp9WhHp6Y2UHs1vhmObvK3moRteUk:PpkocRtp9hEA9Sr2Ss1vhPMeHL2Mprx,
2024-02-01,Other,size-in-bytes,4273,
2024-02-01,Payload delivery,mime-type,application/json,
2024-02-01,Payload delivery,md5,6922e8ab7daf860f467486f23ea5daac,Malware payload
2024-02-01,Payload delivery,sha256,287bdd3b2819da2b126d8eb15d0aebc4dbe1c705d324339df0a5985fb0b77b1c,Malware payload
2024-02-01,Payload delivery,tlsh,t13891843661141cbe8a2886dbe4443af35bee05a391d4ec28d4be9f5ca1ff6f101765,
2024-02-01,Payload delivery,ssdeep,96:zOzO0+km7O8ZlOFKiwTH9DnT71vfihHxisoZ5Xsm4+:8PHKT9TTx+RJoDXT3,
2024-02-01,Other,size-in-bytes,4261,
2024-02-01,Payload delivery,mime-type,application/json,
2024-02-01,Payload delivery,md5,1323b577ffe811f79892a99c3bd4066c,Malware payload (Gafgyt)
2024-02-01,Payload delivery,sha256,51047bb6cd106557e83a0f3804d7c5cf35d5c7605631636e10de570ca25adc6e,Malware payload (Gafgyt)
2024-02-01,Payload delivery,tlsh,t1bfb31845f8408727c2d327bae78f479d3b36579467db33116a38beb42bc17892a295,
2024-02-01,Payload delivery,ssdeep,3072:MSY+46m1qOzssGFPPKNy+AmkZrQAhPDCXFke:06mgOzJGFPzmkZrQAhPDCXFke,
2024-02-01,Other,size-in-bytes,108417,
2024-02-01,Payload delivery,mime-type,application/x-executable,
2024-02-01,Payload delivery,md5,477bf5d3deeb55656f94b3863de6af9a,Malware payload (Gafgyt)
2024-02-01,Payload delivery,sha256,1ffc76edb574236b551d617fc830d701383e5865b343862c888d6ab645ed62c5,Malware payload (Gafgyt)
2024-02-01,Payload delivery,tlsh,t19ec3845a6761ceb7e85ece3b0699460110cd9d4a02dd6f2fb2b0f61ce3ab88e45d3d,
2024-02-01,Payload delivery,ssdeep,1536:yqSIeTAr/ZDae/NfeKOpyzLZ3UX1y6wo7I/dzXj+vg8:yw//feKOp4LrKqdzT8,
2024-02-01,Other,size-in-bytes,119167,
2024-02-01,Payload delivery,mime-type,application/x-executable,
2024-02-01,Payload delivery,md5,45266439a75b551d3458430783860ec4,Malware payload
2024-02-01,Payload delivery,sha256,025e47b653377038c50d5f181e111581520cf2d9a5adf1e93c76862d3d328eef,Malware payload
2024-02-01,Payload delivery,tlsh,t147a194ab15695c7ccb14c7c695c93a8797ed015363a8ec18fdac6f0c82ef8b143259,
2024-02-01,Payload delivery,ssdeep,48:Yxg3SPhJSPdqKkY7EbnlUQl2uhpk6nYK+z1DF4w0dM0tXnT2up9WSFo8ZUfi1vAm:QOckB5KDz9vLEi1vYYYQVP,
2024-02-01,Other,size-in-bytes,4874,
2024-02-01,Payload delivery,mime-type,application/json,
2024-02-01,Payload delivery,md5,176a9487e55e365401d88547dbe454f5,Malware payload
2024-02-01,Payload delivery,sha256,396640d2ca81c05bbe7e5cc46ff4c3278aec90b7a956f765ceac628a927f6a3f,Malware payload
2024-02-01,Payload delivery,tlsh,t117a197a725795cbcc724c7c695963e8367ed005763a4ac14acac5f0c91ff8b1426aa,
2024-02-01,Payload delivery,ssdeep,48:Yxg3SPhJSPdqKkY7EbnlUQl2jhpk6nYK+zMlFDF4w0dM0tXqlNjT2up9WMTv0mUY:QO1kB6KoTz9DEi1vgQYetz5P,
2024-02-01,Other,size-in-bytes,4850,
2024-02-01,Payload delivery,mime-type,application/json,
2024-02-01,Payload delivery,md5,64520af5d5b42d7eb4d243f04d39624e,Malware payload (Gafgyt)
2024-02-01,Payload delivery,sha256,4724d2e60926509e912299ea3a088c959d9a4e6d803e6a2281566e07d1b5934a,Malware payload (Gafgyt)
2024-02-01,Payload delivery,tlsh,t11c833b47e9a19fb7c0866a7565ab5e300b13e9912b4f1a4a303ca7f8434f4cd790ef,
2024-02-01,Payload delivery,ssdeep,1536:ClN9YyOXmMSr4k9dgGwKGg0CfjGJCFdojMyTRLmkxVqOEeofzee:g7OXmMSr4krG3JyBQLmkxVqODofzee,
2024-02-01,Other,size-in-bytes,88733,
2024-02-01,Payload delivery,mime-type,application/x-executable,
2024-02-01,Payload delivery,md5,2af721c5e774f6ae934b33af27623b80,Malware payload (Gafgyt)
2024-02-01,Payload delivery,sha256,13cfdac35919a72f237ceb669a06ffc4cdb7150d5f91e1ee87b26f1d95b58197,Malware payload (Gafgyt)
2024-02-01,Payload delivery,tlsh,t109732a49e552c6f7c4821bb1039bbaee0766fd394e7a9e48f7083cb49b724d439293,
2024-02-01,Payload delivery,ssdeep,1536:xyq93lguLYiPvoVjRWSbXJ0rWlC/kPstVkYFUw23fQW83LZ5:p3KwYiPvoVjRWSbLQ/kPstVkZw2IN,
2024-02-01,Other,size-in-bytes,75580,
2024-02-01,Payload delivery,mime-type,application/x-executable,
2024-02-01,Payload delivery,md5,0cb3d1b15c5e69a5c08b448d66e15cb5,Malware payload (Gafgyt)
2024-02-01,Payload delivery,sha256,27e0d8fdc329fd15fcb20b6e12ddf0230c7e16d59e69c0704cc2e6bdaacc0bfb,Malware payload (Gafgyt)
2024-02-01,Payload delivery,tlsh,t1b8735c466280d6f7d18316f1069bafa8033afd3a1abbee45f3587cf48b7108479257,
2024-02-01,Payload delivery,ssdeep,1536:884LwP6yastO49zyje4MkJLwDnOD8J52rf3BstzWT/O/s4w2U59RLZ5:88x6R+x9zyje4MkJLwDnOD8mrfRSzO/1,
2024-02-01,Other,size-in-bytes,74492,
2024-02-01,Payload delivery,mime-type,application/x-executable,
2024-02-01,Payload delivery,md5,717528911407e33f3c1c0f7050cecb79,Malware payload (Gafgyt)
2024-02-01,Payload delivery,sha256,c4c95b9c47304763cbd79445bc90f21d10635baef7df882ec34a70c34c312951,Malware payload (Gafgyt)
2024-02-01,Payload delivery,tlsh,t1a983182b9251c1bec08346b52adf9961ac73bc3a0b3661057395be6c3f36cdc5e993,
2024-02-01,Payload delivery,ssdeep,1536:qvu1gtrMtjWqtgI6kev6mJgyPyp6z7m4fkr6iLHzEYwOHkIpHqJRU:qW1gHqWLDv6gPyu7zCDLHzEYwOEIp,
2024-02-01,Other,size-in-bytes,88523,
2024-02-01,Payload delivery,mime-type,application/x-executable,
2024-02-01,Payload delivery,md5,c95dcdc2a1cfd782b74e6023f66d8610,Malware payload (Gafgyt)
2024-02-01,Payload delivery,sha256,0a0a69cb0d3aad52c228d58880ed2925413c6fcc6723a88e5f18051f1f12cc55,Malware payload (Gafgyt)
2024-02-01,Payload delivery,tlsh,t157a31a44f841872bc3d327bbe78e479d3b36569467db33116a386eb42bc17c92e295,
2024-02-01,Payload delivery,ssdeep,3072:VSx+i6mqaObhNvnPNKV+qKmZuqQ4DPwXXtse:y6mRObnvnP7qKmZuqQ4DPwXXtse,
2024-02-01,Other,size-in-bytes,100871,
2024-02-01,Payload delivery,mime-type,application/x-executable,
2024-02-01,Payload delivery,md5,8afdfcc474744c9e032498e474fcb538,Malware payload (Gafgyt)
2024-02-01,Payload delivery,sha256,9fc9da2329ad4a60a246b43b1870e2fdac0bbdc2a064acf39a6c5207322ba2be,Malware payload (Gafgyt)
2024-02-01,Payload delivery,tlsh,t1a0b30805d9905737c2d23bbef79a82ce73221f98979733118a287af41be5b9d1d391,
2024-02-01,Payload delivery,ssdeep,3072:t6z1WqLgV4ZQGBcD3i/lMpaLhmVAw/i4uDavYvUxglryYlGg+pS34J2W:mJDavYvUoGg++4Jn,
2024-02-01,Other,size-in-bytes,117425,
2024-02-01,Payload delivery,mime-type,application/x-executable,
2024-02-01,Payload delivery,md5,421489ad2524dbcdf88ae9f77534a01d,Malware payload
2024-02-01,Payload delivery,sha256,d6a950f01e1b4d599d9a5af7cbd22c288c4068dbe6541b63071a07601d9da955,Malware payload
2024-02-01,Payload delivery,tlsh,t1a0a184eb65691cbcca19c7c294d93b8797fc011352a4ec24a8ac6b0cd3ff87143669,
2024-02-01,Payload delivery,ssdeep,48:Yxg3SPhJSPdqKkY7EbnlUQl21Phpk6nYK+z1DF4w0dM0tXnGbZ2up9WSgyUfi1vD:QO7kBhKWbZz9BEi1vUb8pbbYWiOP,
2024-02-01,Other,size-in-bytes,5023,
2024-02-01,Payload delivery,mime-type,application/json,
2024-02-01,Payload delivery,md5,970378647df3b67b9fc57f6748bd961e,Malware payload (Gafgyt)
2024-02-01,Payload delivery,sha256,3ead29c5a6f623353261ed61937985c6f3c8d9393bbcb04d27459e6d408ddae2,Malware payload (Gafgyt)
2024-02-01,Payload delivery,tlsh,t10f83294754a25fb7d0466ab92dbb45b0075bae510f0f1a9b726cb6b4033f8cdb40e7,
2024-02-01,Payload delivery,ssdeep,1536:/qGjhXi22MnBFffCNz0l8ElKZpMb7vKOX7oCj7iQHUJa:SGsQ3feZwvKgoY7D,
2024-02-01,Other,size-in-bytes,82844,
2024-02-01,Payload delivery,mime-type,application/x-executable,
2024-02-01,Payload delivery,md5,d764232605cd00b6148c8f6b6afab964,Malware payload (Gafgyt)
2024-02-01,Payload delivery,sha256,b75373527acf06a46f8296ce69d550d364aa5d2f1056c123c71fe932198f4f66,Malware payload (Gafgyt)
2024-02-01,Payload delivery,tlsh,t132c3842e7e12bfbee668863107f35f70879521d227a19382f26cd6181e7128d1c5fb,
2024-02-01,Payload delivery,ssdeep,1536:M7je1TMGq+f+AQ2rK7zeXeReXe8V2rK7Ie+u60GAzQj1l72HBeiEdWfRZrmW+IFj:Ted0W0MZQHYd6RZrmW+IFB1Dt1hR/,
2024-02-01,Other,size-in-bytes,125962,
2024-02-01,Payload delivery,mime-type,application/x-executable,
2024-02-01,Payload delivery,md5,48dcd5cdb6ff2c013855eb45f9e2675f,Malware payload (Gafgyt)
2024-02-01,Payload delivery,sha256,260cd654a3c904754110840473346425c20f14c0c6f9d049900eb037cd394823,Malware payload (Gafgyt)
2024-02-01,Payload delivery,tlsh,t1f1a30896f900dfb7f40ae67604d34b24b670bbe14e532622731739a6ae762d43823f,
2024-02-01,Payload delivery,ssdeep,3072:nkrWBIvC/IymEdH8ffo6OKmuxVqDr78fz1e:nkrWBIrym+846OKmuxVqDr78fz1e,
2024-02-01,Other,size-in-bytes,98919,
2024-02-01,Payload delivery,mime-type,application/x-executable,
2024-02-01,Payload delivery,md5,cda7d115a2229566009c8b026cbfc642,Malware payload (Gafgyt)
2024-02-01,Payload delivery,sha256,a91024af831ed1d33b5bfc89fb2aeded41ffa0588a87d99df32832f0f01398b9,Malware payload (Gafgyt)
2024-02-01,Payload delivery,tlsh,t1e693c604ed506737c2d23bfaf79a42ce77351f986b97334196283af41be5b9829391,
2024-02-01,Payload delivery,ssdeep,1536:9hqXHwbRuW1i4sB9xQMOvA9dHB1WoAgqWhQOaFiQV0B+xh0P37bjNaukwB33qjHH:mwbRuW1i4sB9xQMOvA9dHB1WoAgqWhQF,
2024-02-01,Other,size-in-bytes,95145,
2024-02-01,Payload delivery,mime-type,application/x-executable,
2024-02-01,Payload delivery,md5,fa22ecd52779ecdb3d63fedd52e79c6d,Malware payload (Gafgyt)
2024-02-01,Payload delivery,sha256,3d364c6cb391468e33366ec5c46a7706a8b00730d3e2147f2229ee33846f6e2c,Malware payload (Gafgyt)
2024-02-01,Payload delivery,tlsh,t1e3c3766a3e51bbbee5a8873107f35f70c399299226a1d781e26cfa185f7128c1c5f3,
2024-02-01,Payload delivery,ssdeep,1536:fVNy7K0v/VkKnGVI8kh/NdRkVGnYQr/2rKIPFna/uYe7eal4AD/QNO5e+vg8:Knyiz4a/uYeP4gFI8,
2024-02-01,Other,size-in-bytes,119167,
2024-02-01,Payload delivery,mime-type,application/x-executable,
2024-02-01,Payload delivery,md5,40f277630dc32f3fbc8514e2a7c674ad,Malware payload (Gafgyt)
2024-02-01,Payload delivery,sha256,1eb7cb56ba0a6ca38c20964270eec4a2cbc5ad098809b0922743149edba54c53,Malware payload (Gafgyt)
2024-02-01,Payload delivery,tlsh,t16df34905e6408b57c1e2277ae6cf824d33338b94a3eb33155938abf43fc27995e269,
2024-02-01,Payload delivery,ssdeep,3072:T1g2/eINNlzx2kkQCMOaQcvB5YnyLRM/9q3tmFwfBxKQodn:hg2hNNlzIkk/MOa/LYnydM/9MmFwfBxE,
2024-02-01,Other,size-in-bytes,159888,
2024-02-01,Payload delivery,mime-type,application/x-executable,
2024-02-01,Payload delivery,md5,75058f390a65ebef691bade792c02226,Malware payload
2024-02-01,Payload delivery,sha256,b0cda60c68bd15def6a5a1da07d36abbbf5456763af5b71b6677986f241e6583,Malware payload
2024-02-01,Payload delivery,tlsh,t14ea1b6ab31550cbc86248bea95e53e4b47ad0163b194ec28f4ed4f4c85ff8f6037a9,
2024-02-01,Payload delivery,ssdeep,48:Yxg3SPhJSPdqKkY7EbnlUQl2IRifk/n0+aW/bDF4w0biYtX8rG2xp9WoKsYUxG1T:QO7kTakuNe9yMG1vbDAaXgFEuP4,
2024-02-01,Other,size-in-bytes,4953,
2024-02-01,Payload delivery,mime-type,application/json,
2024-02-01,Payload delivery,md5,946cf4d884a60a9e0c5379389f0a26e4,Malware payload
2024-02-01,Payload delivery,sha256,b039cd2ad8c89e0f81f8ce15b80987cf482eebca8bbcb36a52747548450c8856,Malware payload
2024-02-01,Payload delivery,tlsh,t16da1d8ab35264c7cca1487ea98e13e8b57ad01b39194ec18b9fd5f4c91fe8f103799,
2024-02-01,Payload delivery,ssdeep,48:Yxg3SPhJSPdqKkY7EbnlUQl28KRifk/n0+aW0DF4w0biYtXnR2Hp9WO8ZUxG1v+t:QOKfkTa1uh49AMG1vSmAW5jeJ,
2024-02-01,Other,size-in-bytes,4856,
2024-02-01,Payload delivery,mime-type,application/json,
2024-02-01,Payload delivery,md5,eba2d21a6cfce69c3cb6ed8a74f3d574,Malware payload
2024-02-01,Payload delivery,sha256,c1f6a67df8cee8424403074eee96d07787e9e0b236aaee2f24e1237903fe5feb,Malware payload
2024-02-01,Payload delivery,tlsh,t1c0b533f06e7376e5e0a79b718bb36d1843535cd3a424aa398288fdd6133e63484e1d,
2024-02-01,Payload delivery,imphash,baa93d47220682c04d92f7797d9224ce,
2024-02-01,Payload delivery,ssdeep,49152:GpfZeigtOJWQPHt76dTu8BFWpYHbf52enuy0/SFaYeBTt/bsIeb:IZecrF+dTlBFWpY7BVqEG/4zb,
2024-02-01,Other,size-in-bytes,2332672,
2024-02-01,Payload delivery,mime-type,application/x-dosexec,
2024-02-01,Payload delivery,md5,a1d98670ded511a80514e8ba1d9ce738,Malware payload (Gafgyt)
2024-02-01,Payload delivery,sha256,7516d426c1545857d181c5066edfc865fda9899c0934a659a9e4e01e8c84c1e3,Malware payload (Gafgyt)
2024-02-01,Payload delivery,tlsh,t1bd931992fd01ef66f00a8a3a45c707246630ff660b932e7173577a669a762c47427f,
2024-02-01,Payload delivery,ssdeep,1536:uQASldb6bQbZA228GL5IhgPoQOUT+0YjWbQw7maM2xkGIHUIN:uQAid+F2OsgQQ3JbQw7m/26,
2024-02-01,Other,size-in-bytes,89377,
2024-02-01,Payload delivery,mime-type,application/x-executable,
2024-02-01,Payload delivery,md5,97ca1dc6ed8d3755092af5b31e691942,Malware payload (Gafgyt)
2024-02-01,Payload delivery,sha256,a6f941ca8fc677396259a63cae4cf37973a7681319573129831b3c6cb4d4fdc8,Malware payload (Gafgyt)
2024-02-01,Payload delivery,tlsh,t121a3b43777270e63c0ca547101eb1331aba9de4438b94bd7a9917da83f36e8834593,
2024-02-01,Payload delivery,ssdeep,1536:qIumRLOB2fHSo958f9tut1UiwbPAjzUI8:9L3SoP8uCAo,
2024-02-01,Other,size-in-bytes,102986,
2024-02-01,Payload delivery,mime-type,application/x-executable,
2024-02-01,Payload delivery,md5,76ae7b696a0f1daa066373d0c1d19018,Malware payload (Gafgyt)
2024-02-01,Payload delivery,sha256,bd7b5ce359588bd717b114be9853f7352659bffec75fd6a5797e6ad6b9c74b95,Malware payload (Gafgyt)
2024-02-01,Payload delivery,tlsh,t17f83095bb61d0babc59b5bb12cb737f19b69ed6002a211c4a10eff9007b29702532f,
2024-02-01,Payload delivery,ssdeep,1536:OhkV/TRBXuWSGixv5TgO07Kq6FUIjUHe4zotwHUIe:WuLZfc5Tl0ObDU5otl,
2024-02-01,Other,size-in-bytes,88583,
2024-02-01,Payload delivery,mime-type,application/x-executable,
2024-02-01,Payload delivery,md5,c9e17467c2194f4a1b9fda310fab8c0f,Malware payload (Gafgyt)
2024-02-01,Payload delivery,sha256,da2a584ad285d8c504737aaf218f1f81e866539a98b9976c4cf6ea06b8863a91,Malware payload (Gafgyt)
2024-02-01,Payload delivery,tlsh,t11a833c02e743c6b3cc830bb2029bae665931bdaa1e269f49f31d7df45b128c47116f,
2024-02-01,Payload delivery,ssdeep,1536:W35b9Vc4N3J6lreu5r4hWj8LwWDloRmF+wVOz+sXcfW7k:Ab9Vc4JJ6liuq0YM2oRmEwVOz+ucfW7k,
2024-02-01,Other,size-in-bytes,84999,
2024-02-01,Payload delivery,mime-type,application/x-executable,
2024-02-01,Payload delivery,md5,95595b433c66e9c50072e6318e41d474,Malware payload (Gafgyt)
2024-02-01,Payload delivery,sha256,82e7e5f82828bc4fa0749f91abd57c8563a555c76ae7176f429c515cef21f4bc,Malware payload (Gafgyt)
2024-02-01,Payload delivery,tlsh,t16b933a47b71c0b53c59b5af12dab3bf08b69b9e113d76185a10aefd00372eb12412f,
2024-02-01,Payload delivery,ssdeep,1536:QQK1n7bzX9jajzvxRq57wBRcGCMCZDxeBk+85l4umXxVqDrstKfz9e:Q97vk51RcG7A7l4umXxVqDrIKfz9e,
2024-02-01,Other,size-in-bytes,93907,
2024-02-01,Payload delivery,mime-type,application/x-executable,
2024-02-01,Payload delivery,md5,dfe2c7a1a0475a689d491a3edbccf26d,Malware payload (Gafgyt)
2024-02-01,Payload delivery,sha256,6af45cb6dd9cf6426f9dc2707c7ed09cd2449888bb69edee134872bd54e4e443,Malware payload (Gafgyt)
2024-02-01,Payload delivery,tlsh,t1fac32805d5508767c2d3237ae79f825d37325ba4a3db33215a34bfb82bc27891e399,
2024-02-01,Payload delivery,ssdeep,3072:ekYPUfsgnsb0J2ag/Vf2kDN0dn+mTQOY5NX3cn:9YPUfsgEo2a02kDy+mTQOY5R3cn,
2024-02-01,Other,size-in-bytes,121007,
2024-02-01,Payload delivery,mime-type,application/x-executable,
2024-02-01,Payload delivery,md5,10aed6ea0c368328456b28ba331f8342,Malware payload (Stealc)
2024-02-01,Payload delivery,sha256,60e4c89ba03c05816e7d0a64db573d571daa6a1d7c1cd0995f1acc691f8d33af,Malware payload (Stealc)
2024-02-01,Payload delivery,tlsh,t11514cf2436f0c076faa74a716970e2a16d3bbcb25f71c18f36581b5f6d222d15b223,
2024-02-01,Payload delivery,imphash,471a0f1afca8daf6a6e12651ef14acd4,
2024-02-01,Payload delivery,ssdeep,3072:pJmSLHTIY5mztfw9DCTvN97iv9RTMqUjCAua6Tp5gUhVn:jmSLsY5+10GB9mv8BjCg6oUh,
2024-02-01,Other,size-in-bytes,192000,
2024-02-01,Payload delivery,mime-type,application/x-dosexec,
2024-02-01,Payload delivery,md5,a27f7a54ae04f85f4100b2599c8b158a,Malware payload
2024-02-01,Payload delivery,sha256,eacc6944a32a14f316314b1398f68c551e55cdf9bc57ddaf39cfa6e121ff8fa5,Malware payload
2024-02-01,Payload delivery,tlsh,t15ea1846732554c7c8b2487ea94f63a6b43ad00b7a494ac24a9ed5f4c91ff8f10276d,
2024-02-01,Payload delivery,ssdeep,48:Yxg3SPhJSPdqKkY7EbnlUQl2t+Rifk/n0+aWHbgDF4w0biYtXcgFi2Hp9WoibUxy:QOrLkTaRug49KMG1v5vAM9yJq,
2024-02-01,Other,size-in-bytes,4770,
2024-02-01,Payload delivery,mime-type,application/json,
2024-02-01,Payload delivery,md5,73b8664ec10412e1eb199c20273b6d41,Malware payload (GCleaner)
2024-02-01,Payload delivery,sha256,02d3bd4e215f03263e3cdf4404b3e861deca7b0d87d25523f30aa00324db4ca5,Malware payload (GCleaner)
2024-02-01,Payload delivery,tlsh,t1aa24d02035e0d076e6f3497549b4c3a16d7fb852ab3a858f72983b1f2d613c25a753,
2024-02-01,Payload delivery,imphash,471a0f1afca8daf6a6e12651ef14acd4,
2024-02-01,Payload delivery,ssdeep,3072:9xHRL1AP6FvKZ9NJzsq3aH3trpenxgnfHKEyQq9O5kdXVn:3HRLKCwZ9NdNC3enxgfDWjdX,
2024-02-01,Other,size-in-bytes,219136,
2024-02-01,Payload delivery,mime-type,application/x-dosexec,
2024-02-01,Payload delivery,md5,6cec76874d87b0f8d8cacafd1801055b,Malware payload (RiseProStealer)
2024-02-01,Payload delivery,sha256,fb1a7be6a140d31a40ee6da01a7e2f5085a2c5a5ff968e2449b707f338a804a5,Malware payload (RiseProStealer)
2024-02-01,Payload delivery,tlsh,t1fa4533fe49067900d63094b13987428713bc6d68b1896611be6f636e5e24fcf3b1fa,
2024-02-01,Payload delivery,imphash,5ab723dc8d5af21b79dc301ed6a56a64,
2024-02-01,Payload delivery,ssdeep,24576:rbD0+cBtfgknyCVM8RhDqMtssFVlwQzyEvOH2NhkinVbtaK:vw+cBtfHy7dgs6l8WNfUK,
2024-02-01,Other,size-in-bytes,1196032,
2024-02-01,Payload delivery,mime-type,application/x-dosexec,
2024-02-01,Payload delivery,md5,dc220b3bd5ec1c227e2c26a321c29398,Malware payload (Stealc)
2024-02-01,Payload delivery,sha256,222416353980cd450c003665ed8b0191a0c365e76d732f205681071cbb3859b8,Malware payload (Stealc)
2024-02-01,Payload delivery,tlsh,t11814bf2539f0c037eaa7493558b4d291693bfcb79b6481cf76982b1f2d222d19b363,
2024-02-01,Payload delivery,imphash,471a0f1afca8daf6a6e12651ef14acd4,
2024-02-01,Payload delivery,ssdeep,3072:2JmSLHTIY5mztfHnfuyhP0DyTSqfsEGz1ChaDhFt5B8+Vn:QmSLsY5+1HnfNhsgfsjzGaDhv8+,
2024-02-01,Other,size-in-bytes,192512,
2024-02-01,Payload delivery,mime-type,application/x-dosexec,
2024-02-01,Payload delivery,md5,8326a4a65723e6224de4170bcbc54117,Malware payload
2024-02-01,Payload delivery,sha256,43885c5a557ddbed37cd4497d7295ae1f5afc0423bec7a640e08d5eb566ed1be,Malware payload
2024-02-01,Payload delivery,tlsh,t1f3533906b3876a64c9541ab480e3842503f7a7473e73d78e3d8517d62e52bf1ce43b,
2024-02-01,Payload delivery,imphash,f34d5f2d4577ed6d9ceec516c1f5a744,
2024-02-01,Payload delivery,ssdeep,1536:PBKdKV54vY1QrYVp1TqeWOe34tmAbVeVUiv/rno:8A42tqeWTo4ie53ro,
2024-02-01,Other,size-in-bytes,62464,
2024-02-01,Payload delivery,mime-type,application/x-dosexec,
2024-02-01,Payload delivery,md5,43a3a12e5638a2c80d97fe51b5366a85,Malware payload (BumbleBee)
2024-02-01,Payload delivery,sha256,727e7c6079f0e84fd58ae8e5b93b33c65760cb3bc3a69dfccd771ef5d6f74d9b,Malware payload (BumbleBee)
2024-02-01,Payload delivery,tlsh,t12445e011e6921ff4d476917680ab292fbb303e584325e377abc0d23b7d927e05b197,
2024-02-01,Payload delivery,imphash,47e01530ad43ec939d1c47709a80a5c6,
2024-02-01,Payload delivery,ssdeep,24576:JRnTYEAEZO+waOunLnSqVPS5kGWymbofA5UygFVvE6LusNO5Qm:aglnGqKmboPv1LusYym,
2024-02-01,Other,size-in-bytes,1223186,
2024-02-01,Payload delivery,mime-type,application/x-dosexec,
2024-02-01,Payload delivery,md5,f20340e1932e8b7f7c09d81dbfd7a297,Malware payload
2024-02-01,Payload delivery,sha256,dd789dacc3d6ffe987e1a6ec01f527869a95b1376bde3673b980099e30ff0697,Malware payload
2024-02-01,Payload delivery,tlsh,t1b0b533f192b069b0e1afabba913e5fe751a31c470479d0252791f89ec77e93198e2c,
2024-02-01,Payload delivery,imphash,baa93d47220682c04d92f7797d9224ce,
2024-02-01,Payload delivery,ssdeep,49152:6wwNa9T9hya6Ra5sFZDjwhSfEFT/YW/uTmPZhqg9yRX6fcQ3RNzJaV:48Ia6Ra6FaVYW/uTm68yV6fJ3RNzJm,
2024-02-01,Other,size-in-bytes,2346496,
2024-02-01,Payload delivery,mime-type,application/x-dosexec,
2024-02-01,Payload delivery,md5,a5173b9c69a97a99144964a7c12282f8,Malware payload (RiseProStealer)
2024-02-01,Payload delivery,sha256,7ce8f986947b107a08d54393080aba4e7bcfefbbf7d21cf6be4a61dbecf49402,Malware payload (RiseProStealer)
2024-02-01,Payload delivery,tlsh,t15e4533fea60f7022d52862724541028e2dbefa6c7b4a957395ef031a01e61ce434fd,
2024-02-01,Payload delivery,imphash,5ab723dc8d5af21b79dc301ed6a56a64,
2024-02-01,Payload delivery,ssdeep,24576:u93xfFijOYqWLa9iZzFdwQuyEvOE7DZXzGkLjgqs:2hf0qWG92zHl9EZSkR,
2024-02-01,Other,size-in-bytes,1195520,
2024-02-01,Payload delivery,mime-type,application/x-dosexec,
2024-02-01,Payload delivery,md5,75f3d59a42ca28bcf287a3be72d6088b,Malware payload
2024-02-01,Payload delivery,sha256,f8c0e17e1be5df2552b8f6d2f8f8dfffb600cb3a75fb0f8afe5fc43c519b51d3,Malware payload
2024-02-01,Payload delivery,tlsh,t1b7a198ab11641cbdc714cbd255d93a4787ed0113a2a8ad18fced5f0c82ff4b603669,
2024-02-01,Payload delivery,ssdeep,48:Yxg3SPhJSPdqKkY7EbnlUQl2Whpk6nYK+zebDF4w0dM0tX8r82bp9WG9sYUfi1v9:QOokBAKpg9nEi1v1/Y9qP,
2024-02-01,Other,size-in-bytes,4971,
2024-02-01,Payload delivery,mime-type,application/json,
2024-02-01,Payload delivery,md5,c3143a72747f69db15797e45d00ecf8d,Malware payload
2024-02-01,Payload delivery,sha256,8807d0d0557237727c77834b8698fc8c018a24acaa31d932f714451aff896272,Malware payload
2024-02-01,Payload delivery,tlsh,t168917426251c0cbdc7394b92a05c7a976bae027790c4fd2888bd9f0ca5ff2f141b69,
2024-02-01,Payload delivery,ssdeep,96:jj3ekxq8pVFawTH9o2nTv71vzhHtsIZhR5z+E1R+:jj3vguFaA9o2nbdhNsIrRUE1R+,
2024-02-01,Other,size-in-bytes,4225,
2024-02-01,Payload delivery,mime-type,application/json,
2024-02-01,Payload delivery,md5,c8e76fb2928e8cd4ce15fbb46b22c844,Malware payload
2024-02-01,Payload delivery,sha256,b5b39bdbed7b90196d5ca82ace5f6a9f85a3344244e19a497ad086d0e9d2b0ed,Malware payload
2024-02-01,Payload delivery,tlsh,t154a3d81e6e558fadf269c33447b74e31a79833c62be1d641e1acd6001e6038d685ff,
2024-02-01,Payload delivery,ssdeep,1536:P0XnAjY0FoL2A87RxL+tdbfWW5u+H9e7VHyRi3amS:CnP0FoyA8nLedbfWWk+NRiKmS,
2024-02-01,Other,size-in-bytes,105876,
2024-02-01,Payload delivery,mime-type,application/x-executable,
2024-02-01,Payload delivery,md5,45e51f32199f1b27b87ef5bdc556c57f,Malware payload
2024-02-01,Payload delivery,sha256,accfba033c1ab2e709d28ce19a91bf4071dbcd64f1d7e29c99640bf70dace9c9,Malware payload
2024-02-01,Payload delivery,tlsh,t13a734a41bc815a13c6c112bbfb2e428d372663b8d2ef7207dd259f21378a96b0e776,
2024-02-01,Payload delivery,ssdeep,1536:c8cN/D6BHRrO5fPjIwXCCa+u1TNQjj29frZKvTUk:fcNWkfPXCCa+u1Q4YT/,
2024-02-01,Other,size-in-bytes,80552,
2024-02-01,Payload delivery,mime-type,application/x-executable,
2024-02-01,Payload delivery,md5,dcc24ffe4f29edf3dfef4201749b600a,Malware payload
2024-02-01,Payload delivery,sha256,5d48ba56aaadfab63358c3bddfb9ac4bc517094d304dfcaff87e450c8363368f,Malware payload
2024-02-01,Payload delivery,tlsh,t15791a5b7162c4c6cca2487d795503b9756bf4167e084aea8b9b88f08e0fe1f51137a,
2024-02-01,Payload delivery,ssdeep,48:Yx5AvwlYYwOXKbsJkmnh+0DFU0omOtXxR23p9WtY2UKJ1vybaKqRrC3wxioiw+aF:YAvwldVkv0S7U9/2FJ1vu8iTaQTE,
2024-02-01,Other,size-in-bytes,4333,
2024-02-01,Payload delivery,mime-type,application/json,
2024-02-01,Payload delivery,md5,f7abd215da1fbb96485a589cca495bbc,Malware payload
2024-02-01,Payload delivery,sha256,d0a88dc834458bee3a1cb95366b2de59483f0940f58aa7b08d87199df6abe345,Malware payload
2024-02-01,Payload delivery,tlsh,t193a1b89712685cbccb14c7c744da3aab87ed0053a2a4ac24eded5f0c91ff8b50266d,
2024-02-01,Payload delivery,ssdeep,48:Yxg3SPhJSPdqKkY7EbnlUQl2Shpk6nYK+zobgDF4w0dM0tXcg/i2up9WXibUfi16:QOgkBtKCz93Ei1vnfYC0IaP,
2024-02-01,Other,size-in-bytes,4788,
2024-02-01,Payload delivery,mime-type,application/json,
2024-02-01,Payload delivery,md5,596abef523ab2235766a94882f0b8650,Malware payload
2024-02-01,Payload delivery,sha256,23045caa62f8801372f40ffd868a4b32b23cfe1309fa63d5ed4ed85065a1ca61,Malware payload
2024-02-01,Payload delivery,tlsh,t1a091617622080c7d863482d6b4597ad367be0267a0d4ac28a8bd4f0cf6ef1f205b69,
2024-02-01,Payload delivery,ssdeep,48:YxCgt2fbZkvnY+Cs+DF4w0nltXPSjeUT2Gp9WnTUd81vdE7b/KcRezbC3wxioorI:bbZknCs+w/05TH9I681vdEHAbpZcNE0O,
2024-02-01,Other,size-in-bytes,4238,
2024-02-01,Payload delivery,mime-type,application/json,
2024-02-01,Payload delivery,md5,3b2a945d67a142446a631227174aaac2,Malware payload
2024-02-01,Payload delivery,sha256,b0e57c247c61d10e213c8a96eb8874bdd5f933c7560c5eb5973aa0fee27dfe74,Malware payload
2024-02-01,Payload delivery,tlsh,t175a1849f61692cbc8a14c7d659d53e8797ed0053a398bc18bced5f0c92fe8a103659,
2024-02-01,Payload delivery,ssdeep,48:Yxg3SPhJSPdqKkY7EbnlUQl2Phpk6nYK+z9SPmDF4w0dM0tXDSPGo2up9WvseNEY:QOVkBIeKezz9EEEi1vZhYFNHdP,
2024-02-01,Other,size-in-bytes,4950,
2024-02-01,Payload delivery,mime-type,application/json,
2024-02-01,Payload delivery,md5,685f3adde4c73ddf1eb356397dc5a9b0,Malware payload (GCleaner)
2024-02-01,Payload delivery,sha256,8796dc4ed36f9baa0c7a2cd0308b16ba138b0e18224259f7ef553ad6f07e97e1,Malware payload (GCleaner)
2024-02-01,Payload delivery,tlsh,t12634e0617af0c832d6f74a3958b4c6e5193fbca35a74964f36642b5f2e222d09f213,
2024-02-01,Payload delivery,imphash,471a0f1afca8daf6a6e12651ef14acd4,
2024-02-01,Payload delivery,ssdeep,3072:WvHplL6BXYcd0mzNZKPdi8i0oiYEgxSB0W9oMXkWKLBXdinYCv2lhIczOpjb5Z/6:CHXLGocd0I6iVzUBBRAXdI+lhITU,
2024-02-01,Other,size-in-bytes,251392,
2024-02-01,Payload delivery,mime-type,application/x-dosexec,
2024-02-01,Payload delivery,md5,790532a0f598ceb86b30e6538c10880b,Malware payload
2024-02-01,Payload delivery,sha256,4bbbe8705ee3b919bd3308fb3a9bcc4e011ebe11aee37bff37dd2d6d30daa024,Malware payload
2024-02-01,Payload delivery,tlsh,t135833a46b8818f11d5d512bafe2e118e331317bce3efb3129d105b247b8a96b0e7b9,
2024-02-01,Payload delivery,ssdeep,1536:cAn/zr+XS7ocHnWiGCUp6hwuTYa09VuQaMhimd1h1axH7a15cYdUz:TSX8WiGCUQauTYa05d1h1axH21Cg4,
2024-02-01,Other,size-in-bytes,87480,
2024-02-01,Payload delivery,mime-type,application/x-executable,
2024-02-01,Payload delivery,md5,28281156eb0c851a760b345ef10b43f0,Malware payload
2024-02-01,Payload delivery,sha256,54d3843db45bf0cdf27b6a02f80f624e9d3f6fdb906f0582b492b92e294284b2,Malware payload
2024-02-01,Payload delivery,tlsh,t17491735a26095dbdcb94a6d3d4903ec797ae0053a194ed2ce8fdcb08e1ef1f00376a,
2024-02-01,Payload delivery,ssdeep,48:YxY6wOdlpkofn16Ru+FvDF4w0NhtXpk2Kp9Wo6sUHs1vFbvKzRteU3wxioorbW+v:upkocRtxYyH97Ss1vdTHWW+2lsPx,
2024-02-01,Other,size-in-bytes,4413,
2024-02-01,Payload delivery,mime-type,application/json,
2024-02-01,Payload delivery,md5,854d12ee8e1055047981f6373dd26395,Malware payload
2024-02-01,Payload delivery,sha256,8b01f4489c0113bd01f1366110f3bbdb1805c396feefe92c6ca0d1398c62d453,Malware payload
2024-02-01,Payload delivery,tlsh,t1daa3c61abb510ffbd86fcd3b06a9170521cc950b22b87b363574d928f64b14b4ae3d,
2024-02-01,Payload delivery,ssdeep,1536:NNZBHipX5tZKrBA8X92a1PJYcVLZVarniiJSAk/dCziaDzUgme:NNPH+X05JYsL8S3FODzDv,
2024-02-01,Other,size-in-bytes,101400,
2024-02-01,Payload delivery,mime-type,application/x-executable,
2024-02-01,Payload delivery,md5,1630d5ec0d182567f8951567de51590e,Malware payload
2024-02-01,Payload delivery,sha256,3bd5cf860b213a1c08368912b91027c7d6c4fec282038d18534edf65b6f48dfa,Malware payload
2024-02-01,Payload delivery,tlsh,t1ec635ac9ea83d5f1e8071a71503be7378732fa390079eb57c765ea32ac52601e61b2,
2024-02-01,Payload delivery,ssdeep,1536:IsaJLbsXVVsgpmH2jveXI9MmgbP4d5ZpzxtSWj8P:9a1bGVqgpw2yY9GbgLZj4P,
2024-02-01,Other,size-in-bytes,66804,
2024-02-01,Payload delivery,mime-type,application/x-executable,
2024-02-01,Payload delivery,md5,e1235799090bb6774ae6524e194f27e7,Malware payload
2024-02-01,Payload delivery,sha256,6a451b4299759be3c1d33137655fdc420c13b25c102ad80873dbbc75989e1847,Malware payload
2024-02-01,Payload delivery,tlsh,t1dd91659a27085dbcca5496e7d9903ad7876e0093a094ed2ce9fd9f0ce1ef1f002769,
2024-02-01,Payload delivery,ssdeep,48:YxY6wAdlpkofn16Ru+FkDFU0NhtXeV2Qp9We6T2UHs1vibvKqRteU3wxioLi7GyL:YpkocRtG9U/9K2Ss1veiHLqI+Isx,
2024-02-01,Other,size-in-bytes,4274,
2024-02-01,Payload delivery,mime-type,application/json,
2024-02-01,Payload delivery,md5,443dbdde34d0e9fa58341d00d38ff70c,Malware payload
2024-02-01,Payload delivery,sha256,2b564b6d85deb7c412bf264d2de5ebddfba299766456bad84c2885fa62e44e0a,Malware payload
2024-02-01,Payload delivery,tlsh,t1eda1955b31551cac861887eb98e13e8b97ad00b3a184ec18f8ed5f48a6ff8f103759,
2024-02-01,Payload delivery,ssdeep,48:Yxg3SPhJSPdqKkY7EbnlUQl2DJRifk/n0+aWKSPmDF4w0biYtXDSPGq2Hp9WcseC:QO0kTaUeuef49VEMG1vHRArhTRGt,
2024-02-01,Other,size-in-bytes,4922,
2024-02-01,Payload delivery,mime-type,application/json,
2024-02-01,Payload delivery,md5,ad1f7a280b1b41409fb5525af57bd4bc,Malware payload
2024-02-01,Payload delivery,sha256,dd1833c38e151526f2a00f704b992a7f5cc0b9a747b9af9eba1a9d87f9b4a5a6,Malware payload
2024-02-01,Payload delivery,tlsh,t19da174ab31550cbcc51987ea94e53b8b97bd01739494ec28a4ac5f5c92ff8f1037a9,
2024-02-01,Payload delivery,ssdeep,48:Yxg3SPhJSPdqKkY7EbnlUQl2pRifk/n0+aWCDF4w0biYtXnQbZ2Hp9WjyUxG1vCr:QOYkTa1uAbZ49bMG1vCb8vbJAjRWu,
2024-02-01,Other,size-in-bytes,5005,
2024-02-01,Payload delivery,mime-type,application/json,
2024-02-01,Payload delivery,md5,99ddb2d00cf8a8ff2e210a8535471a52,Malware payload
2024-02-01,Payload delivery,sha256,c5248a750259e4df4d15be74fdf58170e69e1d91964638757f5c28bcb5b0df0e,Malware payload
2024-02-01,Payload delivery,tlsh,t19f9175e671155eb9c61fc9ea96a939cfcabd001390705c1ce59d4b4b88fe1b51323d,
2024-02-01,Payload delivery,ssdeep,96:XGP9k0yan4wgaBSQcsTN9+BMOy0G1vRctHsz9UAeGVwiDKVXr:v0049rVGmlHDo,
2024-02-01,Other,size-in-bytes,4529,
2024-02-01,Payload delivery,mime-type,application/json,
2024-02-01,Payload delivery,md5,4f6a68a319daa05af171a0e9de5c6586,Malware payload
2024-02-01,Payload delivery,sha256,1b7f5c99fc3c65ec749b167be4f39c7814cb4aeb47a17901d95d92767bd6e56d,Malware payload
2024-02-01,Payload delivery,tlsh,t1ae53190877879320da654ab5c0e3d4210bfaa7876673d68f399513c90e13be5ce727,
2024-02-01,Payload delivery,imphash,f34d5f2d4577ed6d9ceec516c1f5a744,
2024-02-01,Payload delivery,ssdeep,768:rSs/v8/14diJpog0Qvo4PuMDOT+EF/z7NJqbFhGASIbD2q//us9RwVKQq2fBf:7vKUbxMyT5bRsbaIbD2hs+KSf,
2024-02-01,Other,size-in-bytes,62464,
2024-02-01,Payload delivery,mime-type,application/x-dosexec,
2024-02-01,Payload delivery,md5,033c268d6a5d77cdad1b2d4304e8b2dd,Malware payload
2024-02-01,Payload delivery,sha256,db0d0aa10a96615e77549ec7a6e47aa1213b6783ce9b0fbe27224ebeb9d1193e,Malware payload
2024-02-01,Payload delivery,tlsh,t1c891769a26085dbdc65497d3e9803ad7876e0493b198dd2ce9fd9f0ce1ef1f00276a,
2024-02-01,Payload delivery,ssdeep,48:YxY6wVdlpkofn16Ru+FkDFU0NhtXeV2Qp9We6T2UHs1vibvKqRteU3wxioLKIRye:VpkocRtG9U/9K2Ss1veiHLRRz5x,
2024-02-01,Other,size-in-bytes,4274,
2024-02-01,Payload delivery,mime-type,application/json,
2024-02-01,Payload delivery,md5,d9c20a1312ce795258309ce4bd5abdbb,Malware payload
2024-02-01,Payload delivery,sha256,2085ef6e7499b2170357b345f6fa4f9e25976c2cba83c633a52c3304a53fa246,Malware payload
2024-02-01,Payload delivery,tlsh,t1beb533f6463f3a80d9074f718b9e84507a578c130eb954bdaa73f958833e5b8b469c,
2024-02-01,Payload delivery,imphash,baa93d47220682c04d92f7797d9224ce,
2024-02-01,Payload delivery,ssdeep,49152:3y3Ps5kdHcS4z7HDm7ENLGrzXX4JDoFs6RESrFQmKX29GI:3y3E5RS4z7Xxklh5Qmi4G,
2024-02-01,Other,size-in-bytes,2303488,
2024-02-01,Payload delivery,mime-type,application/x-dosexec,
2024-02-01,Payload delivery,md5,c5164a0481d59bdf992566c05fb02391,Malware payload
2024-02-01,Payload delivery,sha256,82c4b4279c9943b95cd83dee91d9067138ec9dde60d201686e5701fe89b04fa1,Malware payload
2024-02-01,Payload delivery,tlsh,t1a1b533d0627e9661f85fd3b4b62b1267848f5c6b128a306c3015fb886b7eef1b861d,
2024-02-01,Payload delivery,imphash,baa93d47220682c04d92f7797d9224ce,
2024-02-01,Payload delivery,ssdeep,49152:oGcjvEKcRTW97nZhnDz6PdZI26UA43SqMM8BSj7MSrTT7lsInA:oGI/yWJnPi1e2Y43SqMNSj4Srv7W5,
2024-02-01,Other,size-in-bytes,2309632,
2024-02-01,Payload delivery,mime-type,application/x-dosexec,
2024-02-01,Payload delivery,md5,229adca861a5b90ddc527cd3aec1df31,Malware payload (Amadey)
2024-02-01,Payload delivery,sha256,80cf46a728679c56b7a42a3c7b827ed01672c9f95a9b7092b41581d0d9b9e992,Malware payload (Amadey)
2024-02-01,Payload delivery,tlsh,t1540533fa9f0b8350d42858b45dd641485bec36a1f6cdae1c263755e14228a4fe32aa,
2024-02-01,Payload delivery,imphash,7515ecf8c0dfa4d230ad835fe0acb57f,
2024-02-01,Payload delivery,ssdeep,24576:YbrB1DOKcWMnywQTiN2K3yWds0JkKyVEwHN1sg:YfaJWMnylradsLN,
2024-02-01,Other,size-in-bytes,809984,
2024-02-01,Payload delivery,mime-type,application/x-dosexec,
2024-02-01,Payload delivery,md5,b38c84292ea174ca7c961adc33f4c31b,Malware payload
2024-02-01,Payload delivery,sha256,33807a1615cdc1e30d41a9bbcee5b94b506a156e2b0c5f77e45da60ba596ed0d,Malware payload
2024-02-01,Payload delivery,tlsh,t1f9928f35a8a1641b403bd8f9356fa28df82194078c4749a4b11f412dcbf6e934baff,
2024-02-01,Payload delivery,ssdeep,384:OftrMf+F0e0H3n72W6E45wse5QjuFwgzxdaqlU4:tIn0H3n7h6tOseQZgraqb,
2024-02-01,Other,size-in-bytes,19559,
2024-02-01,Payload delivery,mime-type,text/html,
2024-02-01,Payload delivery,md5,3583f49e18512fd3af21fd6924b7be31,Malware payload
2024-02-01,Payload delivery,sha256,faded646b0b30d3a1d050ed7b01d4214947a89630cf8b47fe16edbd8b52d7e8a,Malware payload
2024-02-01,Payload delivery,tlsh,t116a1866b31551cac861487ea98e13e8b97ad00b3a094ac18f8ed5f5c95fe8f103799,
2024-02-01,Payload delivery,ssdeep,48:Yxg3SPhJSPdqKkY7EbnlUQl2+VRifk/n0+aWKSPmDF4w0biYtXDSPGq2Hp9WcseP:QOzkTaUeuef49VEMG1vHRAJbJT+8t,
2024-02-01,Other,size-in-bytes,4922,
2024-02-01,Payload delivery,mime-type,application/json,
2024-02-01,Payload delivery,md5,d84d6bbe0d7e05bd07ddc9914ef6c0a3,Malware payload
2024-02-01,Payload delivery,sha256,d8334dbec369d25eadaafe8c48f994e5c61ffbaff3e40a7ee44de765e41bb5bc,Malware payload
2024-02-01,Payload delivery,tlsh,t184a1769716545cbccf24c7d644da3aab87ed0053a2a4ac28edfd5f0c91ff8b502669,
2024-02-01,Payload delivery,ssdeep,48:Yxg3SPhJSPdqKkY7EbnlUQl22hpk6nYK+zobgDF4w0dM0tXcg/i2up9WXibUfi1y:QOIkBtKCz93Ei1vnfYxnnsWP,
2024-02-01,Other,size-in-bytes,4798,
2024-02-01,Payload delivery,mime-type,application/json,
2024-02-01,Payload delivery,md5,c886e9a75dd7fd6130b5cccd457ba8a1,Malware payload
2024-02-01,Payload delivery,sha256,86fada57559b953a7e248eb87b878e4f7457492422515161df1336a70e7f7dbb,Malware payload
2024-02-01,Payload delivery,tlsh,t11ca1749632554c7c8b2487ea94e63eaf47ad1073a0d4dc24a9ad4f4c91ff8f10266d,
2024-02-01,Payload delivery,ssdeep,48:Yxg3SPhJSPdqKkY7EbnlUQl21Rifk/n0+aWHbgDF4w0biYtXcgFi2Hp9WoibUxGb:QOgkTaRug49KMG1v5vABQnRnPt,
2024-02-01,Other,size-in-bytes,4780,
2024-02-01,Payload delivery,mime-type,application/json,
2024-02-01,Payload delivery,md5,7c28c4ef235e215947f4fddf8a08fef2,Malware payload
2024-02-01,Payload delivery,sha256,c248cdef2ee212708591fd2588cde9a58ae1f26387f9352b4b96c690f5061c73,Malware payload
2024-02-01,Payload delivery,tlsh,t1b5a1a5ab35554cbc8624c7eb94e23e8757ad0073a0d4ac14a8ac5f5c95fe8f1037ea,
2024-02-01,Payload delivery,ssdeep,48:Yxg3SPhJSPdqKkY7EbnlUQl2mRifk/n0+aWblFDF4w0biYtXqlNBT2Hp9Wt0mUxu:QOlkTaGuIT49YMG1veKAGYsh,
2024-02-01,Other,size-in-bytes,4832,
2024-02-01,Payload delivery,mime-type,application/json,
2024-02-01,Payload delivery,md5,0d78086472d283914e2e7d1c1c3c00c6,Malware payload
2024-02-01,Payload delivery,sha256,bad23d800b7318a8c0403d8f198fbc2e56ae82055cd8652c0e244ac6a2eaad97,Malware payload
2024-02-01,Payload delivery,tlsh,t12da1759b21692cbc8b1487d659d53e8797bd0053a298ac18fded6f0c92fe4b103659,
2024-02-01,Payload delivery,ssdeep,48:Yxg3SPhJSPdqKkY7EbnlUQl2Khpk6nYK+z9SPmDF4w0dM0tXDSPGo2up9WvseNEv:QOEkBIeKezz9EEEi1vZhY5UdP,
2024-02-01,Other,size-in-bytes,4940,
2024-02-01,Payload delivery,mime-type,application/json,
2024-02-01,Payload delivery,md5,a2857cb0eb18d986e2781d596850eca4,Malware payload
2024-02-01,Payload delivery,sha256,979a5bf157e3b3fe032d592e07a8bc3d0bb0544302bd822bc42a9e8b1132c7c1,Malware payload
2024-02-01,Payload delivery,tlsh,t1a79184eb70155eb9c51fc5ea96ea39cecabd011390345c1ce5a94b0b88fe1b52363d,
2024-02-01,Payload delivery,ssdeep,96:XGO9k0yan4wgaBSQcsTN9+BMOy0G1vRctHsz9UAeGSiKVXr:80049rVGmlSio,
2024-02-01,Other,size-in-bytes,4528,
2024-02-01,Payload delivery,mime-type,application/json,
2024-02-01,Payload delivery,md5,7c73e95cc4ec261915468d1889dc16a0,Malware payload
2024-02-01,Payload delivery,sha256,e4ccb17c787c8ccb0c22d6a711671399bcc92a25e62d9fdc75083e532f435048,Malware payload
2024-02-01,Payload delivery,tlsh,t1f241dd7ccf29f8e0033db0a088492e2620949e57d6f58e24d9574ee62d7c20adf1b1,
2024-02-01,Payload delivery,ssdeep,48:LGfEFWuJqs9HZNjd+SfprcKyK0hE6S1FtfsC5P3RX5ZWiaoIhSNt25:LGfEFW87jd+Sfpbaq6S1FtfsC5P39EfJ,
2024-02-01,Other,size-in-bytes,2219,
2024-02-01,Payload delivery,mime-type,text/plain,
2024-02-01,Payload delivery,md5,10074d67f7c9beb1fda6bdb302b54aee,Malware payload
2024-02-01,Payload delivery,sha256,5cc08e57c7aa5d4887eb5ad450708ce93c8f520d0a83567f082db234f7565d62,Malware payload
2024-02-01,Payload delivery,tlsh,t1fc733a41bd819a13c6d122bbfb6e428d372663b8d2ef72079d255f20778686b0e377,
2024-02-01,Payload delivery,ssdeep,1536:2M/JFqa4Gr9KJsCXWoNz0CJNAA/iD74BMKlElSUk:2M/+rmkz0CJNAAfB1r/,
2024-02-01,Other,size-in-bytes,77072,
2024-02-01,Payload delivery,mime-type,application/x-executable,
2024-02-01,Payload delivery,md5,7894e88a4de21bb482d6a9dbb73e0a93,Malware payload
2024-02-01,Payload delivery,sha256,a440f9f713c4c46b46a7a07dfa826d0287d8cda089f1bd0147a07e65993084f4,Malware payload
2024-02-01,Payload delivery,tlsh,t1f9a1855f31551cbc861487ea98e13e8b97ad00a3a194ec18f4ed5f48a6ff8f103799,
2024-02-01,Payload delivery,ssdeep,48:Yxg3SPhJSPdqKkY7EbnlUQl20Rifk/n0+aWKSPmDF4w0biYtXDSPGq2Hp9WcseNW:QObkTaUeuef49VEMG1vHRAMGx6t,
2024-02-01,Other,size-in-bytes,4922,
2024-02-01,Payload delivery,mime-type,application/json,
2024-02-01,Payload delivery,md5,0815784ffa4f5d82e741ecf96a422727,Malware payload
2024-02-01,Payload delivery,sha256,411d63fbed6e83d8c693c421dc20cbda302e842ab1451a79f0fb48caaa003eda,Malware payload
2024-02-01,Payload delivery,tlsh,t16ea174eb61691cbcca19c7c694d93b8697fc011352a4ec28a89c5f0c93ff97153669,
2024-02-01,Payload delivery,ssdeep,48:Yxg3SPhJSPdqKkY7EbnlUQl2Lhpk6nYK+z1DF4w0dM0tXnGbZ2up9WSgyUfi1vU6:QOlkBhKWbZz9BEi1vUb8pbbYAE6P,
2024-02-01,Other,size-in-bytes,5023,
2024-02-01,Payload delivery,mime-type,application/json,
2024-02-01,Payload delivery,md5,a32a5bf42cb5a3b16a6ad754f8f98701,Malware payload
2024-02-01,Payload delivery,sha256,8431b25d407c3352f2eb15a5fac0b43e553866fa1021eef0aa25019b935120f5,Malware payload
2024-02-01,Payload delivery,tlsh,t136a1a6ab31664c7cca1487ea98e13e8b576d00b3a194dc18b9ed5f4881ff8f1437a9,
2024-02-01,Payload delivery,ssdeep,48:Yxg3SPhJSPdqKkY7EbnlUQl27Rifk/n0+aW0DF4w0biYtXnR2Hp9WO8ZUxG1v+b5:QOekTa1uh49AMG1vSmAbThP,
2024-02-01,Other,size-in-bytes,4856,
2024-02-01,Payload delivery,mime-type,application/json,
2024-02-01,Payload delivery,md5,29295611e9b7fa03b219e6a6054a859b,Malware payload (BumbleBee)
2024-02-01,Payload delivery,sha256,e3da07a719ae176918049a02fecfc41589b3d9b1581a779521a39467bb84b29f,Malware payload (BumbleBee)
2024-02-01,Payload delivery,tlsh,t1a345e011e2921fe8d477917681ab252fbb347e584311c377ebc0d2373d927a46b1ab,
2024-02-01,Payload delivery,imphash,47e01530ad43ec939d1c47709a80a5c6,
2024-02-01,Payload delivery,ssdeep,24576:TOlLPS/snbefBkOWG18PI3NuAb669Neky+pHb52mkTm3y2djZbx1xAX0:qt1p0GcppvQgy2dtJx,
2024-02-01,Other,size-in-bytes,1223175,
2024-02-01,Payload delivery,mime-type,application/x-dosexec,
2024-02-01,Payload delivery,md5,f31954ece2990840e4af30cbf4d4ebcc,Malware payload
2024-02-01,Payload delivery,sha256,be5bf9b6d25bd73e8d9e384ea8e511d63c62ef5d59bb7db4d09fc40e3b2abe26,Malware payload
2024-02-01,Payload delivery,tlsh,t1e7b533d588bb4220e817b33599410ed5d093fed71819dd7a3a24f852dbfda368213f,
2024-02-01,Payload delivery,imphash,baa93d47220682c04d92f7797d9224ce,
2024-02-01,Payload delivery,ssdeep,49152:PazsWukWrup4pdAxAdXTv1yOOqvFv7+IEUTL9bVxlkgJWpjH7:SzbfWrk4dxvlOi7+ELLZYpH,
2024-02-01,Other,size-in-bytes,2338304,
2024-02-01,Payload delivery,mime-type,application/x-dosexec,
2024-02-01,Payload delivery,md5,7085d71656461d3f9dfefe70ba4e16a1,Malware payload
2024-02-01,Payload delivery,sha256,3a1335a535635bfcd7d86cdaa0ce772847bc780b27aa31d18adec9343f6c0c77,Malware payload
2024-02-01,Payload delivery,tlsh,t121a196ab15795cbccb10c7c695c93a9797ed0153a3a8ac14fded6f0c92fe4b102259,
2024-02-01,Payload delivery,ssdeep,48:Yxg3SPhJSPdqKkY7EbnlUQl2ehpk6nYK+z1DF4w0dM0tXnT2up9WSFo8ZUfi1vAk:QOMkB5KDz9vLEi1vYYYfcP,
2024-02-01,Other,size-in-bytes,4874,
2024-02-01,Payload delivery,mime-type,application/json,
2024-02-01,Payload delivery,md5,c26930bb15873c42707e15acc2af701e,Malware payload
2024-02-01,Payload delivery,sha256,d677238b653b9e95896987520b0f7d26b11a07ce0055ba77e425f6498fb8d840,Malware payload
2024-02-01,Payload delivery,tlsh,t14891c4b716284cacca2487d395903b97567f41a7e084ae68f9f88f0ce0fe1b41137b,
2024-02-01,Payload delivery,ssdeep,48:Yx5AvwlYYwIKbsJkmnh+0DFU0omOtXxR23p9WtY2UKJ1vybaKqRrC3wxioiu9rGB:YAvwlfkv0S7U9/2FJ1vu8iyBHE,
2024-02-01,Other,size-in-bytes,4323,
2024-02-01,Payload delivery,mime-type,application/json,
2024-02-01,Payload delivery,md5,34424ecbc74f3d0d9973932518aa5708,Malware payload
2024-02-01,Payload delivery,sha256,5ee20a489936f24172d19816fb67fa24f1dc54e07795e1a8b769db4437dffebd,Malware payload
2024-02-01,Payload delivery,tlsh,t1aba196ab35664c7cca1487eb98e13e8b57ad01b35294ec14b9fc5f5c81fe4e103759,
2024-02-01,Payload delivery,ssdeep,48:Yxg3SPhJSPdqKkY7EbnlUQl2+Rifk/n0+aW0DF4w0biYtXnR2Hp9WO8ZUxG1v+bk:QOpkTa1uh49AMG1vSmAXc,
2024-02-01,Other,size-in-bytes,4866,
2024-02-01,Payload delivery,mime-type,application/json,
2024-02-01,Payload delivery,md5,7b517d5af6ea255907b9ed7b6a7995f7,Malware payload
2024-02-01,Payload delivery,sha256,d753da77362ff686a09c52d27af3ac3e3bd879a60e176ee397ca722794d7784f,Malware payload
2024-02-01,Payload delivery,tlsh,t14b917526261c0cbec2394a83a05c7a9767ee02775084fd2898bd4f0cb5ff2b141769,
2024-02-01,Payload delivery,ssdeep,96:jjMpekxq8pVFawTH9o2nTv71vzhHtsIZh/+t2IR+:jjMpvguFaA9o2nbdhNsIrAjR+,
2024-02-01,Other,size-in-bytes,4215,
2024-02-01,Payload delivery,mime-type,application/json,
2024-02-01,Payload delivery,md5,34bfb8ccc36b6f1a9d9016bd2658232c,Malware payload
2024-02-01,Payload delivery,sha256,7103699739f27bdc2f70b8f38624afefc487b3ffb94516933d481525c76f1e52,Malware payload
2024-02-01,Payload delivery,tlsh,t1bd91549a270c5dbcc65496e3d9803ad7876e0593b198ed2cd9fd9f08e1ef1f002799,
2024-02-01,Payload delivery,ssdeep,48:YxY6w/odlpkofn16Ru+FkDFU0NhtXeV2Qp9We6T2UHs1vibvKqRteU3wxioLbulD:YpkocRtG9U/9K2Ss1veiHLbuVVvx,
2024-02-01,Other,size-in-bytes,4274,
2024-02-01,Payload delivery,mime-type,application/json,
2024-02-01,Payload delivery,md5,74022ae82b945a1ee87f0908598000d7,Malware payload (RiseProStealer)
2024-02-01,Payload delivery,sha256,cc7964bc769959b80289b40b80d5b3110b5120ffb7fa10e598b9d880c5d73644,Malware payload (RiseProStealer)
2024-02-01,Payload delivery,tlsh,t1054533b81669d5e1c6289bf691c44529febd7cbea8cb4710755b81f108b408fa7cfe,
2024-02-01,Payload delivery,imphash,5ab723dc8d5af21b79dc301ed6a56a64,
2024-02-01,Payload delivery,ssdeep,24576:u4SOaDH9AztRobf8wyKggzfO3dd7JRwQWz+8ZY1t3Pfb9Xp+:u4LaDHCKbf8NKggTGdd9RlWJY1XXp+,
2024-02-01,Other,size-in-bytes,1195520,
2024-02-01,Payload delivery,mime-type,application/x-dosexec,
2024-02-01,Payload delivery,md5,ab0c77f4a65bc44e75f5b881fce5fe6d,Malware payload
2024-02-01,Payload delivery,sha256,777c8756a2c3da4e62d84d6fcb8a0c5c47b46282eef73a4ad8d51db736680d35,Malware payload
2024-02-01,Payload delivery,tlsh,t1d8a1baab65795cfcc724c7c655d53e8357ed0013a3a4ad14ecac6f0c91fe4b14269a,
2024-02-01,Payload delivery,ssdeep,48:Yxg3SPhJSPdqKkY7EbnlUQl2Uhpk6nYK+zMlFDF4w0dM0tXqlNjT2up9WMTv0mUg:QOOkB6KoTz9DEi1vgQYM7nbP,
2024-02-01,Other,size-in-bytes,4860,
2024-02-01,Payload delivery,mime-type,application/json,
2024-02-01,Payload delivery,md5,4cec0a1827d1d2b13a7d540d63d34b5c,Malware payload
2024-02-01,Payload delivery,sha256,da9468214fc682766d5f6dd5311231d805d1a5e2350ab5719e6f6b5eeaf7d102,Malware payload
2024-02-01,Payload delivery,tlsh,t18c91962661140cbd8628868be4443bf35bee05a361c4ec28c4ae9f5ca1ff6f111765,
2024-02-01,Payload delivery,ssdeep,96:zOzOR+km7O8ZlOFKiwTH9DnT71vfihHxisoZ5LwI6Jy4+:pPHKT9TTx+RJoDH6Jy3,
2024-02-01,Other,size-in-bytes,4272,
2024-02-01,Payload delivery,mime-type,application/json,
2024-02-01,Payload delivery,md5,1e293b67bf2275c8827d2a14768b7b08,Malware payload (BumbleBee)
2024-02-01,Payload delivery,sha256,075cecd9c181e8967a5b31372378a56700c9f26e367bbef090edb933f225017e,Malware payload (BumbleBee)
2024-02-01,Payload delivery,tlsh,t10e45e011e2831ff8d4b691b780ab253fb7703e580724d3a7a7d0d2377d927a45b1aa,
2024-02-01,Payload delivery,imphash,47e01530ad43ec939d1c47709a80a5c6,
2024-02-01,Payload delivery,ssdeep,24576:eVoPU3nHLxhYhpo6Xys3ciduACgzSWZCP4GRqpmU4c1:9ioeS70EUPRq8Z6,
2024-02-01,Other,size-in-bytes,1221127,
2024-02-01,Payload delivery,mime-type,application/x-dosexec,
2024-02-01,Payload delivery,md5,1b4219c015dd9e17888a7ad47320d521,Malware payload
2024-02-01,Payload delivery,sha256,4503c6689d0ebd12671be04f2c2733572c96a528a8a4c1070b16a8f5718cf1bd,Malware payload
2024-02-01,Payload delivery,tlsh,t1c39164aa26095ebcc65497d3e8543ad7876e0093b198dd2cd4fd9f08e1ef1f04276e,
2024-02-01,Payload delivery,ssdeep,96:UpkocRtp9hEA9Sr2Ss1vhPMeHL0FUVmTx:UG/79y2SmUeHL0FUVmTx,
2024-02-01,Other,size-in-bytes,4274,
2024-02-01,Payload delivery,mime-type,application/json,
2024-02-01,Payload delivery,md5,0c418fc4f47c086c092c0e4a2ed52d7b,Malware payload
2024-02-01,Payload delivery,sha256,430bc3cbccb228f9d7959ad940d6543ce9a8e333a184f0cceba0a9a25405746e,Malware payload
2024-02-01,Payload delivery,tlsh,t1f341dc7ccf39f8e0033db1a088492e2620949e57d6f58e24d9574ee62d7c20acf2b1,
2024-02-01,Payload delivery,ssdeep,48:LGfEFWuJqs9HZNjd+SfprcKyK0hE6S1FtfsC5P3RX5ZWiaoIhSNtm:LGfEFW87jd+Sfpbaq6S1FtfsC5P39Efr,
2024-02-01,Other,size-in-bytes,2219,
2024-02-01,Payload delivery,mime-type,text/plain,
2024-02-01,Payload delivery,md5,c7043bcde5ef82672dc6d24771801999,Malware payload
2024-02-01,Payload delivery,sha256,3698a179100c9f697ce5082b79c22b1d33b1e8d3ddd98a455652eee4ddee74a2,Malware payload
2024-02-01,Payload delivery,tlsh,t164a1979b32550cbc862487ea94e53e8b87ad0163a0d4ed18f4ad4f4c95ff8f5037a9,
2024-02-01,Payload delivery,ssdeep,48:Yxg3SPhJSPdqKkY7EbnlUQl2dRifk/n0+aW/bDF4w0biYtX8rG2xp9WoKsYUxG1D:QOAkTakuNe9yMG1vbDAbhi,
2024-02-01,Other,size-in-bytes,4953,
2024-02-01,Payload delivery,mime-type,application/json,
2024-02-01,Payload delivery,md5,b03d0a2a8e8be427822d92d495de4f30,Malware payload
2024-02-01,Payload delivery,sha256,707b4f0f99a63a22bbf644d98e1fa76a89b1a805deb018d38e3ea01ce5da2ece,Malware payload
2024-02-01,Payload delivery,tlsh,t109916426251c0cbd87294b92e05c76d7abae027790d4fd2888bd9f0ca5ff2b141769,
2024-02-01,Payload delivery,ssdeep,96:jj7ekxq8pVFawTH9o2nTv71vzhHtsIZhMwG31R+:jj7vguFaA9o2nbdhNsIrMwU1R+,
2024-02-01,Other,size-in-bytes,4215,
2024-02-01,Payload delivery,mime-type,application/json,
2024-02-01,Payload delivery,md5,5b9aecec592d244e68685dfb4baa226c,Malware payload
2024-02-01,Payload delivery,sha256,1c8f870e3fe4ec046b0010c003fe9a1b2d9cbd79252d537b8db72baa3345fcae,Malware payload
2024-02-01,Payload delivery,tlsh,t1fda1979712685dbccf14c7d780da3aab87ed0053a2a49c18eded5f0c91ff8b102629,
2024-02-01,Payload delivery,ssdeep,48:Yxg3SPhJSPdqKkY7EbnlUQl2whpk6nYK+zobgDF4w0dM0tXcg/i2up9WXibUfi1T:QOGkBtKCz93Ei1vnfY10P,
2024-02-01,Other,size-in-bytes,4788,
2024-02-01,Payload delivery,mime-type,application/json,
2024-02-01,Payload delivery,md5,bf99642c2b4e9c30ac4ced41875d274d,Malware payload
2024-02-01,Payload delivery,sha256,bc8f40d637931e3c004ee7fd78245c4549277d7eaa50f923ec6212e2e0f369c3,Malware payload
2024-02-01,Payload delivery,tlsh,t17ca193ab15795cbccb14c7c695c93a8797ed015363a4ec18bced6f0c82fe8b242659,
2024-02-01,Payload delivery,ssdeep,48:Yxg3SPhJSPdqKkY7EbnlUQl2f4hpk6nYK+z1DF4w0dM0tXnT2up9WSFo8ZUfi1vy:QOSkB5KDz9vLEi1vYYYV0JCP,
2024-02-01,Other,size-in-bytes,4874,
2024-02-01,Payload delivery,mime-type,application/json,
2024-02-01,Payload delivery,md5,22c49d86d027b168e8b7359eb10305f8,Malware payload
2024-02-01,Payload delivery,sha256,a77a4ab5407a7bc194225cabd056e1c79ef789ab6d0a6198e44de16069e3ac8f,Malware payload
2024-02-01,Payload delivery,tlsh,t1d1a1849732554cbc8b2487ef94e23aaf47ad0063a5949c14a9ed4f4ca0ff8f10276d,
2024-02-01,Payload delivery,ssdeep,48:Yxg3SPhJSPdqKkY7EbnlUQl2lRifk/n0+aWHbgDF4w0biYtXcgFi2Hp9WoibUxGa:QOIkTaRug49KMG1v5vAq8x,
2024-02-01,Other,size-in-bytes,4780,
2024-02-01,Payload delivery,mime-type,application/json,
2024-02-01,Payload delivery,md5,f95386a199754905dafb8878f092cdf2,Malware payload
2024-02-01,Payload delivery,sha256,1fbfb06ef4f979da00438995311d968892648ee50ee9046bb0d14430f28c7768,Malware payload
2024-02-01,Payload delivery,tlsh,t1e791632629385c7ccb5885ca98fc3d4e5a7e005bf1649c54a6dd8f0ae2ff1f187a61,
2024-02-01,Payload delivery,ssdeep,96:eykrkYOhDH5R0DWfrfT594ds1Y7g1vUreHTMsgiFEGKL/JeR:eykQThr5RIWfrt94ds1Y7FrezMsgiFEm,
2024-02-01,Other,size-in-bytes,4614,
2024-02-01,Payload delivery,mime-type,application/json,
2024-02-01,Payload delivery,md5,e7856b4f01ca2d534be3aded73e92a99,Malware payload
2024-02-01,Payload delivery,sha256,5f4d4db9a8fb140e47e7d50ca9e636640cb5d424348944bd47d8f1220a9b85d2,Malware payload
2024-02-01,Payload delivery,tlsh,t19da187ab15691cbcc6148bc295d93a9787ed0153a2d8ac18fced5f0c82ff4b603669,
2024-02-01,Payload delivery,ssdeep,48:Yxg3SPhJSPdqKkY7EbnlUQl2oxhpk6nYK+zebDF4w0dM0tX8r82bp9WG9sYUfi1B:QOiBkBAKpg9nEi1v1/YAG/D2P,
2024-02-01,Other,size-in-bytes,4981,
2024-02-01,Payload delivery,mime-type,application/json,
2024-02-01,Payload delivery,md5,5f1ea5561a2fc94a40b481fc068ddc82,Malware payload
2024-02-01,Payload delivery,sha256,3e4127ad90c2e86ab657ac696b04bf42431c159b75dc44aaf13c6b4a63eb4e98,Malware payload
2024-02-01,Payload delivery,tlsh,t198a1a7db65695cbccb24c7c655c63e8757fd0013a2a4ad14ecac6f0c81ee8b1027aa,
2024-02-01,Payload delivery,ssdeep,48:Yxg3SPhJSPdqKkY7EbnlUQl2xthpk6nYK+zMlFDF4w0dM0tXqlNjT2up9WMTv0mN:QObNkB6KoTz9DEi1vgQYWdsPaP,
2024-02-01,Other,size-in-bytes,4850,
2024-02-01,Payload delivery,mime-type,application/json,
2024-02-01,Payload delivery,md5,023224bc06d93ddb1f58165437aa339a,Malware payload
2024-02-01,Payload delivery,sha256,b96387553f7ad8450923d794a1032b7c5416c29310dbcec5d08aa520a9879727,Malware payload
2024-02-01,Payload delivery,tlsh,t14a91c4b316284cbccb1487d795903b87967f4167e0849e68f9f88f0ce0fe1b51136a,
2024-02-01,Payload delivery,ssdeep,48:Yx5AvwlYYwoKbsJkmnh+0DFU0omOtXxR23p9WtY2UKJ1vybaKqRrC3wxioi7TBUu:YAvwlzkv0S7U9/2FJ1vu8iS8uE,
2024-02-01,Other,size-in-bytes,4323,
2024-02-01,Payload delivery,mime-type,application/json,
2024-02-01,Payload delivery,md5,454e81eaef485101cf57c1941677e614,Malware payload
2024-02-01,Payload delivery,sha256,3c33d5e8bfed34c07dc1703e8072cc6c7919a78995b30924c4f6ecb16131d1fd,Malware payload
2024-02-01,Payload delivery,tlsh,t185a175eb65695cbcca19c3c294d93b8797fc011352a4ec24e89c5b0c93ff57152669,
2024-02-01,Payload delivery,ssdeep,48:Yxg3SPhJSPdqKkY7EbnlUQl2zJhpk6nYK+z1DF4w0dM0tXnGbZ2up9WSgyUfi1vi:QO95kBhKWbZz9BEi1vUb8pbbYtTUgP,
2024-02-01,Other,size-in-bytes,5023,
2024-02-01,Payload delivery,mime-type,application/json,
2024-02-01,Payload delivery,md5,bf842b87601e678c381327841f42c853,Malware payload
2024-02-01,Payload delivery,sha256,eeb2e906e2723adf794fd4e9943946c0a6d03a8be7c14ff8ee97fdb071970b0a,Malware payload
2024-02-01,Payload delivery,tlsh,t19fa183ab31550cacc62987da94e53f8b47bc00a39494ec24a4ac9f5c96ff8f1137ad,
2024-02-01,Payload delivery,ssdeep,48:Yxg3SPhJSPdqKkY7EbnlUQl2KRifk/n0+aWCDF4w0biYtXnQbZ2Hp9WjyUxG1vCf:QOhkTa1uAbZ49bMG1vCb8vbJAAmIY,
2024-02-01,Other,size-in-bytes,5005,
2024-02-01,Payload delivery,mime-type,application/json,
2024-02-01,Payload delivery,md5,785d68daf11103dcbd0aca969f7ec5e3,Malware payload
2024-02-01,Payload delivery,sha256,30e4f8b4b774c129d36de9572d3e012beb6c44b09cfa266789e499361967c02f,Malware payload
2024-02-01,Payload delivery,tlsh,t10391517262180c7d833482d6a4597ad767be0257a0d4ec28a8bd4f4cf6ff1f205b6a,
2024-02-01,Payload delivery,ssdeep,96:9bZknCs+w/05TH9I681vdEHAbpZc9t3yO:9b21R0B9I6KEgbp+9MO,
2024-02-01,Other,size-in-bytes,4237,
2024-02-01,Payload delivery,mime-type,application/json,
2024-02-01,Payload delivery,md5,2eb9f3115b469c7d8e226b66974cd924,Malware payload (Stealc)
2024-02-01,Payload delivery,sha256,d436cf011820888e1b593c97730ceb46b385ee05e54bb8bd64025d19f11ce000,Malware payload (Stealc)
2024-02-01,Payload delivery,tlsh,t11e14cf2439f0c476fab74a305db4d2e0593fbcb25ab5858f36982b1b3e223d14a523,
2024-02-01,Payload delivery,imphash,471a0f1afca8daf6a6e12651ef14acd4,
2024-02-01,Payload delivery,ssdeep,3072:xJmSLHTIY5mztfOILFtzI0QVBtC7LhJLUNqsOfDYfr5JmGVn:bmSLsY5+1OgFtsohJLHsOfsfmG,
2024-02-01,Other,size-in-bytes,192512,
2024-02-01,Payload delivery,mime-type,application/x-dosexec,
2024-02-01,Payload delivery,md5,9a4d3206b98ba4213d9c7fd1bdc869bd,Malware payload
2024-02-01,Payload delivery,sha256,61069624a2ca90acec0c4d640e6f50ae58f8f218391277adfaa4530ac3760e96,Malware payload
2024-02-01,Payload delivery,tlsh,t11991a6b7161c4cbc9a2487d799503bd756bf4167e0849d58b9ac8f0ce0fe1f10136a,
2024-02-01,Payload delivery,ssdeep,96:YAvwlZkvQISnya0o9HT2FJ1vltPBiWLO0nE:YAvxXo9z2FBi+OUE,
2024-02-01,Other,size-in-bytes,4329,
2024-02-01,Payload delivery,mime-type,application/json,
2024-02-01,Payload delivery,md5,12e2fe08b37215b95ab7c1a6fb5be99e,Malware payload
2024-02-01,Payload delivery,sha256,33513e9908e1dd52e622eb77154182b16a81c5a8d1bd71027f13577c387de198,Malware payload
2024-02-01,Payload delivery,tlsh,t195d412517ea5c073d1f384756930e2a61d3ffc6689bac91f294cab6a3c721824f523,
2024-02-01,Payload delivery,imphash,471a0f1afca8daf6a6e12651ef14acd4,
2024-02-01,Payload delivery,ssdeep,12288:RT/VpJwmeDqnMfj5cdNjHd8urhfcmCysNwLmoWERA/21SlFKOs:RbJ0DaNjHd8u9CDwLxWERAuczKO,
2024-02-01,Other,size-in-bytes,628736,
2024-02-01,Payload delivery,mime-type,application/x-dosexec,
2024-02-01,Payload delivery,md5,2ef1849640250460b6fbac43435bf70e,Malware payload
2024-02-01,Payload delivery,sha256,243bb8d8706a8a988931f7fc46071ac58c144acb1004605a80d5a2f1e9011530,Malware payload
2024-02-01,Payload delivery,tlsh,t10691627662180c7e873482c6a4597ad767be0257a0d4ec28a8bd4f0ca6ff1f205b69,
2024-02-01,Payload delivery,ssdeep,48:YxCgt2fbZkvnY+Cs+DF4w0nltXPSjeUT2Gp9WnTUd81vdE7b/KcRezbC3wxioorz:jbZknCs+w/05TH9I681vdEHAbpZcHneO,
2024-02-01,Other,size-in-bytes,4238,
2024-02-01,Payload delivery,mime-type,application/json,
2024-02-01,Payload delivery,md5,6043fb001d956c03d6be26b1af69e51d,Malware payload (RiseProStealer)
2024-02-01,Payload delivery,sha256,07eb6d5e608df597b46077d87d7698b1d7535acd7231e7fbdcae4379fb11b0bd,Malware payload (RiseProStealer)
2024-02-01,Payload delivery,tlsh,t1d84523f4e1579450e52726b1b509a95c329c7afec381ed40a29f4fe408782dcaf93a,
2024-02-01,Payload delivery,imphash,5ab723dc8d5af21b79dc301ed6a56a64,
2024-02-01,Payload delivery,ssdeep,24576:ERM72NWhO+lOa9C3vtGNJB19bKQ/BwoI8wQeiyIakELitCXZ+AL8BHgg:ECyN0e4CvUNJBLWQdl7L8iLAL8BAg,
2024-02-01,Other,size-in-bytes,1195520,
2024-02-01,Payload delivery,mime-type,application/x-dosexec,
2024-02-01,Payload delivery,md5,acf3e5aebf716ff7ce0a0c2eddb8c4fa,Malware payload
2024-02-01,Payload delivery,sha256,7cbb9967d1a14ae2753f4c89f99eccc01b581b19e0660738756093705470ed70,Malware payload
2024-02-01,Payload delivery,tlsh,t16a91762661140cfe8628868be0543bf35bee05a391d4ac28c4be5f5ca1ff6f111b65,
2024-02-01,Payload delivery,ssdeep,96:zOzOv+km7O8ZlOFKiwTH9DnT71vfihHxisoZ5K4J4+:3PHKT9TTx+RJoDhJ3,
2024-02-01,Other,size-in-bytes,4262,
2024-02-01,Payload delivery,mime-type,application/json,
2024-02-01,Payload delivery,md5,c70a58fc99f01f6f677f74cf2799b80b,Malware payload
2024-02-01,Payload delivery,sha256,32d77ddf3cc469baeb16ad641f105dae96f557ae0bc2de30de1c46bb88453ef2,Malware payload
2024-02-01,Payload delivery,tlsh,t1b191526625386d7cc75885ca94fc3d8e567e005bf1609c18a6de8e0ae2ff1f183a65,
2024-02-01,Payload delivery,ssdeep,96:eyxPrkYOhDH5R0DWfrfT594ds1Y7g1vUreHTMsgiFEbQdJeR:eyxPQThr5RIWfrt94ds1Y7FrezMsgiFk,
2024-02-01,Other,size-in-bytes,4614,
2024-02-01,Payload delivery,mime-type,application/json,
2024-02-01,Payload delivery,md5,ffb045ed0e5babb889c099a630171bb6,Malware payload
2024-02-01,Payload delivery,sha256,159e0e158bbb55e41d9bd7fe75aa94952fab7a34d30be29a8d09c633caab3565,Malware payload
2024-02-01,Payload delivery,tlsh,t106a1a6ab32550cbc862487eb94e53e4b47ad0173a094ec28f4ad4f4c95ff8f6037a9,
2024-02-01,Payload delivery,ssdeep,48:Yxg3SPhJSPdqKkY7EbnlUQl29Rifk/n0+aW/bDF4w0biYtX8rG2xp9WoKsYUxG17:QO4kTakuNe9yMG1vbDAZT6,
2024-02-01,Other,size-in-bytes,4953,
2024-02-01,Payload delivery,mime-type,application/json,
2024-02-01,Payload delivery,md5,fc900f320d555b71c14ca0fcb78ff710,Malware payload
2024-02-01,Payload delivery,sha256,072c0a43bb7f3987fb4995496e40319e0c6cd7eb7f04a66ad1d1abd5d8e66137,Malware payload
2024-02-01,Payload delivery,tlsh,t182a1b7ab35554cbcc624c7ea94e23e87576d0073a1d4ed14a8ac4f5885fe8f1437ea,
2024-02-01,Payload delivery,ssdeep,48:Yxg3SPhJSPdqKkY7EbnlUQl2pRifk/n0+aWblFDF4w0biYtXqlNBT2Hp9Wt0mUxr:QOMkTaGuIT49YMG1veKAFN,
2024-02-01,Other,size-in-bytes,4832,
2024-02-01,Payload delivery,mime-type,application/json,
2024-02-01,Payload delivery,md5,c71a19755190798f8e19b8d5f6ae976d,Malware payload
2024-02-01,Payload delivery,sha256,e499b79e822c633369af4f340c570562efad22fef8486d26c49a207ff3203cd1,Malware payload
2024-02-01,Payload delivery,tlsh,t18891b6b7152c4cbc8a6487d3a9943bd746bf4167e0849d68b9f88f08e0fe1f60136a,
2024-02-01,Payload delivery,ssdeep,96:YAvwl9kvQISnya0o9HT2FJ1vltPBiQvnE:YAv5Xo9z2FBiQvE,
2024-02-01,Other,size-in-bytes,4329,
2024-02-01,Payload delivery,mime-type,application/json,
2024-02-01,Payload delivery,md5,4cc6da0fc338d95610dbdabd86f24eef,Malware payload
2024-02-01,Payload delivery,sha256,b9d8e25629ee89eee921a58a39fe9bef880885ddbd7ad32ed1e1de5b92adde8d,Malware payload
2024-02-01,Payload delivery,tlsh,t1739196e7b0155eb8c51fc5ea96a938cfcabd001390705c1ce5ae4b4b98fe1b51363d,
2024-02-01,Payload delivery,ssdeep,96:XGm9k0yan4wgaBSQcsTN9+BMOy0G1vRctHsz9UAeGLCVXr:S0049rVGmlLg,
2024-02-01,Other,size-in-bytes,4529,
2024-02-01,Payload delivery,mime-type,application/json,
2024-02-01,Payload delivery,md5,a6575de1aee79763f31bd9966864d3cd,Malware payload
2024-02-01,Payload delivery,sha256,9f859665667723aa7a5e08ab82210b823bfa53a218c3df72166fc1662b1a3c13,Malware payload
2024-02-01,Payload delivery,tlsh,t1b5a1b99b11691cbdc714cbc255d93a5787ed0113a298ac18fced5f0c82ff4b603669,
2024-02-01,Payload delivery,ssdeep,48:Yxg3SPhJSPdqKkY7EbnlUQl2ghpk6nYK+zebDF4w0dM0tX8r82bp9WG9sYUfi1vE:QO+kBAKpg9nEi1v1/Y44P,
2024-02-01,Other,size-in-bytes,4971,
2024-02-01,Payload delivery,mime-type,application/json,
2024-02-01,Payload delivery,md5,a6cd4fda1971e84fe66108ed8d33fd7a,Malware payload
2024-02-01,Payload delivery,sha256,bd32e53a6639665535c42eeb424347f481ef57f8f002050789aa92953896b668,Malware payload
2024-02-01,Payload delivery,tlsh,t188a174ab31550cbc852987da94e53b8b87bc01a35594ec28b49c5f5c92ff8f1437ad,
2024-02-01,Payload delivery,ssdeep,48:Yxg3SPhJSPdqKkY7EbnlUQl20Rifk/n0+aWCDF4w0biYtXnQbZ2Hp9WjyUxG1vCA:QOLkTa1uAbZ49bMG1vCb8vbJAWEun,
2024-02-01,Other,size-in-bytes,5015,
2024-02-01,Payload delivery,mime-type,application/json,
2024-02-01,Payload delivery,md5,72816ddf0f5ae5150fa888e02a8effb2,Malware payload
2024-02-01,Payload delivery,sha256,1a5e083062c7d9573f60ef38bfe9e0940f49fdbb7941b465b3b15e789bad6637,Malware payload
2024-02-01,Payload delivery,tlsh,t10b91635a26085dbdcb94a6d3e5843ad7d76e0053a194dd28e4fd8f08e1ff1f102b6a,
2024-02-01,Payload delivery,ssdeep,48:YxY6wV3dlpkofn16Ru+FvDF4w0NhtXpk2Kp9Wo6sUHs1vFbvKzRteU3wxioorbXd:ppkocRtxYyH97Ss1vdTHWVJ7DHx,
2024-02-01,Other,size-in-bytes,4403,
2024-02-01,Payload delivery,mime-type,application/json,
2024-02-01,Payload delivery,md5,dd44280866daf6faf8a77b1bcd990117,Malware payload
2024-02-01,Payload delivery,sha256,5b94071be14579d047f61c68561d8fec471de7befb4c9796c3ec4b81c69fbdc0,Malware payload
2024-02-01,Payload delivery,tlsh,t17c9163aa26095dbcca5497d3e4843ad7876e0093b198de2ce4fd9f08e1ef1f04276a,
2024-02-01,Payload delivery,ssdeep,48:YxY6wHdlpkofn16Ru+FzvDFU0NhtXN3rm/2xp9WhHp6Y2UHs1vhmObvK3moRteUr:fpkocRtp9hEA9Sr2Ss1vhPMeHLMT1x,
2024-02-01,Other,size-in-bytes,4274,
2024-02-01,Payload delivery,mime-type,application/json,
2024-02-01,Payload delivery,md5,30a3013bac8881167cf3c0c715b30c1c,Malware payload
2024-02-01,Payload delivery,sha256,e7e784d1aae0744b35ac1d71148dd2c0fc1a550f422a17546c6644758c9ed906,Malware payload
2024-02-01,Payload delivery,tlsh,t17fa185af11692cbc8714c7d659d53e9797ed0053a398ac18bced5f0c92fe4a103659,
2024-02-01,Payload delivery,ssdeep,48:Yxg3SPhJSPdqKkY7EbnlUQl2dhpk6nYK+z9SPmDF4w0dM0tXDSPGo2up9WvseNEO:QO3kBIeKezz9EEEi1vZhYooqT4dP,
2024-02-01,Other,size-in-bytes,4950,
2024-02-01,Payload delivery,mime-type,application/json,
2024-02-01,Payload delivery,md5,5bef103e536d6d1ccd655ee15a452d07,Malware payload
2024-02-01,Payload delivery,sha256,754d0ba041e47c42ce6caf318e8ac7d8b59d60a105a691dc2e69a748111b9178,Malware payload
2024-02-01,Payload delivery,tlsh,t1855623c892896779a3efe7e2fd4cd811bf80594c835109ecef086f83496d2bd9405d,
2024-02-01,Payload delivery,ssdeep,98304:SPAq7P1BdL8XfVy8KX6EPEcr8rChp36Jo5KH05sNHKcQzVpH758UQt1iJa5xQhdE:+P1/8XfpFIL8u36JII0K0HLQt1pQ4,
2024-02-01,Other,size-in-bytes,5972484,
2024-02-01,Payload delivery,mime-type,application/octet-stream,
2024-02-01,Payload delivery,md5,097a6c3b6c00cace7c4fba36571afb7f,Malware payload (RiseProStealer)
2024-02-01,Payload delivery,sha256,02938bf8e84a0c967da6ee716283a9841956e4017e91c28b0cf6d8d98549ca8f,Malware payload (RiseProStealer)
2024-02-01,Payload delivery,tlsh,t1ff4533fa0f2e9902e96da5f1008ee04aed5ff840ca453176e6ffed520d6049e275bd,
2024-02-01,Payload delivery,imphash,5ab723dc8d5af21b79dc301ed6a56a64,
2024-02-01,Payload delivery,ssdeep,24576:gkIVD1Ub+kfg3oKYdPOBVwQ1BaWnBCq89DF3v0lqNyA:fIVDeikWYcl1BaWnt89Zcq,
2024-02-01,Other,size-in-bytes,1195520,
2024-02-01,Payload delivery,mime-type,application/x-dosexec,
2024-02-01,Payload delivery,md5,6831b972af8014ff014d3104961009a6,Malware payload (RiseProStealer)
2024-02-01,Payload delivery,sha256,a1a92d862c7b5d6a2aa3e0d9336d97a72002a4550a9adf77b5273b4aced193f8,Malware payload (RiseProStealer)
2024-02-01,Payload delivery,tlsh,t1814533feb36bc48ac16872b049de394c37b07a2ce1416a61549f5e960eb149c17d7e,
2024-02-01,Payload delivery,imphash,5ab723dc8d5af21b79dc301ed6a56a64,
2024-02-01,Payload delivery,ssdeep,24576:H/5vs65Ep86KGT+7vNq3UyK/2UwQPiyIakELvaImnQ3v0lHGt9XyLDn+:f5065EPKG6Nq38lqL8iImQcHi9Xyfn+,
2024-02-01,Other,size-in-bytes,1195008,
2024-02-01,Payload delivery,mime-type,application/x-dosexec,
2024-02-01,Payload delivery,md5,1a7925af651328d2716118b051acbb0d,Malware payload
2024-02-01,Payload delivery,sha256,05c2a142eeb1d43c7348efbd73a207500084513eea53003f08f8bf9592f68a33,Malware payload
2024-02-01,Payload delivery,tlsh,t1b791636a26095dbdcb9496d3d9803ad7c76e0453e194de38e8fd8f08a1ff1f10276a,
2024-02-01,Payload delivery,ssdeep,48:YxY6wvdlpkofn16Ru+FvDF4w0NhtXpk2Kp9Wo6sUHs1vFbvKzRteU3wxioorbg6R:npkocRtxYyH97Ss1vdTHW4ux,
2024-02-01,Other,size-in-bytes,4403,
2024-02-01,Payload delivery,mime-type,application/json,
2024-02-01,Payload delivery,md5,db5072a5b50a271f02022979de536c13,Malware payload
2024-02-01,Payload delivery,sha256,7a01e13a90316dad81a1c5839bf259ef25a02167809df2d5dfbea8c0effc8a22,Malware payload
2024-02-01,Payload delivery,tlsh,t1caa187eb65681cbcca19c7c650d93b8797fc015352a4ec28ac9c5b0c93ff9b153669,
2024-02-01,Payload delivery,ssdeep,48:Yxg3SPhJSPdqKkY7EbnlUQl2nhpk6nYK+z1DF4w0dM0tXnGbZ2up9WSgyUfi1vUj:QOZkBhKWbZz9BEi1vUb8pbbYJmcP,
2024-02-01,Other,size-in-bytes,5023,
2024-02-01,Payload delivery,mime-type,application/json,
2024-02-01,Payload delivery,md5,12fa773b56c5e3d6d6eddd2d07f88e64,Malware payload
2024-02-01,Payload delivery,sha256,f8db70ed8b68ad7dec3bf2749124e55a8a75a20c6dcad219a8efa566f56a85a3,Malware payload
2024-02-01,Payload delivery,tlsh,t142a1a76b36654cbcc624c7ea54e23e4b57ad0073a1d4ad18a8ec4f5c95ee8f1037ea,
2024-02-01,Payload delivery,ssdeep,48:Yxg3SPhJSPdqKkY7EbnlUQl2xRifk/n0+aWblFDF4w0biYtXqlNBT2Hp9Wt0mUxh:QOEkTaGuIT49YMG1veKA5luBC,
2024-02-01,Other,size-in-bytes,4832,
2024-02-01,Payload delivery,mime-type,application/json,
2024-02-01,Payload delivery,md5,0164af9bf5d84b88f6d95c39bc4b07c8,Malware payload
2024-02-01,Payload delivery,sha256,1dfa8a11bff5c4b5179a3d2c8ec4216dd4e6ce42cdb712509ce44ef5913e7efe,Malware payload
2024-02-01,Payload delivery,tlsh,t198a1a8ab11681cbcc714cbc255d93a9387ed0113a2a8ad14fced5f0c92ff4b603669,
2024-02-01,Payload delivery,ssdeep,48:Yxg3SPhJSPdqKkY7EbnlUQl2Yhpk6nYK+zebDF4w0dM0tX8r82bp9WG9sYUfi1vG:QOmkBAKpg9nEi1v1/YxwQP,
2024-02-01,Other,size-in-bytes,4971,
2024-02-01,Payload delivery,mime-type,application/json,
2024-02-01,Payload delivery,md5,a3ca33135613365d85e4d9ef632d2cea,Malware payload
2024-02-01,Payload delivery,sha256,5550ed6c5df33b18356c6b6beb6dafdcbced0b1f130ba5296c2a6eaae687933e,Malware payload
2024-02-01,Payload delivery,tlsh,t178a175ab11692cbc871487d699d93e8797fd0053a2d8ac18bced6f0c92ff4b103659,
2024-02-01,Payload delivery,ssdeep,48:Yxg3SPhJSPdqKkY7EbnlUQl2Xhpk6nYK+z9SPmDF4w0dM0tXDSPGo2up9WvseNEt:QOJkBIeKezz9EEEi1vZhYOEedP,
2024-02-01,Other,size-in-bytes,4940,
2024-02-01,Payload delivery,mime-type,application/json,
2024-02-01,Payload delivery,md5,5cbd3d3b03e3a249f06a221b1c8470ec,Malware payload
2024-02-01,Payload delivery,sha256,5a612fe186f5c3ed140fb89c12e91fd31e7bac860770ba1703dc19fc931153cf,Malware payload
2024-02-01,Payload delivery,tlsh,t10a9154aa26085dbdcb9496d3e5443ac7876f0453a194ed2ce4bd8b0ca1ff1f10276a,
2024-02-01,Payload delivery,ssdeep,48:YxY6wsdlpkofn16Ru+FvDF4w0NhtXpk2Kp9Wo6sUHs1vFbvKzRteU3wxioorb8Q+:UpkocRtxYyH97Ss1vdTHW8q8x,
2024-02-01,Other,size-in-bytes,4403,
2024-02-01,Payload delivery,mime-type,application/json,
2024-02-01,Payload delivery,md5,11bc5e2fc5ae78bee18f779dc66100c4,Malware payload
2024-02-01,Payload delivery,sha256,2d23626df4df7471a3dec3bc7a10fdb8d9e0863fd4a151ec845577386774f112,Malware payload
2024-02-01,Payload delivery,tlsh,t17aa1979711685cbccb14c7c684da3aab87ed001392e4ac18eded5f0c91ff8b10265d,
2024-02-01,Payload delivery,ssdeep,48:Yxg3SPhJSPdqKkY7EbnlUQl2CMhpk6nYK+zobgDF4w0dM0tXcg/i2up9WXibUfir:QOfkBtKCz93Ei1vnfYkeEAIP,
2024-02-01,Other,size-in-bytes,4798,
2024-02-01,Payload delivery,mime-type,application/json,
2024-02-01,Payload delivery,md5,53daed715076112d3f87835cfbbbb410,Malware payload
2024-02-01,Payload delivery,sha256,eddc8024650b3d18a3db6d20e7b3168b81408ef59d65487ab039a13074de2847,Malware payload
2024-02-01,Payload delivery,tlsh,t16ea174ab31150cbcc52983ea94e13f8b97bc01635494ec24a49c5f5cd6fe8f1437ad,
2024-02-01,Payload delivery,ssdeep,48:Yxg3SPhJSPdqKkY7EbnlUQl2HRifk/n0+aWCDF4w0biYtXnQbZ2Hp9WjyUxG1vCh:QOOkTa1uAbZ49bMG1vCb8vbJAOJi,
2024-02-01,Other,size-in-bytes,5005,
2024-02-01,Payload delivery,mime-type,application/json,
2024-02-01,Payload delivery,md5,4864209ce013f5a2e7ee2e7d3b981f99,Malware payload
2024-02-01,Payload delivery,sha256,5095c81bed231f41c35a670d777074735656a5adf6f34f3c236318107c68291f,Malware payload
2024-02-01,Payload delivery,tlsh,t1eeb533f0d5321a8cea2b0b78dae16964d15bfe0ba06517be0630fe8d5ffd4782584d,
2024-02-01,Payload delivery,imphash,baa93d47220682c04d92f7797d9224ce,
2024-02-01,Payload delivery,ssdeep,49152:mG/zAFPbOrTePgaUwioH2X+16NIYVivSblDGHkYM:mt16rT0gwiWUeE6EYM,
2024-02-01,Other,size-in-bytes,2323456,
2024-02-01,Payload delivery,mime-type,application/x-dosexec,
2024-02-01,Payload delivery,md5,d9d2460d3519a711b9adf697cd3863e4,Malware payload
2024-02-01,Payload delivery,sha256,f2b6731c590889007e349979cc9c90b40df029119a0cf87776c8a0576c5877ec,Malware payload
2024-02-01,Payload delivery,tlsh,t1ba91549a27085dbcca5496e7e5903ad7876e0493f194dd2ce8fd9f08e1ef1f002759,
2024-02-01,Payload delivery,ssdeep,48:YxY6widlpkofn16Ru+FkDFU0NhtXeV2Qp9We6T2UHs1vibvKqRteU3wxioLmT6Nj:CpkocRtG9U/9K2Ss1veiHLmT6Dx,
2024-02-01,Other,size-in-bytes,4284,
2024-02-01,Payload delivery,mime-type,application/json,
2024-02-01,Payload delivery,md5,a4a467a5ea294c4f3ada62c7ed6df5c1,Malware payload
2024-02-01,Payload delivery,sha256,19c46ab17e1a1e07cc0727d3fc22ee25802b5bb630116520914274c250debb03,Malware payload
2024-02-01,Payload delivery,tlsh,t1c391757662181cbe8a28869be0447ae35bfe05a391d4ec28c4be5f5ca1ff6f101765,
2024-02-01,Payload delivery,ssdeep,96:zOzOf+km7O8ZlOFKiwTH9DnT71vfihHxisoZ5BKZ4+:3PHKT9TTx+RJoDBs3,
2024-02-01,Other,size-in-bytes,4272,
2024-02-01,Payload delivery,mime-type,application/json,
2024-02-01,Payload delivery,md5,e0bf57d4d99569f79bd8cef7a7121e53,Malware payload
2024-02-01,Payload delivery,sha256,b145a8e71603ce368964e21c34b6e1f15f619553078c63c1ac621ecbdc5e42a3,Malware payload
2024-02-01,Payload delivery,tlsh,t182a1b7ab35660cbcca1487eb98d13e8b57ad01b39194dc18b8ed5f4c81fe4f103799,
2024-02-01,Payload delivery,ssdeep,48:Yxg3SPhJSPdqKkY7EbnlUQl2uRifk/n0+aW0DF4w0biYtXnR2Hp9WO8ZUxG1v+br:QOZkTa1uh49AMG1vSmAShbVe,
2024-02-01,Other,size-in-bytes,4866,
2024-02-01,Payload delivery,mime-type,application/json,
2024-02-01,Payload delivery,md5,f0aacae70b6f530005faecbaf8596d04,Malware payload
2024-02-01,Payload delivery,sha256,ba7ee4d2be996ac7e8734e4adc4525afaefdb9f5545be94333e3c9b8b4ad78bd,Malware payload
2024-02-01,Payload delivery,tlsh,t19091b6b7152c4cbcca1487d396903b87567f81a7e0849e68baf88f0ce0fe1b51136a,
2024-02-01,Payload delivery,ssdeep,48:Yx5AvwlYYwz9GKbsJkmnh+0DFU0omOtXxR23p9WtY2UKJ1vybaKqRrC3wxioiySk:YAvwlCWkv0S7U9/2FJ1vu8iuknN3E,
2024-02-01,Other,size-in-bytes,4323,
2024-02-01,Payload delivery,mime-type,application/json,
2024-02-01,Payload delivery,md5,3ecdf72eea0cf3eb2f593829979c08f1,Malware payload
2024-02-01,Payload delivery,sha256,2b6b9fc7ad0ba570b5d93d70c17f6224ac450a39198b511173a05f6ec3730019,Malware payload
2024-02-01,Payload delivery,tlsh,t1f891879a26095dbdca4496d3d8503ad7876e0093b194dd2ce4fd9f08e1ef1f04276e,
2024-02-01,Payload delivery,ssdeep,48:YxY6w0dlpkofn16Ru+FzvDFU0NhtXN3rm/2xp9WhHp6Y2UHs1vhmObvK3moRteU5:8pkocRtp9hEA9Sr2Ss1vhPMeHLiNx,
2024-02-01,Other,size-in-bytes,4274,
2024-02-01,Payload delivery,mime-type,application/json,
2024-02-01,Payload delivery,md5,40b81e4c5bfb5b06526e2d2c29ce96c6,Malware payload
2024-02-01,Payload delivery,sha256,279fcd636588a959f99ac9f678bbe15156eb3f13fca0fdb4273c41f95d7857d5,Malware payload
2024-02-01,Payload delivery,tlsh,t111b533d1f9f220eedaab07b9a630c78e851b6db79090486d5478f275073c179b2dac,
2024-02-01,Payload delivery,imphash,baa93d47220682c04d92f7797d9224ce,
2024-02-01,Payload delivery,ssdeep,49152:AhxrSeqUIU58YHZEc+nuKVMnPufk+5f9qjtjtUY86z:AhY+58YKc+4PufrVkIY86z,
2024-02-01,Other,size-in-bytes,2338816,
2024-02-01,Payload delivery,mime-type,application/x-dosexec,
2024-02-01,Payload delivery,md5,12a83351e8dff09ea901bfcb5293fbd2,Malware payload
2024-02-01,Payload delivery,sha256,ce4101d09f6bfc4c01e26579ba3b11781ff035776ca3f3ff4b4a310f63f7345e,Malware payload
2024-02-01,Payload delivery,tlsh,t1e1929f35a8a1641b4037d8f9356fa28df82194078c4748a4b11f412dcbf6e934baff,
2024-02-01,Payload delivery,ssdeep,384:OftrMf+F0e0H3nG2W6E45wse5QjuFwgzxdaqlU4:tIn0H3nGh6tOseQZgraqb,
2024-02-01,Other,size-in-bytes,19559,
2024-02-01,Payload delivery,mime-type,text/html,
2024-02-01,Payload delivery,md5,7dcbb4a49660b7f9fb2e59922d519cf4,Malware payload
2024-02-01,Payload delivery,sha256,be65f6d80919cc15b2782f1be504eb97c49ef4f92552725056855bb4c7dcc3f6,Malware payload
2024-02-01,Payload delivery,tlsh,t136a1855f31551cac861487ea98e13e8b97ad00a3a094ec18f8ed5f4c96fe8f103769,
2024-02-01,Payload delivery,ssdeep,48:Yxg3SPhJSPdqKkY7EbnlUQl2GRifk/n0+aWKSPmDF4w0biYtXDSPGq2Hp9WcseNw:QO5kTaUeuef49VEMG1vHRAyFn7t,
2024-02-01,Other,size-in-bytes,4922,
2024-02-01,Payload delivery,mime-type,application/json,
2024-02-01,Payload delivery,md5,3d399fe897687aba8770af00b2c5682c,Malware payload
2024-02-01,Payload delivery,sha256,d323ad37726a446870088574da994f58934ce6a44b17d8f06f0c10cf27ba9ca3,Malware payload
2024-02-01,Payload delivery,tlsh,t1aba1935732554cbc8b2487ee94e23aab47ad0067a1949c24e9ed4f4c91ff8f10276d,
2024-02-01,Payload delivery,ssdeep,48:Yxg3SPhJSPdqKkY7EbnlUQl2ZRifk/n0+aWHbgDF4w0biYtXcgFi2Hp9WoibUxGJ:QO8kTaRug49KMG1v5vAq5L,
2024-02-01,Other,size-in-bytes,4780,
2024-02-01,Payload delivery,mime-type,application/json,
2024-02-01,Payload delivery,md5,752a282926cf6dd6e9f1b8d8d1f53777,Malware payload
2024-02-01,Payload delivery,sha256,824c555b8293cc96c90738d6eadcf49c8eb4cf1905276369e7a070d985916707,Malware payload
2024-02-01,Payload delivery,tlsh,t1f1918426661c0cbdc7284b92e05c7a976bae027391c4fd2898bd8f4ca5ff2f141769,
2024-02-01,Payload delivery,ssdeep,96:jjtekxq8pVFawTH9o2nTv71vzhHtsIZhvHOuR+:jjtvguFaA9o2nbdhNsIrvuuR+,
2024-02-01,Other,size-in-bytes,4225,
2024-02-01,Payload delivery,mime-type,application/json,
2024-02-01,Payload delivery,md5,52507ec5d314066d1c119f89bce06ed0,Malware payload (BumbleBee)
2024-02-01,Payload delivery,sha256,629d06c10155e44f29dd2abb56e6d4ad3eab08816b781cba344ec139d6fb4d6d,Malware payload (BumbleBee)
2024-02-01,Payload delivery,tlsh,t17c45e011e6920fe8d4b651b781ab252fbb307e1d4724d377eb80d23b7d827905b1ab,
2024-02-01,Payload delivery,imphash,47e01530ad43ec939d1c47709a80a5c6,
2024-02-01,Payload delivery,ssdeep,24576:hmJByBxUwi/uUy74InSKf290MFK7YnlAf46KE/eRLlBi303/Un1lrZQuwnHrrddz:02O+SKfQhvlB1v6rileRM,
2024-02-01,Other,size-in-bytes,1224714,
2024-02-01,Payload delivery,mime-type,application/x-dosexec,
2024-02-01,Payload delivery,md5,488c46a72850ba94beb125d336e8aad0,Malware payload
2024-02-01,Payload delivery,sha256,1f13e6afd4c6bb11404ce570c1f4385ac447d59559fb17c223b000f88a5add11,Malware payload
2024-02-01,Payload delivery,tlsh,t1a191417166180c7e873482d6b4557ad767be0267a0d4ec2ca8ed4f0ca6ff1f205b6a,
2024-02-01,Payload delivery,ssdeep,48:YxC6t2fbZkvnY+Cs+DF4w0nltXPSjeUT2Gp9WnTUd81vdE7b/KcRezbC3wxioor5:9bZknCs+w/05TH9I681vdEHAbpZcB+O,
2024-02-01,Other,size-in-bytes,4238,
2024-02-01,Payload delivery,mime-type,application/json,
2024-02-01,Payload delivery,md5,7acf848a66bfbbd59da8602220c7d178,Malware payload
2024-02-01,Payload delivery,sha256,788c12f39fa92b91c97be32fc7c72525af9475dccccefa0b29994a8699b97929,Malware payload
2024-02-01,Payload delivery,tlsh,t148b533e6fc391487e21727b696159bea685f3da7623cca3ca624f18047bd472012bf,
2024-02-01,Payload delivery,imphash,baa93d47220682c04d92f7797d9224ce,
2024-02-01,Payload delivery,ssdeep,49152:VI5Hq3nKpYaGV7Ks4hfr5vd45jonnM6idI+fWhK3GepdrN:Vmq3KSrFF4hfb4ynM6aI+OhKlpd,
2024-02-01,Other,size-in-bytes,2341888,
2024-02-01,Payload delivery,mime-type,application/x-dosexec,
2024-02-01,Payload delivery,md5,76548f8ef660288cc062694ad73885c6,Malware payload (Amadey)
2024-02-01,Payload delivery,sha256,01b05c4dd94f7a0d7f55d2580162ac3e181962af1778726e3c27a5bf2615714b,Malware payload (Amadey)
2024-02-01,Payload delivery,tlsh,t1ec0533e51d6581f2d636b7f1a44106a3bf2cbd2896019e82561fc2630ee08ffdf5e9,
2024-02-01,Payload delivery,imphash,7515ecf8c0dfa4d230ad835fe0acb57f,
2024-02-01,Payload delivery,ssdeep,12288:i80x8wqlRtIfFGTnWo7YNQDLPxez8dFlZqBEQ69APGk6xqJzXs2Nb0lvP2RsA:zcNGTnfwQQz+8KJ5NxqZXsXP2RsA,
2024-02-01,Other,size-in-bytes,809472,
2024-02-01,Payload delivery,mime-type,application/x-dosexec,
2024-02-01,Payload delivery,md5,0496399d4c5806bb824e5fc779292234,Malware payload
2024-02-01,Payload delivery,sha256,60ab32840c222614dc29738e48a2059f96c381dd93f33961f43f92d8ec6264f8,Malware payload
2024-02-01,Payload delivery,tlsh,t17d533a0db7c79325caa40ab580e3c46817f2ab9b25b3d68f3dc512c50f227e5dd827,
2024-02-01,Payload delivery,imphash,f34d5f2d4577ed6d9ceec516c1f5a744,
2024-02-01,Payload delivery,ssdeep,768:CS7yeq08/1WCPWoxC1soyr1E8HKDc47CTXgM1Kd29D7JqB+ANYUmRLZUdUiouLVo:CKTKlWCBrSrQXgM1KdENqBtYUc4V0Am,
2024-02-01,Other,size-in-bytes,62464,
2024-02-01,Payload delivery,mime-type,application/x-dosexec,
2024-02-01,Payload delivery,md5,15e88f51df0cdec60adfd1f7e869e851,Malware payload
2024-02-01,Payload delivery,sha256,9ec7ec1db59b637f201c16e6ee839efbf2ba375ac33d937b352d9814eaf72e5c,Malware payload
2024-02-01,Payload delivery,tlsh,t11291522629386c7cc658c8ca98fc3d4f567d105bf1609c18a6dd8e0ae2ff1f283a61,
2024-02-01,Payload delivery,ssdeep,96:eyDbrkYOhDH5R0DWfrfT594ds1Y7g1vUreHTMsgiFEOwyJeR:ey/QThr5RIWfrt94ds1Y7FrezMsgiFEL,
2024-02-01,Other,size-in-bytes,4624,
2024-02-01,Payload delivery,mime-type,application/json,
2024-02-01,Payload delivery,md5,3a8a4798bd7e3ad367738685200faa2d,Malware payload
2024-02-01,Payload delivery,sha256,8c0b2bebeb4bff297cb017eb220ff04614491c4b20fb23b72fff34333ba750cd,Malware payload
2024-02-01,Payload delivery,tlsh,t197933ab2eea81b561d4b2766ec417e41c17c8206b5364475fefd038e640a49ebbff2,
2024-02-01,Payload delivery,ssdeep,1536:ZQM34SckQSVpA3tRP5mk0OdLpghmkgXLDlynHaPpayb0uAeYA8S:Z334SVQSVpA33D65olyob9Ae+S,
2024-02-01,Other,size-in-bytes,93241,
2024-02-01,Payload delivery,mime-type,text/plain,
2024-02-01,Payload delivery,md5,a7958b3ba76c76326b8053d46118b7ef,Malware payload
2024-02-01,Payload delivery,sha256,b25f60bb221cb3e28ed5a8a0703f0371e5befe4d69c7a27e2659824930d373c6,Malware payload
2024-02-01,Payload delivery,tlsh,t1e5934aa1df550b560e4b27e5fc41a9e1c9bcc1012b334065feea034d724a5dcafbe6,
2024-02-01,Payload delivery,ssdeep,1536:PQKYjNQzqpTORmhcRRZxBuAnOXfpxyqHwIYy1BN0Gc5Q8B:PHYjNQzqpTEdWeOjyK1BN0Gc1B,
2024-02-01,Other,size-in-bytes,92995,
2024-02-01,Payload delivery,mime-type,text/plain,
2024-02-01,Payload delivery,md5,faf88460beaffdc6ba24e4d573c1c2d3,Malware payload
2024-02-01,Payload delivery,sha256,ba7f2f9bd21942a2566b33b7fc9e4be233617d6685927a36a057c087866cb540,Malware payload
2024-02-01,Payload delivery,tlsh,t154a1a7ab65795cfcc724c7c655c63a8397ed001362a8ad14eced5f0c92fe8b14269a,
2024-02-01,Payload delivery,ssdeep,48:Yxg3SPhJSPdqKkY7EbnlUQl2Thpk6nYK+zMlFDF4w0dM0tXqlNjT2up9WMTv0mUs:QOJkB6KoTz9DEi1vgQY0nP,
2024-02-01,Other,size-in-bytes,4850,
2024-02-01,Payload delivery,mime-type,application/json,
2024-02-01,Payload delivery,md5,39613ae85462af7f6abd21f8ad3b3b30,Malware payload
2024-02-01,Payload delivery,sha256,d5ec74e7647b8ad0cded69b51030eda2657d7f0db08b447f0a1498012bb67e18,Malware payload
2024-02-01,Payload delivery,tlsh,t17591b5b7162c0cbc8a2487d7a9643bd7967f4567e0849d58b8bc8f0ce0fe1f10136a,
2024-02-01,Payload delivery,ssdeep,96:YAvwl4kvQISnya0o9HT2FJ1vltPBi9mYnE:YAveXo9z2FBi9moE,
2024-02-01,Other,size-in-bytes,4329,
2024-02-01,Payload delivery,mime-type,application/json,
2024-02-01,Payload delivery,md5,31eed48b6a001c08b74261819679ae06,Malware payload
2024-02-01,Payload delivery,sha256,f85f1d9dcbdbaa65e6a917eb21a33d2df4d115e83c0d8924c76c2659f6ff95fd,Malware payload
2024-02-01,Payload delivery,tlsh,t14fa1a6ab11295c7ccb10c7c695c93a8797ed015353a4ec18fded5f0c92fe8a143659,
2024-02-01,Payload delivery,ssdeep,48:Yxg3SPhJSPdqKkY7EbnlUQl2fhpk6nYK+z1DF4w0dM0tXnT2up9WSFo8ZUfi1vAy:QOhkB5KDz9vLEi1vYYY3yP,
2024-02-01,Other,size-in-bytes,4874,
2024-02-01,Payload delivery,mime-type,application/json,
2024-02-01,Payload delivery,md5,60c3e4e0538a0e712e3174cc4c0c1b5c,Malware payload
2024-02-01,Payload delivery,sha256,4e3709772f471f648e3239da55435067f03af96d33b3ecf87887775c4236d08a,Malware payload
2024-02-01,Payload delivery,tlsh,t1449194e7b0155eb8c51fc9ea56a938cecabc001390709c1ce5ae4b4b98fe1b11363d,
2024-02-01,Payload delivery,ssdeep,96:XGD9k0yan4wgaBSQcsTN9+BMOy0G1vRctHsz9UAeGK8NXQLVXr:X0049rVGmldXQB,
2024-02-01,Other,size-in-bytes,4529,
2024-02-01,Payload delivery,mime-type,application/json,
2024-02-01,Payload delivery,md5,8b1f9713f1c4014724419ae677ba9e6c,Malware payload
2024-02-01,Payload delivery,sha256,229f25c7a9d4a1fb8f7a770b182bef84d9518c9b651a68123820ac349aeaa061,Malware payload
2024-02-01,Payload delivery,tlsh,t1d0a1a6ab32550cbc862487eb94e53e4b87ad0163a0d4ed18f4ad4f4c95ff8f6037a9,
2024-02-01,Payload delivery,ssdeep,48:Yxg3SPhJSPdqKkY7EbnlUQl2pRifk/n0+aW/bDF4w0biYtX8rG2xp9WoKsYUxG16:QOEkTakuNe9yMG1vbDA/B,
2024-02-01,Other,size-in-bytes,4952,
2024-02-01,Payload delivery,mime-type,application/json,
2024-02-01,Payload delivery,md5,7ab5724f1b1c8cac03f057f4f9b27fe1,Malware payload
2024-02-01,Payload delivery,sha256,af59e3ba659f77c0a1af974581009d0202ed75c004f2d4d778e5e02871a3b30a,Malware payload
2024-02-01,Payload delivery,tlsh,t1ba532b09bb879221c5660ab4c0fbd4204af297cb2673e64b7dc413c50e56fe5ee437,
2024-02-01,Payload delivery,imphash,f34d5f2d4577ed6d9ceec516c1f5a744,
2024-02-01,Payload delivery,ssdeep,768:qKcW8/1WXIrBPVbGqJEALQPyx0DXQ37Q+fO/ZoS8w4/V4YapVVLX2fFL:qGKQ+dpJEAAI0Dw00KoS8w4/V4rFLYL,
2024-02-01,Other,size-in-bytes,63488,
2024-02-01,Payload delivery,mime-type,application/x-dosexec,
2024-02-01,Payload delivery,md5,a4b43298aa953542a0076ecd940bf3b7,Malware payload
2024-02-01,Payload delivery,sha256,88f8ec68a30d31297d155bbf8a2d3e095dc1058a6dfaee787869e234cde36a8d,Malware payload
2024-02-01,Payload delivery,tlsh,t163a1c6ab35264c7cca1487ea98e13e8b57ac00b3a1d4ec14b9ad5f4c81fe8f103769,
2024-02-01,Payload delivery,ssdeep,48:Yxg3SPhJSPdqKkY7EbnlUQl2BZRifk/n0+aW0DF4w0biYtXnR2Hp9WO8ZUxG1v+b:QOLmkTa1uh49AMG1vSmAZdM2,
2024-02-01,Other,size-in-bytes,4866,
2024-02-01,Payload delivery,mime-type,application/json,
2024-02-01,Payload delivery,md5,233caa1a50e7698ec89d8c045456023a,Malware payload
2024-02-01,Payload delivery,sha256,d8f2396d371bcbcbd4ffec9613234cf3b5d830c96eaefd7fa57f6e7253ad0d7a,Malware payload
2024-02-01,Payload delivery,tlsh,t12391517162080c7dc73482d6b8597ad767be0267a0d4ec28a8fd4f0ca6ef1f205b5a,
2024-02-01,Payload delivery,ssdeep,48:YxCjt2fbZkvnY+Cs+DF4w0nltXPSjeUT2Gp9WnTUd81vdE7b/KcRezbC3wxioorL:IbZknCs+w/05TH9I681vdEHAbpZcVERO,
2024-02-01,Other,size-in-bytes,4238,
2024-02-01,Payload delivery,mime-type,application/json,
2024-02-01,Payload delivery,md5,824e8ce84cbade937252b218e268e8e2,Malware payload
2024-02-01,Payload delivery,sha256,6d9f73779e5c926d613afdd2d5890bfe95cadd81292563605ad0f02e2c6f2614,Malware payload
2024-02-01,Payload delivery,tlsh,t19aa195ab32550cbc86248beb94e53e4b476c01a3a194ed18f4ad4f4c95ff8f5037a9,
2024-02-01,Payload delivery,ssdeep,48:Yxg3SPhJSPdqKkY7EbnlUQl2MRifk/n0+aW/bDF4w0biYtX8rG2xp9WoKsYUxG1m:QOfkTakuNe9yMG1vbDAwzo,
2024-02-01,Other,size-in-bytes,4952,
2024-02-01,Payload delivery,mime-type,application/json,
2024-02-01,Payload delivery,md5,71148fb6f9f87d6ff945ece47ae7fe2c,Malware payload
2024-02-01,Payload delivery,sha256,af23b6e2f822f12d65d7b584fda375eb5c900060e8929dec382b9a797180ef9f,Malware payload
2024-02-01,Payload delivery,tlsh,t15991659a27085dbcc65496d3e5843ad7876e0493b194ed2ce9fc9f08e1ef1f002769,
2024-02-01,Payload delivery,ssdeep,48:YxY6wmdlpkofn16Ru+FkDFU0NhtXeV2Qp9We6T2UHs1vibvKqRteU3wxioLC0BlA:mpkocRtG9U/9K2Ss1veiHLXlV4x,
2024-02-01,Other,size-in-bytes,4274,
2024-02-01,Payload delivery,mime-type,application/json,
2024-02-01,Payload delivery,md5,218116f57f8588b1b2cb32141cfd832e,Malware payload
2024-02-01,Payload delivery,sha256,b9ded597b0074a7ec0daf757400e0d0952f9f10693b899803afa541a856a2db0,Malware payload
2024-02-01,Payload delivery,tlsh,t157a1a3ab15695c7ccb14c7c295c93a8797ed005363a8ec18bdad6f0c82fe8b142659,
2024-02-01,Payload delivery,ssdeep,48:Yxg3SPhJSPdqKkY7EbnlUQl2/hpk6nYK+z1DF4w0dM0tXnT2up9WSFo8ZUfi1vAt:QO5kB5KDz9vLEi1vYYY+M4kP,
2024-02-01,Other,size-in-bytes,4874,
2024-02-01,Payload delivery,mime-type,application/json,
2024-02-01,Payload delivery,md5,4afdd3dd336d1b5acd8660986e795f27,Malware payload (RiseProStealer)
2024-02-01,Payload delivery,sha256,f9f5d7f20d4bb20f541bdbd3ec02884f22bd877faa0edd728c7db468c3b81bf2,Malware payload (RiseProStealer)
2024-02-01,Payload delivery,tlsh,t1fd4533fe125925f8e500b7fd74da93a2dbbc79915249a266b90fc3610db09ce6f0f8,
2024-02-01,Payload delivery,imphash,5ab723dc8d5af21b79dc301ed6a56a64,
2024-02-01,Payload delivery,ssdeep,24576:JMdbaOwuUxrrHOtRs26+6UI/wQUnz+8xSlWd0P0y/ez:JMdWX9rutRc0mleLdI3/Y,
2024-02-01,Other,size-in-bytes,1195520,
2024-02-01,Payload delivery,mime-type,application/x-dosexec,
2024-02-01,Payload delivery,md5,a4c12c6b6b5d107e3c5c353f0a5d83a4,Malware payload (Amadey)
2024-02-01,Payload delivery,sha256,15d734a4434ea0ff4f88f3506576a885def2c0f4edc07c97602c6f0f739c6234,Malware payload (Amadey)
2024-02-01,Payload delivery,tlsh,t12f0523ed0f5f3060f2c5c7b6668a8e81399e791cc314a711879f27251ea80bd9f475,
2024-02-01,Payload delivery,imphash,7515ecf8c0dfa4d230ad835fe0acb57f,
2024-02-01,Payload delivery,ssdeep,12288:X6e3rGqqgHN2s1Q3SrGfZRnDzo7YNQAGnBaWnBsPDqWOFVNkfyXNpby4d8RjCsgM:v6qqgt2B1XngwQlBaWnBCqNd8RvgUt1,
2024-02-01,Other,size-in-bytes,809984,
2024-02-01,Payload delivery,mime-type,application/x-dosexec,
2024-02-01,Payload delivery,md5,9f31a38db787cfd5141e3ca938a28fef,Malware payload (Ransomware.Stop)
2024-02-01,Payload delivery,sha256,f205d2eb5b12579262e281566e01618ddacbd97cc093e8908c6828c05f9e0e93,Malware payload (Ransomware.Stop)
2024-02-01,Payload delivery,tlsh,t1ede4123235e0c473edbbb6345933c06cad3fbc72aa74921b32892f5e4d226919a513,
2024-02-01,Payload delivery,imphash,471a0f1afca8daf6a6e12651ef14acd4,
2024-02-01,Payload delivery,ssdeep,12288:d4w37ZVAWd2JBQdh7PjRpLrLgu5o9q24VLTcpd3QeuXv4MNgLSgBn:dHkhJBQdh3jbgun24VLT8Qeu/4MpC,
2024-02-01,Other,size-in-bytes,702976,
2024-02-01,Payload delivery,mime-type,application/x-dosexec,
2024-02-01,Payload delivery,md5,2c8fbb465b19235b8b8c52eb8787c314,Malware payload
2024-02-01,Payload delivery,sha256,6a1c8453e424e5ccee78b81739dcc7459df9ea955fe7f9befdd1ad03efc00aad,Malware payload
2024-02-01,Payload delivery,tlsh,t17a917522251c0cbec6258b93e05c76d76bae0263a0c4fd2898bd9f0cb5ff2b141769,
2024-02-01,Payload delivery,ssdeep,96:jjsekxq8pVFawTH9o2nTv71vzhHtsIZhXiR+:jjsvguFaA9o2nbdhNsIrXiR+,
2024-02-01,Other,size-in-bytes,4225,
2024-02-01,Payload delivery,mime-type,application/json,
2024-02-01,Payload delivery,md5,ed47458617ea060d4cab387ea9712cd9,Malware payload
2024-02-01,Payload delivery,sha256,0e8c001e2376aadc75016217d95ece5cb7c5f93550d7f2f486a7d9658fd5fc95,Malware payload
2024-02-01,Payload delivery,tlsh,t11ba1749b11692cbc8714c7d299d53e8797ed0053a298ac18bded6f0c93fe8b103655,
2024-02-01,Payload delivery,ssdeep,48:Yxg3SPhJSPdqKkY7EbnlUQl2ghpk6nYK+z9SPmDF4w0dM0tXDSPGo2up9WvseNEM:QOWkBIeKezz9EEEi1vZhYAWdP,
2024-02-01,Other,size-in-bytes,4940,
2024-02-01,Payload delivery,mime-type,application/json,
2024-02-01,Payload delivery,md5,1f2ef4e7018333637fe31e6501a64334,Malware payload
2024-02-01,Payload delivery,sha256,dc9e94781428c9d4afa523b90647f88f3d0ac4070bd6d355cda15f03813df4c2,Malware payload
2024-02-01,Payload delivery,tlsh,t1de91b4b716284cac8a2487d795903b9756bf4267f0849e68f9ec8f08e0fe1f51137a,
2024-02-01,Payload delivery,ssdeep,48:Yx5AvwlYYwcKbsJkmnh+0DFU0omOtXxR23p9WtY2UKJ1vybaKqRrC3wxioi8xUki:YAvwlTkv0S7U9/2FJ1vu8i8LZE,
2024-02-01,Other,size-in-bytes,4333,
2024-02-01,Payload delivery,mime-type,application/json,
2024-02-01,Payload delivery,md5,83dbaf7bc95312e6b6853fd0287b810e,Malware payload
2024-02-01,Payload delivery,sha256,9eeb84453a4bc589ac5290ff336dd55f87de60503de459368017ad3fadbf8ead,Malware payload
2024-02-01,Payload delivery,tlsh,t1dfa1a56b31551cac851487eb98e13e8b97bd00a3a184ac18f8ad5f4c96fe8f103799,
2024-02-01,Payload delivery,ssdeep,48:Yxg3SPhJSPdqKkY7EbnlUQl2akRifk/n0+aWKSPmDF4w0biYtXDSPGq2Hp9WcseO:QOgJkTaUeuef49VEMG1vHRAxwt,
2024-02-01,Other,size-in-bytes,4932,
2024-02-01,Payload delivery,mime-type,application/json,
2024-02-01,Payload delivery,md5,676fd4ddf9d1d5a2f772b543d68e1dfc,Malware payload
2024-02-01,Payload delivery,sha256,afd68b5f6b5f3d562c5671ab9792fc0aac6e64b24dc266a695ba0a5ddce2d709,Malware payload
2024-02-01,Payload delivery,tlsh,t1dfa1a7ab25795cbccb24c7c695993e8357ed0013a3a4ad14ecac5f0c81fe871427aa,
2024-02-01,Payload delivery,ssdeep,48:Yxg3SPhJSPdqKkY7EbnlUQl2jhpk6nYK+zMlFDF4w0dM0tXqlNjT2up9WMTv0mUz:QOhkB6KoTz9DEi1vgQYo3YP,
2024-02-01,Other,size-in-bytes,4860,
2024-02-01,Payload delivery,mime-type,application/json,
2024-02-01,Payload delivery,md5,b7ec7f94156788c7c2f69582bc500e47,Malware payload
2024-02-01,Payload delivery,sha256,0bdaf5566b602cb0a29444cebc2e38010352b09f112d0c7d6d581abee4521578,Malware payload
2024-02-01,Payload delivery,tlsh,t1b6a1989b11681cbd8714cbc355d93e8787ed0113a298ac18fcad5f0c81ff5b603669,
2024-02-01,Payload delivery,ssdeep,48:Yxg3SPhJSPdqKkY7EbnlUQl2zKhpk6nYK+zebDF4w0dM0tX8r82bp9WG9sYUfi1G:QOgkBAKpg9nEi1v1/YYuSqP,
2024-02-01,Other,size-in-bytes,4971,
2024-02-01,Payload delivery,mime-type,application/json,
2024-02-01,Payload delivery,md5,2d15ff14a18badbfd45bc1a191b73857,Malware payload (RiseProStealer)
2024-02-01,Payload delivery,sha256,9591638b8f6367a3ea5c612986398647f1806defab0de580f53af833595fe31b,Malware payload (RiseProStealer)
2024-02-01,Payload delivery,tlsh,t1fe4533f8e34bf5c1e9aab671218aa54a6430fd8c89012b97515f23258dbcdcd375f8,
2024-02-01,Payload delivery,imphash,5ab723dc8d5af21b79dc301ed6a56a64,
2024-02-01,Payload delivery,ssdeep,24576:VfEpLJlbDqmve4aKZeEy6WH8e4vrWwQ3iyIakELhFeR8GkGie:9EJ3qvoNy6WHH4v6lSL8hQfkGie,
2024-02-01,Other,size-in-bytes,1195520,
2024-02-01,Payload delivery,mime-type,application/x-dosexec,
2024-02-01,Payload delivery,md5,3564260f9a3a7158512596a3c15662af,Malware payload
2024-02-01,Payload delivery,sha256,dc998224756166f756e4e2be56f0d551e383a4655e256947eb83a833c659714f,Malware payload
2024-02-01,Payload delivery,tlsh,t14bb533f526b53040c247433d201ea315f04f9d4b58aac7b91e40fea8ab7d5beba47d,
2024-02-01,Payload delivery,imphash,baa93d47220682c04d92f7797d9224ce,
2024-02-01,Payload delivery,ssdeep,49152:oiT3qaigYI5JPLLmcNAKBRt4hDOPEwnVjZbd13nBai:oiOayI5EcNAKnKhasK34,
2024-02-01,Other,size-in-bytes,2336768,
2024-02-01,Payload delivery,mime-type,application/x-dosexec,
2024-02-01,Payload delivery,md5,e03823fdf348099c6424f88eaf1dd63d,Malware payload (Smoke Loader)
2024-02-01,Payload delivery,sha256,24ba74c192a23e3bf4c905261114a43b5a1d066c208fe0a4295e90a0d12eef02,Malware payload (Smoke Loader)
2024-02-01,Payload delivery,tlsh,t15e14c02539f0c472f6a7453069b4d2a16a7fbcb2aa75858f72542b3f6d322d19f213,
2024-02-01,Payload delivery,imphash,471a0f1afca8daf6a6e12651ef14acd4,
2024-02-01,Payload delivery,ssdeep,3072:SJmSLHTIY5mztfqRdLKNRQywZ7hjpJIZZBueupI6A58MoaVn:0mSLsY5+1qRFYqDPKBuvfda,
2024-02-01,Other,size-in-bytes,193024,
2024-02-01,Payload delivery,mime-type,application/x-dosexec,
2024-02-01,Payload delivery,md5,37bf3f0fba02e1eee64573ea46ab15e2,Malware payload
2024-02-01,Payload delivery,sha256,88f53bcac0267af94cc1c7b3f4f2d6831fa1b705ed413ea2371a677e6c44b27f,Malware payload
2024-02-01,Payload delivery,tlsh,t1fe91652661180cbec628869be4443bf35bee05a391d4ec28d4be5f5ca0ff6f101b69,
2024-02-01,Payload delivery,ssdeep,96:zOzOF+km7O8ZlOFKiwTH9DnT71vfihHxisoZ5tsD394+:9PHKT9TTx+RJoDw93,
2024-02-01,Other,size-in-bytes,4272,
2024-02-01,Payload delivery,mime-type,application/json,
2024-02-01,Payload delivery,md5,05646a9860b0b774c3e22075a38f65a7,Malware payload
2024-02-01,Payload delivery,sha256,a4e0cfb648320f2a8a2243bba88e8275dc201979f943abd0371398a96053e663,Malware payload
2024-02-01,Payload delivery,tlsh,t1d7a1b66b36654cbcc524c7da95e23e8b53ac0073a1d4ec14a8ac5f5c95fe8f1037ea,
2024-02-01,Payload delivery,ssdeep,48:Yxg3SPhJSPdqKkY7EbnlUQl2pRifk/n0+aWblFDF4w0biYtXqlNBT2Hp9Wt0mUxf:QOIkTaGuIT49YMG1veKALIjk,
2024-02-01,Other,size-in-bytes,4842,
2024-02-01,Payload delivery,mime-type,application/json,
2024-02-01,Payload delivery,md5,95689ba87c8f2f4f03c453df09e36bda,Malware payload
2024-02-01,Payload delivery,sha256,8bb457c060c7748eadb32b8506d32d71662083360e5dd3918353eb694642681e,Malware payload
2024-02-01,Payload delivery,tlsh,t17941cc7ccf29fce0037db0a088492e2620949e57d6f58e24d9574ee62d7c24acf2b1,
2024-02-01,Payload delivery,ssdeep,48:LGfEFWuJqs9HZNjd+SfprcKyK0hE6S1FtfsC5P3RX5ZWiaoIhSNti:LGfEFW87jd+Sfpbaq6S1FtfsC5P39EfX,
2024-02-01,Other,size-in-bytes,2219,
2024-02-01,Payload delivery,mime-type,text/plain,
2024-02-01,Payload delivery,md5,3b83e5052e6e1a441ed601db1b2c7e1d,Malware payload
2024-02-01,Payload delivery,sha256,d8f0ef78a5cfcabaa193cab88ab9d6bfd923da10ac39f72045176109b7f6b166,Malware payload
2024-02-01,Payload delivery,tlsh,t13091859a26095dbcc65497d3e8803ad7876e1093f1a8dd2ce4fc9f08e1ef1f04276a,
2024-02-01,Payload delivery,ssdeep,48:YxY6wgdlpkofn16Ru+FzvDFU0NhtXN3rm/2xp9WhHp6Y2UHs1vhmObvK3moRteUV:4pkocRtp9hEA9Sr2Ss1vhPMeHL/U/nx,
2024-02-01,Other,size-in-bytes,4274,
2024-02-01,Payload delivery,mime-type,application/json,
2024-02-01,Payload delivery,md5,e77a825dd76d29ccfdbd5d72d9b41bf9,Malware payload
2024-02-01,Payload delivery,sha256,86672dc650989cbbd7c91b8df3d41c70169885229e398ae7a6cd8888f779eddd,Malware payload
2024-02-01,Payload delivery,tlsh,t1a3a1869716685dbccf14c7d645da3aab47ed005392a4ac14eded5f0c91ff8710226e,
2024-02-01,Payload delivery,ssdeep,48:Yxg3SPhJSPdqKkY7EbnlUQl21Whpk6nYK+zobgDF4w0dM0tXcg/i2up9WXibUfiZ:QO+kBtKCz93Ei1vnfYoybyxbP,
2024-02-01,Other,size-in-bytes,4798,
2024-02-01,Payload delivery,mime-type,application/json,
2024-02-01,Payload delivery,md5,6047bb9bb33238fead698927181e3cb5,Malware payload
2024-02-01,Payload delivery,sha256,25168e1d36ff730d6f5d0d537395910eafb3de5e00ed91ea9350fc757a580da7,Malware payload
2024-02-01,Payload delivery,tlsh,t193a1b76735554cbcc624c7ea94e23e8b57ac00b3a194ed14e8ac5f5c90fe8f1027ea,
2024-02-01,Payload delivery,ssdeep,48:Yxg3SPhJSPdqKkY7EbnlUQl2rRifk/n0+aWblFDF4w0biYtXqlNBT2Hp9Wt0mUxq:QOekTaGuIT49YMG1veKAVW4I,
2024-02-01,Other,size-in-bytes,4832,
2024-02-01,Payload delivery,mime-type,application/json,
2024-02-01,Payload delivery,md5,b6eb6b81b4818d920dfc11b8de06e94e,Malware payload (Amadey)
2024-02-01,Payload delivery,sha256,9f8911e36c7497ccde01152ae036aeed2d8d9c67f7e8cd595b06928908afcbcc,Malware payload (Amadey)
2024-02-01,Payload delivery,tlsh,t18c0523b0e20655c9e035d0fa7ea7d780736cbb6426c849391d3f1db854692cfcb85a,
2024-02-01,Payload delivery,imphash,7515ecf8c0dfa4d230ad835fe0acb57f,
2024-02-01,Payload delivery,ssdeep,24576:qSyIirnVwQ9N2K3yWds0JkKyVeWcBXUm9MK:7yIirnVliadsLTcGYMK,
2024-02-01,Other,size-in-bytes,809984,
2024-02-01,Payload delivery,mime-type,application/x-dosexec,
2024-02-01,Payload delivery,md5,d8002546ade8debc4bae421c7d1125b1,Malware payload
2024-02-01,Payload delivery,sha256,edf2c109f95bc170e08d8f799efcddc2a357022414fa13bf4492cc8d4b9e29ec,Malware payload
2024-02-01,Payload delivery,tlsh,t1efa1b7ab35664c7cca1487da98d13e8b57ac00b3a194ec14b9fd5f4895fe8f1037a9,
2024-02-01,Payload delivery,ssdeep,48:Yxg3SPhJSPdqKkY7EbnlUQl2iRifk/n0+aW0DF4w0biYtXnR2Hp9WO8ZUxG1v+bP:QOdkTa1uh49AMG1vSmAV4/q,
2024-02-01,Other,size-in-bytes,4855,
2024-02-01,Payload delivery,mime-type,application/json,
2024-02-01,Payload delivery,md5,53830e82ecbafe5109a935aebb323555,Malware payload
2024-02-01,Payload delivery,sha256,42fd19d878549ccbb4665be191d980c897537912d1064fc8780c2af1885e834f,Malware payload
2024-02-01,Payload delivery,tlsh,t10a91427662180c7d873482c6b4597ad767be0257a0d4ac28a8bd4f4cf6ff1f205b66,
2024-02-01,Payload delivery,ssdeep,48:YxCht2fbZkvnY+Cs+DF4w0nltXPSjeUT2Gp9WnTUd81vdE7b/KcRezbC3wxioorR:ebZknCs+w/05TH9I681vdEHAbpZc+VhO,
2024-02-01,Other,size-in-bytes,4238,
2024-02-01,Payload delivery,mime-type,application/json,
2024-02-01,Payload delivery,md5,138f15afd53c592f638c1f7de07890a7,Malware payload
2024-02-01,Payload delivery,sha256,fd9be46bf024b2a80fd3d0899575190e8438074ffca5064245f50fb0922a7345,Malware payload
2024-02-01,Payload delivery,tlsh,t13ea185eb61692cbcc61587c694d93b8397fd015352a4ec28a8dc5b0cd3ff87152669,
2024-02-01,Payload delivery,ssdeep,48:Yxg3SPhJSPdqKkY7EbnlUQl2Ihpk6nYK+z1DF4w0dM0tXnGbZ2up9WSgyUfi1vUd:QOWkBhKWbZz9BEi1vUb8pbbYiObDP,
2024-02-01,Other,size-in-bytes,5023,
2024-02-01,Payload delivery,mime-type,application/json,
2024-02-01,Payload delivery,md5,a84df07ad4468b6d8d23bc40a3381bbc,Malware payload
2024-02-01,Payload delivery,sha256,a1d6ec44dfa7b3fdafb292ac7234f135847e75174e87b46991c7b03e2a5159d0,Malware payload
2024-02-01,Payload delivery,tlsh,t183b533f5a7b702e5c42b2bb9e0d8876a04ef2e838158621510b9fd2bdb7c0315765c,
2024-02-01,Payload delivery,imphash,baa93d47220682c04d92f7797d9224ce,
2024-02-01,Payload delivery,ssdeep,49152:LcPlZzgpecrs3swXGv0LsSI2cZCdRnecZoKwX/PFJZht:48pfrscQG8HxcZCNZoKwX3,
2024-02-01,Other,size-in-bytes,2286080,
2024-02-01,Payload delivery,mime-type,application/x-dosexec,
2024-02-01,Payload delivery,md5,0bbbfccf62782a9e9738be84502db375,Malware payload
2024-02-01,Payload delivery,sha256,d996d08392e0972f7b1c91e0a5c4a50aef29cfd9e0aaaf7d2b0c7efe06761676,Malware payload
2024-02-01,Payload delivery,tlsh,t1f9a184a732554dbc8b2487ea94e63aaf47ad0073a094ec24a5ed5f4c90ff8f102769,
2024-02-01,Payload delivery,ssdeep,48:Yxg3SPhJSPdqKkY7EbnlUQl2XRifk/n0+aWHbgDF4w0biYtXcgFi2Hp9WoibUxG6:QOKkTaRug49KMG1v5vA5p,
2024-02-01,Other,size-in-bytes,4770,
2024-02-01,Payload delivery,mime-type,application/json,
2024-02-01,Payload delivery,md5,946c028da91ac1e03b1b9211d872df3f,Malware payload
2024-02-01,Payload delivery,sha256,6c069e0741c3e7804a16f19f2b04058a65c4c0848fd995cccaecdf3b93be6044,Malware payload
2024-02-01,Payload delivery,tlsh,t1d1a174ab75550cbcc62987ea94e13f8b97bc00735494ec24a4ac5f5cd2fe8f1437a9,
2024-02-01,Payload delivery,ssdeep,48:Yxg3SPhJSPdqKkY7EbnlUQl2kFRifk/n0+aWCDF4w0biYtXnQbZ2Hp9WjyUxG1vd:QOFkTa1uAbZ49bMG1vCb8vbJA7u,
2024-02-01,Other,size-in-bytes,5005,
2024-02-01,Payload delivery,mime-type,application/json,
2024-02-01,Payload delivery,md5,d8c5c61b93ccdf770898fd43e61aa038,Malware payload
2024-02-01,Payload delivery,sha256,1745bd6c4b78ceb53b3e9e89e78f22053170a8ea3b01a423f1a1e0abadd28ed0,Malware payload
2024-02-01,Payload delivery,tlsh,t127a185ab31550cbcc62987ea94e53f8b97bc00639494ec24a4ac5f5cd2ff8f1437a9,
2024-02-01,Payload delivery,ssdeep,48:Yxg3SPhJSPdqKkY7EbnlUQl2aRifk/n0+aWCDF4w0biYtXnQbZ2Hp9WjyUxG1vCq:QO5kTa1uAbZ49bMG1vCb8vbJAPzeN,
2024-02-01,Other,size-in-bytes,5005,
2024-02-01,Payload delivery,mime-type,application/json,
2024-02-01,Payload delivery,md5,d13934bebd46bc3c734de3bf24af8885,Malware payload
2024-02-01,Payload delivery,sha256,00138a086f1fc003f101c44ed0fec20605737865044b4dd4b1dbcb4ad8bbcdd6,Malware payload
2024-02-01,Payload delivery,tlsh,t1c891a6b716280cbcca248bd799943bd7967f41a7e0949d28b9bc8f0ce0fe1f11176a,
2024-02-01,Payload delivery,ssdeep,96:YAvwlRkvQISnya0o9HT2FJ1vltPBi/4PnE:YAvpXo9z2FBiAPE,
2024-02-01,Other,size-in-bytes,4329,
2024-02-01,Payload delivery,mime-type,application/json,
2024-02-01,Payload delivery,md5,6ff3572b07463d4d4535074e334031a7,Malware payload
2024-02-01,Payload delivery,sha256,cf108533182ca81bb5cf0f474b5a2441360ff9f01c178c8bb31113e4b64d0b80,Malware payload
2024-02-01,Payload delivery,tlsh,t12091a8b7162c0cbc8a2487d7a5943bd7867f4567e084ad58b9bc8f0ce0fe1f11176a,
2024-02-01,Payload delivery,ssdeep,96:YAvwlMkvQISnya0o9HT2FJ1vltPBijYgnE:YAvyXo9z2FBijYQE,
2024-02-01,Other,size-in-bytes,4329,
2024-02-01,Payload delivery,mime-type,application/json,
2024-02-01,Payload delivery,md5,7418ad746ec790aa261596eb969703a7,Malware payload
2024-02-01,Payload delivery,sha256,1eb20fba088d1f960716a76282c4f94bc29fea43bd3d4ae08abeaf418d47abc5,Malware payload
2024-02-01,Payload delivery,tlsh,t19a9164aa27085dbdc64496d3e5903ad7876e0093b094dd2cd9f89f08e1ef1f002799,
2024-02-01,Payload delivery,ssdeep,48:YxY6wl/dlpkofn16Ru+FkDFU0NhtXeV2Qp9We6T2UHs1vibvKqRteU3wxioLfhek:lpkocRtG9U/9K2Ss1veiHLfksDx,
2024-02-01,Other,size-in-bytes,4274,
2024-02-01,Payload delivery,mime-type,application/json,
2024-02-01,Payload delivery,md5,8eba5f4d69f845922c8db97062272001,Malware payload (BumbleBee)
2024-02-01,Payload delivery,sha256,0862d2404afc2bd65cdb792cd908f88a5b015356669d92a2969d40b4bae4e933,Malware payload (BumbleBee)
2024-02-01,Payload delivery,tlsh,t12e45e011e2921ff9c4769176816b262f7b703e5c4724d3bbabc0d2373d927a05b0ab,
2024-02-01,Payload delivery,imphash,47e01530ad43ec939d1c47709a80a5c6,
2024-02-01,Payload delivery,ssdeep,24576:RvRuGh6hGMiKe5pZtBB8CwbQDHXTDEIWOSqpkzwCno:aNsNBB8RaEcCno,
2024-02-01,Other,size-in-bytes,1224201,
2024-02-01,Payload delivery,mime-type,application/x-dosexec,
2024-02-01,Payload delivery,md5,c3825034e90ca191bf60f61d40fee7b2,Malware payload
2024-02-01,Payload delivery,sha256,a0c63739b17f4156aebfb4fc0f6bca077ec31366c03b4c6befb00f5d86753838,Malware payload
2024-02-01,Payload delivery,tlsh,t11991526619385c7cc758c5ca88fc3d4e567e105bf2609c14a5de8e0ae2ff1f183a65,
2024-02-01,Payload delivery,ssdeep,96:eyirkYOhDH5R0DWfrfT594ds1Y7g1vUreHTMsgiFE3s0JeR:eyiQThr5RIWfrt94ds1Y7FrezMsgiFEg,
2024-02-01,Other,size-in-bytes,4624,
2024-02-01,Payload delivery,mime-type,application/json,
2024-02-01,Payload delivery,md5,4684aa2f3bdc2e6daffb1cf9bc6f4e8d,Malware payload
2024-02-01,Payload delivery,sha256,ac783e5095b6da1b7c89d0c2cac551451e1c46922d2032b9ee1fe363b582f8d8,Malware payload
2024-02-01,Payload delivery,tlsh,t1e091659926095ebdca5497d3e4543ad7c76e0093b098dd2ce8fd9f08e1ef1f04276a,
2024-02-01,Payload delivery,ssdeep,96:WpkocRtp9hEA9Sr2Ss1vhPMeHLMR4OzX6x:WG/79y2SmUeHLQ4Oex,
2024-02-01,Other,size-in-bytes,4274,
2024-02-01,Payload delivery,mime-type,application/json,
2024-02-01,Payload delivery,md5,84f4383acfc57d83a5632f8be2ab6e62,Malware payload
2024-02-01,Payload delivery,sha256,1366889d223592d47c11b8a535a20a7b41d47b7eeaf4585cc719c100bbf0723e,Malware payload
2024-02-01,Payload delivery,tlsh,t14ba1a5eb65281cbcca29c3c294d93b8797fc011352a4ec28b89c5b0cd3ff87142669,
2024-02-01,Payload delivery,ssdeep,48:Yxg3SPhJSPdqKkY7EbnlUQl2Chpk6nYK+z1DF4w0dM0tXnGbZ2up9WSgyUfi1vUq:QOYkBhKWbZz9BEi1vUb8pbbYiy8P,
2024-02-01,Other,size-in-bytes,5023,
2024-02-01,Payload delivery,mime-type,application/json,
2024-02-01,Payload delivery,md5,b499b793a9b47be8f74da1d81de01cb4,Malware payload
2024-02-01,Payload delivery,sha256,da9efc60f951d6843cfcc569c6a668f9513120b67bd72bce9207ad21bee6532b,Malware payload
2024-02-01,Payload delivery,tlsh,t193b533d072b95688c95357b5b4134361198bbe1b76c0fa385990fa1f83bf93bea12c,
2024-02-01,Payload delivery,imphash,baa93d47220682c04d92f7797d9224ce,
2024-02-01,Payload delivery,ssdeep,49152:iX7U0vPuJ5NeqRSS6ccY+PQXdqDcruFjt8lvuRnSY5:iX7HGJ54qRSS0PPQJM8wRSs,
2024-02-01,Other,size-in-bytes,2334720,
2024-02-01,Payload delivery,mime-type,application/x-dosexec,
2024-02-01,Payload delivery,md5,1dd1db1cec8e9a3b603c8720eb30b504,Malware payload
2024-02-01,Payload delivery,sha256,c41c93bdc1b3735e832c3877be0e21ef4750aac44aef4fc7c7d1410e3328348a,Malware payload
2024-02-01,Payload delivery,tlsh,t1ef91646a26095dbdc79496d3d4843ac7877e0053e094de28e8bd9f0ca1ef1f10276a,
2024-02-01,Payload delivery,ssdeep,48:YxY6wudlpkofn16Ru+FvDF4w0NhtXpk2Kp9Wo6sUHs1vFbvKzRteU3wxioorbup4:OpkocRtxYyH97Ss1vdTHWIyx,
2024-02-01,Other,size-in-bytes,4403,
2024-02-01,Payload delivery,mime-type,application/json,
2024-02-01,Payload delivery,md5,78301abf69db25bf15fcb573c273acf4,Malware payload (RiseProStealer)
2024-02-01,Payload delivery,sha256,b95d3fa9d7e6fd0e279f86c17930d0e6a164ba2a3db97b743db523688980a0d9,Malware payload (RiseProStealer)
2024-02-01,Payload delivery,tlsh,t19d4533b7117e8850e2e47cb50955848e9bfdf899d985ee86f3af20c925300de130b6,
2024-02-01,Payload delivery,imphash,5ab723dc8d5af21b79dc301ed6a56a64,
2024-02-01,Payload delivery,ssdeep,24576:T4GVDD+QrB+JLM0OOYTTyrwQ86icoECTqcM/VhUQFNnQ3v0lq9PlE:T4SDyQN+JjYTsljoEDcM/HUQzQcq9PlE,
2024-02-01,Other,size-in-bytes,1196032,
2024-02-01,Payload delivery,mime-type,application/x-dosexec,
2024-02-01,Payload delivery,md5,da5f4fb63292c2ffa421e380f91af0ef,Malware payload
2024-02-01,Payload delivery,sha256,fcc086dd058976fb92f137bfd2b5a5f30fb4b1d794a8c0ef03067f1a563a686f,Malware payload
2024-02-01,Payload delivery,tlsh,t1d891422629386d7cc768c5ca94fc3d4e567e105bf1609c14a5ee8e0ae2ff1f183a61,
2024-02-01,Payload delivery,ssdeep,96:eyZrkYOhDH5R0DWfrfT594ds1Y7g1vUreHTMsgiFEKppmJeR:eyZQThr5RIWfrt94ds1Y7FrezMsgiFEk,
2024-02-01,Other,size-in-bytes,4614,
2024-02-01,Payload delivery,mime-type,application/json,
2024-02-01,Payload delivery,md5,2b113fba3865ce48dd5f2a2c9cb5d3ce,Malware payload
2024-02-01,Payload delivery,sha256,f72d4b167cdcc14575dffcf7c8cbe54db0ece8a67dd9415db049a876ad447538,Malware payload
2024-02-01,Payload delivery,tlsh,t124a1749712585cbccf14c7d740da3aab87ed0053a2a4ac14aded5f0c91ff8b102669,
2024-02-01,Payload delivery,ssdeep,48:Yxg3SPhJSPdqKkY7EbnlUQl2zhpk6nYK+zobgDF4w0dM0tXcg/i2up9WXibUfi1s:QO9kBtKCz93Ei1vnfYNla/d6P,
2024-02-01,Other,size-in-bytes,4788,
2024-02-01,Payload delivery,mime-type,application/json,
2024-02-01,Payload delivery,md5,a237f860077bf95a989facf2b313f9b6,Malware payload
2024-02-01,Payload delivery,sha256,ae52169f3a69ad53656f7c1e5a7398caeb55cc8ac5155f59a95e8c3116d7aaa6,Malware payload
2024-02-01,Payload delivery,tlsh,t144a1965b31551cac851447eb98e13e8b97bd00b3a1c4ac18b8ed5f5896ff8f1037a9,
2024-02-01,Payload delivery,ssdeep,48:Yxg3SPhJSPdqKkY7EbnlUQl25GRifk/n0+aWKSPmDF4w0biYtXDSPGq2Hp9WcseF:QOLkTaUeuef49VEMG1vHRAQKHt,
2024-02-01,Other,size-in-bytes,4921,
2024-02-01,Payload delivery,mime-type,application/json,
2024-02-01,Payload delivery,md5,4183dbca81c74803d4dc517ddf92120f,Malware payload (Smoke Loader)
2024-02-01,Payload delivery,sha256,fcdf869bc179759c8be3093adec60b334d25cad63b78fd3d28229b0af88b765b,Malware payload (Smoke Loader)
2024-02-01,Payload delivery,tlsh,t15514bf1535f0c076f6a746346df4c2a06a3ffcb29e75858b72442b1f2d222e19e6a3,
2024-02-01,Payload delivery,imphash,471a0f1afca8daf6a6e12651ef14acd4,
2024-02-01,Payload delivery,ssdeep,3072:pJmtLHDIY5mqovy8K1gHmeVB5oYC750mUY5MC5IvPbVn:jmtL8Y53ay/12FzS6YeXvPb,
2024-02-01,Other,size-in-bytes,192512,
2024-02-01,Payload delivery,mime-type,application/x-dosexec,
2024-02-01,Payload delivery,md5,b6d3cbd6faf1b30af4847016a6c2d152,Malware payload
2024-02-01,Payload delivery,sha256,a3e9d00250547f01cdcbc4812d0991bd3b8be766d517648dd06d9ba914a249c8,Malware payload
2024-02-01,Payload delivery,tlsh,t1e4a185ab32550cbcc6248be794e53e4b476d0163a494ac18f4ad4f4c85ff8f5037a9,
2024-02-01,Payload delivery,ssdeep,48:Yxg3SPhJSPdqKkY7EbnlUQl2rRifk/n0+aW/bDF4w0biYtX8rG2xp9WoKsYUxG1v:QOikTakuNe9yMG1vbDARc7TVWXO,
2024-02-01,Other,size-in-bytes,4953,
2024-02-01,Payload delivery,mime-type,application/json,
2024-02-01,Payload delivery,md5,51a1a2b2ec275daaf156eaf83906d690,Malware payload
2024-02-01,Payload delivery,sha256,fd8d1e0891aba6577e2f161ac69905ebf541847fa118d2d4d9112ceab84d26eb,Malware payload
2024-02-01,Payload delivery,tlsh,t1069186e7b1155eb8c51fc5ea96a938cfcabd005390705c1ce5ae4b4b98fe1b51323d,
2024-02-01,Payload delivery,ssdeep,96:XG39k0yan4wgaBSQcsTN9+BMOy0G1vRctHsz9UAeGuNAoVXr:P0049rVGml0AS,
2024-02-01,Other,size-in-bytes,4529,
2024-02-01,Payload delivery,mime-type,application/json,
2024-02-01,Payload delivery,md5,91f6e4d96e09bd992f4d56af604a2806,Malware payload
2024-02-01,Payload delivery,sha256,0ceea7642eccbda94797ea8e998889ca6d86e48bc9078cb7cb81831a9091c460,Malware payload
2024-02-01,Payload delivery,tlsh,t12f91c7b7162c4cacca1487d795903b87967f4167f0849e68b9fc8f0ce0fe1b511766,
2024-02-01,Payload delivery,ssdeep,48:Yx5AvwlYYwiKbsJkmnh+0DFU0omOtXxR23p9WtY2UKJ1vybaKqRrC3wxioi9+2U8:YAvwlpkv0S7U9/2FJ1vu8i9sPE,
2024-02-01,Other,size-in-bytes,4323,
2024-02-01,Payload delivery,mime-type,application/json,
2024-02-01,Payload delivery,md5,b9b90ddd95046eb637eddf50a4e35740,Malware payload
2024-02-01,Payload delivery,sha256,9a3756f2ebb5ac1798861ad36ad728677e6ffee4c036d40766b54af959e13fa4,Malware payload
2024-02-01,Payload delivery,tlsh,t1e891652662181cbd872887dbe4543ee35bee05a391d4ac28c4be5f5ca1ff6f101769,
2024-02-01,Payload delivery,ssdeep,96:zOzOJ+km7O8ZlOFKiwTH9DnT71vfihHxisoZ5NWT6x4+:RPHKT9TTx+RJoDET6x3,
2024-02-01,Other,size-in-bytes,4262,
2024-02-01,Payload delivery,mime-type,application/json,
2024-02-01,Payload delivery,md5,f59c3ae508d39ee039ae0be1441c82d5,Malware payload
2024-02-01,Payload delivery,sha256,c54b2a7c90a9e91b992d4f642e64215449fa19cc5e57952e53a9b9f4b3913a12,Malware payload
2024-02-01,Payload delivery,tlsh,t1b6a1846732554cbc8b2487eb94e63eaf47ad0073a4949c24a9ad4f4c91ff8f10376d,
2024-02-01,Payload delivery,ssdeep,48:Yxg3SPhJSPdqKkY7EbnlUQl2yRifk/n0+aWHbgDF4w0biYtXcgFi2Hp9WoibUxGE:QOJkTaRug49KMG1v5vA+ID,
2024-02-01,Other,size-in-bytes,4769,
2024-02-01,Payload delivery,mime-type,application/json,
2024-02-01,Payload delivery,md5,ebda4efc5fd0bdaf2f660de277dc506e,Malware payload
2024-02-01,Payload delivery,sha256,37522a6855a01b39da0c2bc7b81cd1f266013e5cd0a0b6caf838d988535730d3,Malware payload
2024-02-01,Payload delivery,tlsh,t18791a6e7b1155e78c51fc5ea969939cfcabc001390345c1ce5ad4b0b88fe1b51323d,
2024-02-01,Payload delivery,ssdeep,96:XGG9k0yan4wgaBSQcsTN9+BMOy0G1vRctHsz9UAeG6DnU7VXr:20049rVGmlkn6,
2024-02-01,Other,size-in-bytes,4529,
2024-02-01,Payload delivery,mime-type,application/json,
2024-02-01,Payload delivery,md5,f0712506cea374b6f15b41a35506c12e,Malware payload
2024-02-01,Payload delivery,sha256,bdf3dc67bf094aa1362bc156cafb74067780d7d0763642733a84f240c1e1ab9a,Malware payload
2024-02-01,Payload delivery,tlsh,t18b929f35a8a1641b4037d8f9356fa28df82190078c4744a4b11f412dcbf6e934baff,
2024-02-01,Payload delivery,ssdeep,384:OftrMf+F0e0H3n72W6E45wse5QjuFwgzxdaqlU4:tIn0H3n7h6tOseQZgraqb,
2024-02-01,Other,size-in-bytes,19559,
2024-02-01,Payload delivery,mime-type,text/html,
2024-02-01,Payload delivery,md5,fafb4b833c5b34c017f2dc154e4e7b4b,Malware payload
2024-02-01,Payload delivery,sha256,b0fce067e14b3e275266f554fc764b2b2c9b13bd09bf6a1e87efb327ae377943,Malware payload
2024-02-01,Payload delivery,tlsh,t1df41cc7ccf29f8e0033db0a088492e2620949e57d6b58e24d9574ee62d7c20acf2b1,
2024-02-01,Payload delivery,ssdeep,48:LGfEFWuJqs9HZNjd+SfprcKyK0hE6S1FtfsC5P3RX5ZWiaoIhSNtJ:LGfEFW87jd+Sfpbaq6S1FtfsC5P39Efw,
2024-02-01,Other,size-in-bytes,2219,
2024-02-01,Payload delivery,mime-type,text/plain,
2024-02-01,Payload delivery,md5,7aeab7552f1f0d2be43117370c97480d,Malware payload (CoinMiner)
2024-02-01,Payload delivery,sha256,b6c7b9ec3b0b24291adc4b4717c74bc8fca376f42d5282e76bb4cbf780e2e285,Malware payload (CoinMiner)
2024-02-01,Payload delivery,tlsh,t16745332b0247f6c2d4f2f9f5d4190023555593f75a3fba5c7e8bbe7d08bc106a268a,
2024-02-01,Payload delivery,ssdeep,24576:+mMF0tiieVXT51OxYSbQW7z4gtNfcWD7djs7:3G4iieFXmkQtaWDRw7,
2024-02-01,Other,size-in-bytes,1271348,
2024-02-01,Payload delivery,mime-type,application/x-sharedlib,
2024-02-01,Payload delivery,md5,3ed62d7e75e2ab39ab6d4ca7628a9c2f,Malware payload
2024-02-01,Payload delivery,sha256,99aca45efbe86d8de551e11ce6a5bfb8ffd5aa77a93f4507da4cf22a2ba42082,Malware payload
2024-02-01,Payload delivery,tlsh,t1b785335f75a34ab7f41435619e73bdce494cf073a02095aa6f6e6fb01eb27c24a110,
2024-02-01,Payload delivery,ssdeep,49152:jyCEaUI26d5rlvmhnkQZ5GcEynuALhBypjV3Xw:jyCRJ2a5xuCQZscEynLdByPnw,
2024-02-01,Other,size-in-bytes,1851812,
2024-02-01,Payload delivery,mime-type,application/x-sharedlib,
2024-02-01,Payload delivery,md5,0e54dfc7c1df5e0cdc320265ab361f7d,Malware payload
2024-02-01,Payload delivery,sha256,4aff94fdd538f13372641a08bb57c5135ff4625ddac28003b70bcce4455901b6,Malware payload
2024-02-01,Payload delivery,tlsh,t1e9a196ab11681cbdc7148bc395d93a8387ed0153a2a8ac14fced5f0c92ff5b6036a9,
2024-02-01,Payload delivery,ssdeep,48:Yxg3SPhJSPdqKkY7EbnlUQl2ehpk6nYK+zebDF4w0dM0tX8r82bp9WG9sYUfi1vZ:QO8kBAKpg9nEi1v1/YSuMP,
2024-02-01,Other,size-in-bytes,4971,
2024-02-01,Payload delivery,mime-type,application/json,
2024-02-01,Payload delivery,md5,677a5bbd004edc1058c5be164bd38f7e,Malware payload
2024-02-01,Payload delivery,sha256,35036f01cc0840b04d6e037af9a8a111d5435b0f94d33c0b5802160f103214ff,Malware payload
2024-02-01,Payload delivery,tlsh,t16ba1a6ab15795cbccb14c7c699c93a9397ec0153a3a4ac18fced5f0c92fe8b142659,
2024-02-01,Payload delivery,ssdeep,48:Yxg3SPhJSPdqKkY7EbnlUQl2Rhpk6nYK+z1DF4w0dM0tXnT2up9WSFo8ZUfi1vA8:QOTkB5KDz9vLEi1vYYYBmP,
2024-02-01,Other,size-in-bytes,4884,
2024-02-01,Payload delivery,mime-type,application/json,
2024-02-01,Payload delivery,md5,447bc8e66157fed4351996282831f769,Malware payload
2024-02-01,Payload delivery,sha256,6499139163270a09f086fec2a822873dc17d76bf2c8e845ac654bf7c5fc2643a,Malware payload
2024-02-01,Payload delivery,tlsh,t18191555926085dbdcb9496d7d5443ec7877e1093e194ed2ca4bdcf08a1ff1f10276a,
2024-02-01,Payload delivery,ssdeep,48:YxY6wcdlpkofn16Ru+FvDF4w0NhtXpk2Kp9Wo6sUHs1vFbvKzRteU3wxioorbcMw:kpkocRtxYyH97Ss1vdTHWcM7Gx,
2024-02-01,Other,size-in-bytes,4413,
2024-02-01,Payload delivery,mime-type,application/json,
2024-02-01,Payload delivery,md5,5279f58eb6239c513f6da61548c8357a,Malware payload
2024-02-01,Payload delivery,sha256,1ec73e0567c613ee9750e7fe884cfffc356c0f8a1af776b477e9e59fcfa31242,Malware payload
2024-02-01,Payload delivery,tlsh,t14191522629386c7dc658c5da88fc3d4f567e105bf1609c14a6de8e0ae2ff1f187a61,
2024-02-01,Payload delivery,ssdeep,96:eycrkYOhDH5R0DWfrfT594ds1Y7g1vUreHTMsgiFElyJeR:eycQThr5RIWfrt94ds1Y7FrezMsgiFEN,
2024-02-01,Other,size-in-bytes,4624,
2024-02-01,Payload delivery,mime-type,application/json,
2024-02-01,Payload delivery,md5,dc5dac0c9223054b297b49cf8c75dd88,Malware payload
2024-02-01,Payload delivery,sha256,973ca5c072a90f1352a91b02206d313dc7d5bc2093b35ddf5f5a4e1fc64d50d4,Malware payload
2024-02-01,Payload delivery,tlsh,t1f5a175ab31550cbcc52987da94e53f8b87bd01a39494ec24b4ac5f5c92ff8f2037a9,
2024-02-01,Payload delivery,ssdeep,48:Yxg3SPhJSPdqKkY7EbnlUQl2LRifk/n0+aWCDF4w0biYtXnQbZ2Hp9WjyUxG1vC4:QOakTa1uAbZ49bMG1vCb8vbJAmGOd,
2024-02-01,Other,size-in-bytes,5005,
2024-02-01,Payload delivery,mime-type,application/json,
2024-02-01,Payload delivery,md5,80157f10ef0c48bc85fd8b23445d341a,Malware payload
2024-02-01,Payload delivery,sha256,7bd721c027a402f2812cb37f0a303683a95524d6149189c9222e31c3aa223959,Malware payload
2024-02-01,Payload delivery,tlsh,t16e43289bf8019d3df40aa6ba94274d0dbd3063c113830b3667a7fee3ad721695c52d,
2024-02-01,Payload delivery,ssdeep,768:yUeGmdS2VqXbQUHA3/J3Qflu11JoVM6ud7CyHEbz2XO8Sl0WnU89yAWyQN6gHxWh:hZ8Yw7jkbz+O8SuWZ9yAuN6A1rLY,
2024-02-01,Other,size-in-bytes,56464,
2024-02-01,Payload delivery,mime-type,application/x-executable,
2024-02-01,Payload delivery,md5,f8411fa02ab291c19597f7457002b65f,Malware payload
2024-02-01,Payload delivery,sha256,672945efd6d875f96576c6fb4e7429f5b5e6dad6df363d8b684875116ac136ae,Malware payload
2024-02-01,Payload delivery,tlsh,t16d91427562180c7e873482d6b4597ad367be026ba0d4ec28a8fd4f4cb6ef1f205769,
2024-02-01,Payload delivery,ssdeep,96:nbZknCs+w/05TH9I681vdEHAbpZcXDtuO:nb21R0B9I6KEgbp+ztuO,
2024-02-01,Other,size-in-bytes,4238,
2024-02-01,Payload delivery,mime-type,application/json,
2024-02-01,Payload delivery,md5,02f26dae389ac17ce43385c3c1aab500,Malware payload
2024-02-01,Payload delivery,sha256,6e7d91c4bb6234beeebb1bc2ffa72b35e497c4b4f0c65f9a5be008179aa59bda,Malware payload
2024-02-01,Payload delivery,tlsh,t157532909b3879360ca554ab5c0e3941503f2d76766b3eb8a3dc812e52f13be5ca43f,
2024-02-01,Payload delivery,imphash,f34d5f2d4577ed6d9ceec516c1f5a744,
2024-02-01,Payload delivery,ssdeep,768:0L/M8/1KRh+UigbLdj66nJa8ZT7cGQD2+97pUH+KWR4EO87eyLV4Bl2fob:0IKm5LdBn88B7+qqUHERv7e04Nb,
2024-02-01,Other,size-in-bytes,62464,
2024-02-01,Payload delivery,mime-type,application/x-dosexec,
2024-02-01,Payload delivery,md5,8ae86fa17d048749fb97d52bdec71c1c,Malware payload
2024-02-01,Payload delivery,sha256,b62d8dcf2a3503789795d14962af6e939ad565c5bf2a81bbeb23d3394d92af07,Malware payload
2024-02-01,Payload delivery,tlsh,t1a091446a26095dbdc79496d3d5803ac7876e1053e194ed2ca4fddf08a1ff1f10276a,
2024-02-01,Payload delivery,ssdeep,48:YxY6wDdlpkofn16Ru+FvDF4w0NhtXpk2Kp9Wo6sUHs1vFbvKzRteU3wxioorbpLI:rpkocRtxYyH97Ss1vdTHWFjmx,
2024-02-01,Other,size-in-bytes,4403,
2024-02-01,Payload delivery,mime-type,application/json,
2024-02-01,Payload delivery,md5,2dcc6e1f6b25fbed52f3dcd187735654,Malware payload
2024-02-01,Payload delivery,sha256,3915a97ae698fb1eb50d6ea78dd25669e923fdf1fbfc882c6bfc59496c724619,Malware payload
2024-02-01,Payload delivery,tlsh,t175a1b7ab31664c7cca2487da98e13e8b57ad00b391d4ec18f9ad5f5881ff8f143769,
2024-02-01,Payload delivery,ssdeep,48:Yxg3SPhJSPdqKkY7EbnlUQl2fRifk/n0+aW0DF4w0biYtXnR2Hp9WO8ZUxG1v+be:QO2kTa1uh49AMG1vSmALCv,
2024-02-01,Other,size-in-bytes,4866,
2024-02-01,Payload delivery,mime-type,application/json,
2024-02-01,Payload delivery,md5,a5f9a21501fff036e92c18d9a5aa6c50,Malware payload
2024-02-01,Payload delivery,sha256,6172c1469cd09f076e31950dc877624707084fec7b3c396c0b2150d6a5bd04d6,Malware payload
2024-02-01,Payload delivery,tlsh,t15891c7b7162c4cbc8a2487e3e6603bd7467f4167e0849d68b9bc8f08e0fe1f10136a,
2024-02-01,Payload delivery,ssdeep,96:YAvwlkkvQISnya0o9HT2FJ1vltPBihlnE:YAvCXo9z2FBihFE,
2024-02-01,Other,size-in-bytes,4329,
2024-02-01,Payload delivery,mime-type,application/json,
2024-02-01,Payload delivery,md5,7102864376a91e0919eb094b1f471967,Malware payload
2024-02-01,Payload delivery,sha256,8a953cbc0b33ece718a0a388032e688dcaa37ed45c5e1693bfc62e0e3e9be901,Malware payload
2024-02-01,Payload delivery,tlsh,t1f3a1b7ab35654cbcc62487ea94e23e8757ac0073a1d4ec14e8ac5f5c95fe8f1037ea,
2024-02-01,Payload delivery,ssdeep,48:Yxg3SPhJSPdqKkY7EbnlUQl2wRifk/n0+aWblFDF4w0biYtXqlNBT2Hp9Wt0mUxq:QOnkTaGuIT49YMG1veKA6r5xF3,
2024-02-01,Other,size-in-bytes,4832,
2024-02-01,Payload delivery,mime-type,application/json,
2024-02-01,Payload delivery,md5,a6537bbfc4c6daa1e25ae23e88a8e6aa,Malware payload (Gafgyt)
2024-02-01,Payload delivery,sha256,2f27cc1c7cb5b1401e52222a7a4b5442179b2aff459f5b1f66615ee42b26f770,Malware payload (Gafgyt)
2024-02-01,Payload delivery,tlsh,t1d0b33956bd018f53c2c315b3fb9f47887b2667f8d2ef3203d925afa1278a4d609269,
2024-02-01,Payload delivery,ssdeep,1536:VFL4kuz3i9NwpyEEW47XGF2r4aYBCmerwO0J23+ZbvRdQr19xvT5hOpMXq:VF0dS9SATGQkameT073AXT5hOpMXq,
2024-02-01,Other,size-in-bytes,107720,
2024-02-01,Payload delivery,mime-type,application/x-executable,
2024-02-01,Payload delivery,md5,0bd3d95a725c91040449465eda9bd91c,Malware payload
2024-02-01,Payload delivery,sha256,75317470ee426ad2d21342bc3d47d5c0da1736f81fc66c152e45868614fda566,Malware payload
2024-02-01,Payload delivery,tlsh,t102a198ab11681cbcc714c7c295d93a9787ed0153a298ac18fced5f0c82ff4b603669,
2024-02-01,Payload delivery,ssdeep,48:Yxg3SPhJSPdqKkY7EbnlUQl24hpk6nYK+zebDF4w0dM0tX8r82bp9WG9sYUfi1vs:QOWkBAKpg9nEi1v1/YeqP,
2024-02-01,Other,size-in-bytes,4971,
2024-02-01,Payload delivery,mime-type,application/json,
2024-02-01,Payload delivery,md5,4398a74035e9080c217694f9fb7e2776,Malware payload
2024-02-01,Payload delivery,sha256,a58a07bdae949f9207035b25a0af35a31a190b05b5c94c8be2f6904ebe4b9e66,Malware payload
2024-02-01,Payload delivery,tlsh,t1caa1849f21692cbcc71487d658d53e8797ed0053a2d8ac58bcac6f0c92ff8a103659,
2024-02-01,Payload delivery,ssdeep,48:Yxg3SPhJSPdqKkY7EbnlUQl2Rhpk6nYK+z9SPmDF4w0dM0tXDSPGo2up9WvseNE1:QOnkBIeKezz9EEEi1vZhY7EdP,
2024-02-01,Other,size-in-bytes,4950,
2024-02-01,Payload delivery,mime-type,application/json,
2024-02-01,Payload delivery,md5,5f59aaf405393f467a9a975f1a669215,Malware payload (BumbleBee)
2024-02-01,Payload delivery,sha256,62090e8868604d6bd5c798ee6049757982e1e60ad60e3d3e47f167738eb1ab2e,Malware payload (BumbleBee)
2024-02-01,Payload delivery,tlsh,t13845e012e2a21ff4e47691b681ab253bb7343e590715d377abc0c2373d927e05b1ab,
2024-02-01,Payload delivery,imphash,47e01530ad43ec939d1c47709a80a5c6,
2024-02-01,Payload delivery,ssdeep,24576:lwOhCPykWGGrYL1hb4LPRAMXLXuw2tL0IGrkNBxgvx3FWlDq:9TKhL4LP+AMtBoAq,
2024-02-01,Other,size-in-bytes,1225746,
2024-02-01,Payload delivery,mime-type,application/x-dosexec,
2024-02-01,Payload delivery,md5,3e4a904fd2365a1aa1301005c0a35970,Malware payload (RiseProStealer)
2024-02-01,Payload delivery,sha256,79589d68b884df26ce226d701ca95666c4041fae78368faa265a8d1c220bd811,Malware payload (RiseProStealer)
2024-02-01,Payload delivery,tlsh,t1c045336d713fed01c2f1ef741e9469d2d7bcb8a99044792930af8b852d3829c5b4aa,
2024-02-01,Payload delivery,imphash,5ab723dc8d5af21b79dc301ed6a56a64,
2024-02-01,Payload delivery,ssdeep,24576:DJ2wGazzHvwHc8dEWpKJj8IameGs9wQOk6icoECC4dzJnQ3v0l3WY4:F2wGazMHcqvpG57SlSoEboQc,
2024-02-01,Other,size-in-bytes,1196032,
2024-02-01,Payload delivery,mime-type,application/x-dosexec,
2024-02-01,Payload delivery,md5,6455542b4f15c7151e275433dbbafa88,Malware payload
2024-02-01,Payload delivery,sha256,0f3713fbd9938bbd3f457a8feecd071fd33aa2963cce3059d707cb34fc3da20c,Malware payload
2024-02-01,Payload delivery,tlsh,t12f928f35a8a1641b4037d8f9356fa28df82194078c4748a4b11f412dcbf6e934baff,
2024-02-01,Payload delivery,ssdeep,384:OftrMf+F0e0H3nW2W6E45wse5QjuFwgzxdaqlU4:tIn0H3nWh6tOseQZgraqb,
2024-02-01,Other,size-in-bytes,19559,
2024-02-01,Payload delivery,mime-type,text/html,
2024-02-01,Payload delivery,md5,a2280c08948d0c35ac96ccb1ad757ffc,Malware payload
2024-02-01,Payload delivery,sha256,fa40d8edc47bad46fff780148357c5526538356ee0d6abe8f3353858fa9ba4b3,Malware payload
2024-02-01,Payload delivery,tlsh,t114a1a7ab25795cbcc724c7c695c63e9397ed005362e4ad14eced5f0c81fe4b1426aa,
2024-02-01,Payload delivery,ssdeep,48:Yxg3SPhJSPdqKkY7EbnlUQl2Jhpk6nYK+zMlFDF4w0dM0tXqlNjT2up9WMTv0mUQ:QOfkB6KoTz9DEi1vgQYU/bP,
2024-02-01,Other,size-in-bytes,4860,
2024-02-01,Payload delivery,mime-type,application/json,
2024-02-01,Payload delivery,md5,7ef31344b608323f434fa29766a0c91a,Malware payload
2024-02-01,Payload delivery,sha256,65c339412de2cfaee227e4b1a0eeba6c6fe0623ce5c73cfc37d984fbde442727,Malware payload
2024-02-01,Payload delivery,tlsh,t1e0a195eb61691cbcca18c7c290d93b8797fd011352a4ec28ac9c5b0c83ff97153669,
2024-02-01,Payload delivery,ssdeep,48:Yxg3SPhJSPdqKkY7EbnlUQl2tKhpk6nYK+z1DF4w0dM0tXnGbZ2up9WSgyUfi1vQ:QOukBhKWbZz9BEi1vUb8pbbYH1YQP,
2024-02-01,Other,size-in-bytes,5023,
2024-02-01,Payload delivery,mime-type,application/json,
2024-02-01,Payload delivery,md5,044b203306ee7dfcac65f3f84b9f8755,Malware payload
2024-02-01,Payload delivery,sha256,679bf53e6db98564c6b39b315887ae731d62a95c2388655902d5d4ef3c1cdad3,Malware payload
2024-02-01,Payload delivery,tlsh,t151a1aaab25b95cbdc724c7c655d63e8357ed005362a8ac14ecad5f0c82fe8b14379a,
2024-02-01,Payload delivery,ssdeep,48:Yxg3SPhJSPdqKkY7EbnlUQl213hpk6nYK+zMlFDF4w0dM0tXqlNjT2up9WMTv0mB:QOjkB6KoTz9DEi1vgQYA22I0P,
2024-02-01,Other,size-in-bytes,4850,
2024-02-01,Payload delivery,mime-type,application/json,
2024-02-01,Payload delivery,md5,80aa5f6e2d869617078a17ed8626aa07,Malware payload
2024-02-01,Payload delivery,sha256,a8d92f24f16f70cbbc288a955f4245c182560166b13fc35f5bdd1311521e2e77,Malware payload
2024-02-01,Payload delivery,tlsh,t103917526251c0cbec7398a92945c7ad76bae026390c4fd2898bd5f0cb5ff2b141769,
2024-02-01,Payload delivery,ssdeep,96:jjxekxq8pVFawTH9o2nTv71vzhHtsIZhmIaOiR+:jjxvguFaA9o2nbdhNsIr9ZiR+,
2024-02-01,Other,size-in-bytes,4225,
2024-02-01,Payload delivery,mime-type,application/json,
2024-02-01,Payload delivery,md5,4973126cf64c25172687421656fbe10c,Malware payload
2024-02-01,Payload delivery,sha256,700a47880db0704c39d123e2f4870fa65e4d8909ea6832484b52d123ba91bf5a,Malware payload
2024-02-01,Payload delivery,tlsh,t17fa185af31151cac861447e658e13e8b97ad00a3a194ac28b4ec5f5c96fe4f103759,
2024-02-01,Payload delivery,ssdeep,48:Yxg3SPhJSPdqKkY7EbnlUQl23Rifk/n0+aWKSPmDF4w0biYtXDSPGq2Hp9WcseN7:QOSkTaUeuef49VEMG1vHRAIw9Lt,
2024-02-01,Other,size-in-bytes,4921,
2024-02-01,Payload delivery,mime-type,application/json,
2024-02-01,Payload delivery,md5,90b3eb168058a1b095e577ef23eb242e,Malware payload
2024-02-01,Payload delivery,sha256,3612a39416358e64bc3ba125a75e50e0b2c6301c21dc29591087d01a46055c4c,Malware payload
2024-02-01,Payload delivery,tlsh,t13191c4b7162c4cadca1487d795903b87976f4177e0849e28fab88f08e0ff1f51136a,
2024-02-01,Payload delivery,ssdeep,48:Yx5AvwlYYwFKbsJkmnh+0DFU0omOtXxR23p9WtY2UKJ1vybaKqRrC3wxioijUZFE:YAvwlEkv0S7U9/2FJ1vu8iYZFE,
2024-02-01,Other,size-in-bytes,4322,
2024-02-01,Payload delivery,mime-type,application/json,
2024-02-01,Payload delivery,md5,c66f0ab02d224ac47e4fa9c3698c9949,Malware payload
2024-02-01,Payload delivery,sha256,f6308d53a9933c0fa2b688f33a3091f4195057735ec6acce8b81597e4d5d1c35,Malware payload
2024-02-01,Payload delivery,tlsh,t106a175ab11696cbcc61487d699d93f8797ed0053a2d8ac18fced5f0c92fe4b103669,
2024-02-01,Payload delivery,ssdeep,48:Yxg3SPhJSPdqKkY7EbnlUQl2Jhpk6nYK+z9SPmDF4w0dM0tXDSPGo2up9WvseNEJ:QObkBIeKezz9EEEi1vZhYdKpqSdP,
2024-02-01,Other,size-in-bytes,4950,
2024-02-01,Payload delivery,mime-type,application/json,
2024-02-01,Payload delivery,md5,b368090180517d723721010a3a09637d,Malware payload (BumbleBee)
2024-02-01,Payload delivery,sha256,ba803f0cc4f68a3f7fa93bc4afb5b705fcfdae9d17ad6f3e827d9a75ac94c1f1,Malware payload (BumbleBee)
2024-02-01,Payload delivery,tlsh,t1cc45e011e6921ff4d466927680ab252fb7303e1c4725d3b7abc0c2377d927e46b1ab,
2024-02-01,Payload delivery,imphash,47e01530ad43ec939d1c47709a80a5c6,
2024-02-01,Payload delivery,ssdeep,24576:Lp2qJU4iIuB2cMh1Mgc17V/sCaGhRwQasBxUy0G4ITvVtQOZz0r/aahQIStkD:JmyD8R8QqKbQ8AmvKD,
2024-02-01,Other,size-in-bytes,1225232,
2024-02-01,Payload delivery,mime-type,application/x-dosexec,
2024-02-01,Payload delivery,md5,3bf5b74178e73e0e8e8fbb17859c77c8,Malware payload
2024-02-01,Payload delivery,sha256,a583bc4395fa3dc1748ceb7b111d239bf185157c7335b861f98b5336570741fb,Malware payload
2024-02-01,Payload delivery,tlsh,t1f2a1a6ab55395c7ccb14c7c689c93a8797ed015393a8ac18bded6f0cc2fe8b102659,
2024-02-01,Payload delivery,ssdeep,48:Yxg3SPhJSPdqKkY7EbnlUQl28hpk6nYK+z1DF4w0dM0tXnT2up9WSFo8ZUfi1vA0:QOKkB5KDz9vLEi1vYYYG0XKP,
2024-02-01,Other,size-in-bytes,4872,
2024-02-01,Payload delivery,mime-type,application/json,
2024-02-01,Payload delivery,md5,22529b63f42da1a81356984d00c2779e,Malware payload (RiseProStealer)
2024-02-01,Payload delivery,sha256,baed439a705a834a84c5f92609a0be7291cce82914477f95f1d1fd31d4a2d3b9,Malware payload (RiseProStealer)
2024-02-01,Payload delivery,tlsh,t14c4533be8f8ff490e1595db1129c461c3db5ab1081489b2211bf736d0e9c6ecab5f6,
2024-02-01,Payload delivery,imphash,5ab723dc8d5af21b79dc301ed6a56a64,
2024-02-01,Payload delivery,ssdeep,24576:gr1AckMJpaIkLeand1QNnBSMYLwQ+BaWnBCq4gvsDPk4tWKE3:gr1AhMJp1CeaPJMCl+BaWnt4TDPkQS,
2024-02-01,Other,size-in-bytes,1195008,
2024-02-01,Payload delivery,mime-type,application/x-dosexec,
2024-02-01,Payload delivery,md5,408839af7d5ab96a0ec2ee9bb9a725be,Malware payload
2024-02-01,Payload delivery,sha256,34157c70a1ad1d1b49da938796c9c07dfc67ee07342a824c1e425a25562955ce,Malware payload
2024-02-01,Payload delivery,tlsh,t139a1849732544cbc8b2487ea84e63e9b47ad00b3a4949c14b9ad4f5c91ff8f10276d,
2024-02-01,Payload delivery,ssdeep,48:Yxg3SPhJSPdqKkY7EbnlUQl2JRifk/n0+aWHbgDF4w0biYtXcgFi2Hp9WoibUxGd:QOkkTaRug49KMG1v5vATaZ,
2024-02-01,Other,size-in-bytes,4770,
2024-02-01,Payload delivery,mime-type,application/json,
2024-02-01,Payload delivery,md5,f7addcf1e50a312a85f32ab03f72bc7a,Malware payload
2024-02-01,Payload delivery,sha256,54db345fd70750e238535963a35d0108a5cf33a95d36e76430c1a25e7ada2c0d,Malware payload
2024-02-01,Payload delivery,tlsh,t1fda1a59b31650cbc86248be694e53e8b87ad0073a094ed28f5ad4f4c85ff8f5037b9,
2024-02-01,Payload delivery,ssdeep,48:Yxg3SPhJSPdqKkY7EbnlUQl2ORifk/n0+aW/bDF4w0biYtX8rG2xp9WoKsYUxG1t:QOdkTakuNe9yMG1vbDAHve,
2024-02-01,Other,size-in-bytes,4953,
2024-02-01,Payload delivery,mime-type,application/json,
2024-02-01,Payload delivery,md5,e1e61cc46f4cc8f271427eb38287b8f2,Malware payload (RiseProStealer)
2024-02-01,Payload delivery,sha256,48c6af80e213e6423f044a3f1a66762a95beda4cabff57682f04f7f48a888bf3,Malware payload (RiseProStealer)
2024-02-01,Payload delivery,tlsh,t1df4533ff61089168c32133f206cb5aa41f6cf959469044270a0f99d6adac6ffb7d7b,
2024-02-01,Payload delivery,imphash,5ab723dc8d5af21b79dc301ed6a56a64,
2024-02-01,Payload delivery,ssdeep,24576:AVRZCRWAlCYhYw4JXDZDwQgRHW/nSzorU0W0RwV:2RZCRjlCMYw4JTdlgR2/Szogu,
2024-02-01,Other,size-in-bytes,1195520,
2024-02-01,Payload delivery,mime-type,application/x-dosexec,
2024-02-01,Payload delivery,md5,7ad6602f19fd2f8ca128bc35972032bb,Malware payload
2024-02-01,Payload delivery,sha256,36b80b5e9bf68adc293f886b1906a974cd8f024fc85c81563ee90cebff841e7b,Malware payload
2024-02-01,Payload delivery,tlsh,t13b91749a26095dbcc64497d3e4843ad7876e0493b198de28e4fd9f08e1ef1f04276e,
2024-02-01,Payload delivery,ssdeep,48:YxY6wPdlpkofn16Ru+FzvDFU0NhtXN3rm/2xp9WhHp6Y2UHs1vhmObvK3moRteUd:HpkocRtp9hEA9Sr2Ss1vhPMeHLgU4x,
2024-02-01,Other,size-in-bytes,4274,
2024-02-01,Payload delivery,mime-type,application/json,
2024-02-01,Payload delivery,md5,3d7fe6cdc99b0bd8d32cfcf3d75d3a44,Malware payload
2024-02-01,Payload delivery,sha256,ddb34b18bcae1d08b0a6c0ddecdf4ca9a7e76eb5599cff8c15f49ab9e0cb9066,Malware payload
2024-02-01,Payload delivery,tlsh,t1ff41dd7ccf29f8e0037db0a088492e2620949e57d6f58e24d9574ee62d7c30acf1b1,
2024-02-01,Payload delivery,ssdeep,48:LGfEFWuJqs9HZNjd+SfprcKyK0hE6S1FtfsC5P3RX5ZWiaoIhSNt3:LGfEFW87jd+Sfpbaq6S1FtfsC5P39EfO,
2024-02-01,Other,size-in-bytes,2219,
2024-02-01,Payload delivery,mime-type,text/plain,
2024-02-01,Payload delivery,md5,070f20a7b6bf90d4af2fa51cf4f5fdb8,Malware payload
2024-02-01,Payload delivery,sha256,e0e5d84f2dcdd00e0be5324a954238bac13eee0e01ce4a044a6f6941a16a344a,Malware payload
2024-02-01,Payload delivery,tlsh,t1b99194e7b1255eb8c51fc9ea96a939cecabd001390305c1ce5ad4b4b98fe1b51323d,
2024-02-01,Payload delivery,ssdeep,96:XGQ9k0yan4wgaBSQcsTN9+BMOy0G1vRctHsz9UAeGmGVXr:E0049rVGmlm8,
2024-02-01,Other,size-in-bytes,4529,
2024-02-01,Payload delivery,mime-type,application/json,
2024-02-01,Payload delivery,md5,fc91d7befca6163246517a7d8652b71e,Malware payload
2024-02-01,Payload delivery,sha256,fe7a8c191dd567248ccfeea692345c9d79acf6b8a685356aa715179d647b9256,Malware payload
2024-02-01,Payload delivery,tlsh,t18291752561580cbe8728869be4443be76bfe05a351c4ec28d4be5f5ca1ff6f101769,
2024-02-01,Payload delivery,ssdeep,96:zOzOO+km7O8ZlOFKiwTH9DnT71vfihHxisoZ5eJ4+:WPHKT9TTx+RJoDeJ3,
2024-02-01,Other,size-in-bytes,4262,
2024-02-01,Payload delivery,mime-type,application/json,
2024-02-01,Payload delivery,md5,f4ee67d41236e79ebb7a270f73bc5502,Malware payload (Amadey)
2024-02-01,Payload delivery,sha256,a778c2ea684ebdcb0c0b0ac6b5e57996e74ecda1e0d42b02ba84f4cdb0f7bd05,Malware payload (Amadey)
2024-02-01,Payload delivery,tlsh,t17f0533f86f1e3bd5e071a4f1c786a9667fac7a960309b0202a3f49ae4c4875d8f535,
2024-02-01,Payload delivery,imphash,7515ecf8c0dfa4d230ad835fe0acb57f,
2024-02-01,Payload delivery,ssdeep,12288:c8ovZYuV/FJTBQxnUo7YNQt6GnBaWnBsPDqWOFinBKHQjUpbH9gPYyyP:chYuVGxnNwQt3BaWnBCqqBKNneYyy,
2024-02-01,Other,size-in-bytes,809984,
2024-02-01,Payload delivery,mime-type,application/x-dosexec,
2024-02-01,Payload delivery,md5,6459b7ef909e1fade228296fb2be3e17,Malware payload
2024-02-01,Payload delivery,sha256,279cada8a6c3eaef1c8d5c5152fa6293f10feb4c58e74da262f7f503c307ce3d,Malware payload
2024-02-01,Payload delivery,tlsh,t155a1989712585dbccf14c7d680da3aab57ed0053a2a4ac24eded5f0c91ff8b10266e,
2024-02-01,Payload delivery,ssdeep,48:Yxg3SPhJSPdqKkY7EbnlUQl26hpk6nYK+zobgDF4w0dM0tXcg/i2up9WXibUfi1b:QOIkBtKCz93Ei1vnfYL4dP,
2024-02-01,Other,size-in-bytes,4787,
2024-02-01,Payload delivery,mime-type,application/json,
2024-02-01,Payload delivery,md5,905ca5841ee1a2f64d856590936032fe,Malware payload
2024-02-01,Payload delivery,sha256,fd40ee33188aabe34e9eaae1beda85035488b21bcf5127d051e62940118ac113,Malware payload
2024-02-01,Payload delivery,tlsh,t129919666261c0cbdc2394b87a01c76d767ee02739184fd2888bd5f0ca5ff2b141769,
2024-02-01,Payload delivery,ssdeep,96:jjiekxq8pVFawTH9o2nTv71vzhHtsIZh7E8WoR+:jjivguFaA9o2nbdhNsIr7E8pR+,
2024-02-01,Other,size-in-bytes,4225,
2024-02-01,Payload delivery,mime-type,application/json,
2024-02-01,Payload delivery,md5,edcf325139a22a365cf9d70c84ba7e42,Malware payload
2024-02-01,Payload delivery,sha256,43103f956ecd7c70cd0d4093de921c33cc7c578ad166e2857c7138522289cb26,Malware payload
2024-02-01,Payload delivery,tlsh,t1d29165aa26095ebcca5496d3e5403ad7876e0493b194ed2cd9fd9f0ce1ef1f002769,
2024-02-01,Payload delivery,ssdeep,48:YxY6wtdlpkofn16Ru+FkDFU0NhtXeV2Qp9We6T2UHs1vibvKqRteU3wxioLRuIhe:tpkocRtG9U/9K2Ss1veiHL0Izux,
2024-02-01,Other,size-in-bytes,4274,
2024-02-01,Payload delivery,mime-type,application/json,
2024-02-01,Payload delivery,md5,52e1e8669e13eff15977fc9667beb0c9,Malware payload (Amadey)
2024-02-01,Payload delivery,sha256,0396056e92bc6d11bc4e6352e3062ed4672ce7b2fd64ec78d2b1118bd3564c13,Malware payload (Amadey)
2024-02-01,Payload delivery,tlsh,t130469d027644de51d1bd6737c8df441487adfca42b62ea0bbe8e336e6452326ac1e1,
2024-02-01,Payload delivery,imphash,f34d5f2d4577ed6d9ceec516c1f5a744,
2024-02-01,Payload delivery,ssdeep,98304:ZW8+RG62YYxr4M+sUA5GEWmPUQJyfSWE/flx:MtG6w4kUD8yKWEz,
2024-02-01,Other,size-in-bytes,5376512,
2024-02-01,Payload delivery,mime-type,application/x-dosexec,
2024-02-01,Payload delivery,md5,6d84fa8258508da235e38942663bb734,Malware payload
2024-02-01,Payload delivery,sha256,415aad780de65cc75f8d4344e2057785c5e8159672f2022efaba24548fb90a49,Malware payload
2024-02-01,Payload delivery,tlsh,t151a1869b11691cbdcb14cbd255d93a8787ad0113a2a8ad14fced5f0c82ff4b60366a,
2024-02-01,Payload delivery,ssdeep,48:Yxg3SPhJSPdqKkY7EbnlUQl2gqhpk6nYK+zebDF4w0dM0tX8r82bp9WG9sYUfi1w:QOBkBAKpg9nEi1v1/YEjPskOP,
2024-02-01,Other,size-in-bytes,4971,
2024-02-01,Payload delivery,mime-type,application/json,
2024-02-01,Payload delivery,md5,c815846f44df9fde10980b4930afa6e1,Malware payload
2024-02-01,Payload delivery,sha256,d31f521a0911761aa34cb7056fecd44907959e202d0685d38d9555d046a00aa0,Malware payload
2024-02-01,Payload delivery,tlsh,t10aa1969716685cbccf14c7c684da3aab83ed005392a4ac14edfd5f0c91ff8b502629,
2024-02-01,Payload delivery,ssdeep,48:Yxg3SPhJSPdqKkY7EbnlUQl2phpk6nYK+zobgDF4w0dM0tXcg/i2up9WXibUfi1x:QOnkBtKCz93Ei1vnfY/e1HvwgP,
2024-02-01,Other,size-in-bytes,4788,
2024-02-01,Payload delivery,mime-type,application/json,
2024-02-01,Payload delivery,md5,69d266b386649bf8d30178bf5e201f86,Malware payload
2024-02-01,Payload delivery,sha256,acc5527a2367833cfa1ec56d3281ea885d1cf98dfaeea596b0c71da817086dc8,Malware payload
2024-02-01,Payload delivery,tlsh,t16c91749a260d5ebcc65496d3e8503ac7876e1093b198dd2ce8fd9f08e1ef0f14276a,
2024-02-01,Payload delivery,ssdeep,48:YxY6w5dlpkofn16Ru+FzvDFU0NhtXN3rm/2xp9WhHp6Y2UHs1vhmObvK3moRteUJ:ZpkocRtp9hEA9Sr2Ss1vhPMeHLTJYHx,
2024-02-01,Other,size-in-bytes,4274,
2024-02-01,Payload delivery,mime-type,application/json,
2024-02-01,Payload delivery,md5,77c4f6bb281f77975dcafa34ac349790,Malware payload (Ransomware.Stop)
2024-02-01,Payload delivery,sha256,135698647c6708059999b677fcd123b3255cdb3020842db103dbe990f4cc0593,Malware payload (Ransomware.Stop)
2024-02-01,Payload delivery,tlsh,t174e4125034f1c533e7f746728b75d2b1a97ff8e3a969958b76082a0a2d737810da13,
2024-02-01,Payload delivery,imphash,471a0f1afca8daf6a6e12651ef14acd4,
2024-02-01,Payload delivery,ssdeep,12288:G4wN0mhFg8MnVp4RXTwLoqsymnGr6oyhdfstmu59W7OB7FKuz3Vc8QjVvjzZXOpI:GzO8QVeRXTYohy/GvktmS9pBJKu7ZQJE,
2024-02-01,Other,size-in-bytes,702976,
2024-02-01,Payload delivery,mime-type,application/x-dosexec,
2024-02-01,Payload delivery,md5,66bb0d5df4b8eb456b6a4a9f6fc396cb,Malware payload (CoinMiner)
2024-02-01,Payload delivery,sha256,61bad4603b5349c5a319021a80763d7e50d29cafffc83a65b42ddd30ef4bb60f,Malware payload (CoinMiner)
2024-02-01,Payload delivery,tlsh,t1ea36d01167d19e0ae3b63f36997390288a35f9127b36e30f1a3c526a3d7277048917,
2024-02-01,Payload delivery,ssdeep,98304:R5DJVXlM3I2DhbjG/Mul2rq/aReDkizMeQU5:nVM3IUh2/Mul2rVe4iwVU,
2024-02-01,Other,size-in-bytes,4878336,
2024-02-01,Payload delivery,mime-type,application/x-dosexec,
2024-02-01,Payload delivery,md5,84697e56171fa188f919c93052bd7eab,Malware payload (Arechclient2)
2024-02-01,Payload delivery,sha256,81527fd386cd89093e563236dff0c1801c06bf0c8911a73d9fc23b23a081e478,Malware payload (Arechclient2)
2024-02-01,Payload delivery,tlsh,t1ea469d027644ce22d1bd6237c9ce441847fced952763eb2b7e9a336c6152766ac0e1,
2024-02-01,Payload delivery,imphash,f34d5f2d4577ed6d9ceec516c1f5a744,
2024-02-01,Payload delivery,ssdeep,98304:0nY+i0OnxXQGlL6ZD0zjocWL8ekWd++Bx9mmb5sLGAWlhdnxil:OY+iflLeDsjoxDZqLGX6,
2024-02-01,Other,size-in-bytes,5565440,
2024-02-01,Payload delivery,mime-type,application/x-dosexec,
2024-02-01,Payload delivery,md5,4ee9bcb84f674c28683d80baa218cfe8,Malware payload
2024-02-01,Payload delivery,sha256,166e28b7aa68b248d88dc6bf841dd55f520fdfd7c76f98dc24b7fb99098a846a,Malware payload
2024-02-01,Payload delivery,tlsh,t10c917562261c0cbd87294b96905c7ad76bae027790c4fd2888bd8f0ca5ff2f141769,
2024-02-01,Payload delivery,ssdeep,96:jjfekxq8pVFawTH9o2nTv71vzhHtsIZhJac1R+:jjfvguFaA9o2nbdhNsIrAwR+,
2024-02-01,Other,size-in-bytes,4215,
2024-02-01,Payload delivery,mime-type,application/json,
2024-02-01,Payload delivery,md5,442fc00d6fefbd98e1d3ecc1c5fa5df2,Malware payload (Smoke Loader)
2024-02-01,Payload delivery,sha256,eef73d2040652058719736af9f73cccb099473416bd74c8b26020b3d05ad4e68,Malware payload (Smoke Loader)
2024-02-01,Payload delivery,tlsh,t14014ae253af1c075f6a745356db4d2a1693fbc62bb74c14f32482b1f2e222d29a613,
2024-02-01,Payload delivery,imphash,471a0f1afca8daf6a6e12651ef14acd4,
2024-02-01,Payload delivery,ssdeep,3072:IJmtLHDIY5mqovd+YPoWtsc6bSa7eQ24m675APyVB:imtL8Y53ad+dfciLOPy,
2024-02-01,Other,size-in-bytes,193024,
2024-02-01,Payload delivery,mime-type,application/x-dosexec,
2024-02-01,Payload delivery,md5,dce08de14fd06685d86abdbc1c684fc8,Malware payload
2024-02-01,Payload delivery,sha256,890649f7cb04bf71b31c44a9a6cd13070050671f1a8b45d9e79c7d9065bd089d,Malware payload
2024-02-01,Payload delivery,tlsh,t1cb91659926095dbccb9496d3e8443ac7876e0053b1a4dd2cd4bd9b0ca2ff1f10276a,
2024-02-01,Payload delivery,ssdeep,48:YxY6w2Gdlpkofn16Ru+FvDF4w0NhtXpk2Kp9Wo6sUHs1vFbvKzRteU3wxioorbdP:GWpkocRtxYyH97Ss1vdTHWdwQx,
2024-02-01,Other,size-in-bytes,4403,
2024-02-01,Payload delivery,mime-type,application/json,
2024-02-01,Payload delivery,md5,2421977f6e9252b8f3a23028519d7fc0,Malware payload
2024-02-01,Payload delivery,sha256,19863620409505fce280da773564c7040af1f793d8dd4feca3296ded3eea722a,Malware payload
2024-02-01,Payload delivery,tlsh,t104a1755b31561cac851887eb98e13e8b97ad00a3a184ac18f8ed5f5c96ff8e103769,
2024-02-01,Payload delivery,ssdeep,48:Yxg3SPhJSPdqKkY7EbnlUQl2FRifk/n0+aWKSPmDF4w0biYtXDSPGq2Hp9WcseN0:QOwkTaUeuef49VEMG1vHRA9FOCWt,
2024-02-01,Other,size-in-bytes,4922,
2024-02-01,Payload delivery,mime-type,application/json,
2024-02-01,Payload delivery,md5,197ca12448cbb32e0b0d417eb84c7ccc,Malware payload
2024-02-01,Payload delivery,sha256,cf324d0aee6e8eb7b4937a1e79632c6d12741d18ef079fcb49ab37500042563f,Malware payload
2024-02-01,Payload delivery,tlsh,t10052d05fd61b9037caab353e83298e88ba1d9c70367dcf0c65b64150fd2b56d3a80a,
2024-02-01,Payload delivery,ssdeep,192:1waQm5Aaiiq5iuRK5nB/xTPYiSVi/jjGud+6hQshcpuMu1InMeZu/bbQkMFjJ6:rQ6iDqB/4oGuDhQ0NM4InMGyQkMFjM,
2024-02-01,Other,size-in-bytes,14007,
2024-02-01,Payload delivery,mime-type,application/x-dosexec,
2024-02-01,Payload delivery,md5,36d9e3c2382beb3639b086a8205fe1f6,Malware payload
2024-02-01,Payload delivery,sha256,20cbed8ae02afe1dd4b94f7f1048b9e7d3b1c71555d8b434f7ab12ce0a5e50ae,Malware payload
2024-02-01,Payload delivery,tlsh,t17191426619386d7ccb5884ca98fc3d8e567e105bf1609c18a5de8f0ae2ff1f243a65,
2024-02-01,Payload delivery,ssdeep,96:eyrrkYOhDH5R0DWfrfT594ds1Y7g1vUreHTMsgiFEwv4lJeR:eyrQThr5RIWfrt94ds1Y7FrezMsgiFEu,
2024-02-01,Other,size-in-bytes,4614,
2024-02-01,Payload delivery,mime-type,application/json,
2024-02-01,Payload delivery,md5,13662b28f83c984606f4d2af4b393745,Malware payload (GCleaner)
2024-02-01,Payload delivery,sha256,6e9109da58f6ea3b9eee6b9418e3d8c22adac7b5ef6e921d3b668aa883ee589b,Malware payload (GCleaner)
2024-02-01,Payload delivery,tlsh,t12c368c427a40da52d16d663bc9cf401887edeca03773eb1b7e9a336c6452726ac0e1,
2024-02-01,Payload delivery,imphash,f34d5f2d4577ed6d9ceec516c1f5a744,
2024-02-01,Payload delivery,ssdeep,49152:emm0WvI+r66RhgukCcFIGHSsBT4EgCRgg7TQZ3XnF6OSlpdfV0h:emm0eI+r/bkaGXBTtbRgg7unFnALE,
2024-02-01,Other,size-in-bytes,4958208,
2024-02-01,Payload delivery,mime-type,application/x-dosexec,
2024-02-01,Payload delivery,md5,29e6b4d280fab36037640aaf1255ab7e,Malware payload
2024-02-01,Payload delivery,sha256,08151f4f614719ce665437dbd6aee8f8b94898bbb60994ab7ec1cd0ec077e2a2,Malware payload
2024-02-01,Payload delivery,tlsh,t1eca1849736544c7c8b1487ea54e63aab47ad00b7a1949c28b8ed5f4c91ff8f10366d,
2024-02-01,Payload delivery,ssdeep,48:Yxg3SPhJSPdqKkY7EbnlUQl2QXRifk/n0+aWHbgDF4w0biYtXcgFi2Hp9WoibUxP:QOvkTaRug49KMG1v5vAZUw,
2024-02-01,Other,size-in-bytes,4780,
2024-02-01,Payload delivery,mime-type,application/json,
2024-02-01,Payload delivery,md5,3976b671833d0c3bca38ce65f3307e85,Malware payload (GuLoader)
2024-02-01,Payload delivery,sha256,ddaca0851e81c9c8e9b75fb8033cfd789561c05b2e83810f1d1c63cf7e069738,Malware payload (GuLoader)
2024-02-01,Payload delivery,tlsh,t146f5336865085019f102c5739f473a6bdb69b321ded79fe20f52ba173ef3263e4889,
2024-02-01,Payload delivery,imphash,671f2a1f8aee14d336bab98fea93d734,
2024-02-01,Payload delivery,ssdeep,98304:5i++qX8iuivYw7Kx0tJI7dKeZICdFTEzdzdkF:gcNuyYw7RtJI7ZZhdFTi+,
2024-02-01,Other,size-in-bytes,3427861,
2024-02-01,Payload delivery,mime-type,application/x-dosexec,
2024-02-01,Payload delivery,md5,e4ff47f86a20fbdfdd9837f176f886c1,Malware payload
2024-02-01,Payload delivery,sha256,3a379b881168d211ff6b1b07f6b225ef01aea882f7764e198ec83bf41d037bbc,Malware payload
2024-02-01,Payload delivery,tlsh,t1c6a1a3ab15395c7ccb14c7c289c93a8793ed015363a4ac08fdad6f0c82ee8b102659,
2024-02-01,Payload delivery,ssdeep,48:Yxg3SPhJSPdqKkY7EbnlUQl2AKhpk6nYK+z1DF4w0dM0tXnT2up9WSFo8ZUfi1v+:QOW6kB5KDz9vLEi1vYYYcIntP,
2024-02-01,Other,size-in-bytes,4874,
2024-02-01,Payload delivery,mime-type,application/json,
2024-02-01,Payload delivery,md5,4d43ba3216a358b421d6e82e69ea6a90,Malware payload
2024-02-01,Payload delivery,sha256,5b4d1a80b40e53a34978c5b5d518da08e433022066ea4c5fba037f9754144be1,Malware payload
2024-02-01,Payload delivery,tlsh,t17c51581236b8834a35768f84a66f2b64863f3e5b5e3f964a408d0c9d13e250dc477b,
2024-02-01,Payload delivery,ssdeep,48:KzcSlvXqeLsbWVbwbflCFNvTb6P3ekg7KBcb4J/lWXDWC6eBGo5VvKVIHt:zSVkOcpY5edIbwIHt,
2024-02-01,Other,size-in-bytes,3092,
2024-02-01,Payload delivery,mime-type,text/plain,
2024-02-01,Payload delivery,md5,1980a5d8d7795abadffa1f76ec14511b,Malware payload
2024-02-01,Payload delivery,sha256,248957dcea5e4bd64cacd0f65e334859ea5f2443dc22513fdb58fea1c24ffb8b,Malware payload
2024-02-01,Payload delivery,tlsh,t14ea175ab31160cbcc62987da94e53b8b97bc01635494ec24a4ac5f5c96ff8f1437ad,
2024-02-01,Payload delivery,ssdeep,48:Yxg3SPhJSPdqKkY7EbnlUQl28Rifk/n0+aWCDF4w0biYtXnQbZ2Hp9WjyUxG1vCC:QOnkTa1uAbZ49bMG1vCb8vbJAX4V+q,
2024-02-01,Other,size-in-bytes,5004,
2024-02-01,Payload delivery,mime-type,application/json,
2024-02-01,Payload delivery,md5,a0463e1e33bcbc27a0771e8eaee9bbfd,Malware payload
2024-02-01,Payload delivery,sha256,490afc2cf471f3cc198db84a5145a62a1503538bebd16ff59812000d072222a2,Malware payload
2024-02-01,Payload delivery,tlsh,t1f1b533fedebd8450da4363335595060fa09b4f239c6565b989e1f0d2eb3e438a993c,
2024-02-01,Payload delivery,imphash,baa93d47220682c04d92f7797d9224ce,
2024-02-01,Payload delivery,ssdeep,49152:Eu6uv3nWvlaxcRzRwnnP7Rv16VVn+mrgWzwzBgK1vJZTN:Eu6AXWvlI2wnPN9a9+EpzLK1TTN,
2024-02-01,Other,size-in-bytes,2300416,
2024-02-01,Payload delivery,mime-type,application/x-dosexec,
2024-02-01,Payload delivery,md5,3db18041d630052e3b20e4d215a4230f,Malware payload (BumbleBee)
2024-02-01,Payload delivery,sha256,03a469765963ba34f010602972c29dcbe617d462185243dcffcac5f47e9cbcae,Malware payload (BumbleBee)
2024-02-01,Payload delivery,tlsh,t1ad45e021e6921ff4d477817681ab263bbb307e580324d3b7a7c0d3377d927a45b266,
2024-02-01,Payload delivery,imphash,47e01530ad43ec939d1c47709a80a5c6,
2024-02-01,Payload delivery,ssdeep,24576:SxOU/7+LUu4af1WAiwdwjUWHWQuONnh7AC2Dq+FRPa8DacrDSG:YKVvxa4s0HBaciG,
2024-02-01,Other,size-in-bytes,1223175,
2024-02-01,Payload delivery,mime-type,application/x-dosexec,
2024-02-01,Payload delivery,md5,29ebb4dd3f2ef6c64e55d2fe2b6d356b,Malware payload
2024-02-01,Payload delivery,sha256,b9c6d8af99fb6bf9e91e2b1c96e9313c82859f053472c8fb7588d9318d7af2ff,Malware payload
2024-02-01,Payload delivery,tlsh,t12ab533fb1afb0476f6e75bb4a615678404877d872278a01a9512f3d2873c631f887c,
2024-02-01,Payload delivery,imphash,baa93d47220682c04d92f7797d9224ce,
2024-02-01,Payload delivery,ssdeep,49152:4TmF35TtX43qHl7xorwPtDBXvcbS63cpUUSC3stPo2QoV:4MTtXVvP5Fvt6YUU5bN,
2024-02-01,Other,size-in-bytes,2291200,
2024-02-01,Payload delivery,mime-type,application/x-dosexec,
2024-02-01,Payload delivery,md5,25c16abfff6f91f92265d614e02c9241,Malware payload
2024-02-01,Payload delivery,sha256,f4d89f8efb19ef9a9370f110175b32f7dcf7cfbb9964df6a22e9bc82f1a7d1e3,Malware payload
2024-02-01,Payload delivery,tlsh,t14191549a37095dbdca5496d3d9503ad7876e0093b198dd2ce9fc9f08e1ef1f0027a9,
2024-02-01,Payload delivery,ssdeep,48:YxY6wFdlpkofn16Ru+FkDFU0NhtXeV2Qp9We6T2UHs1vibvKqRteU3wxioLsxeRE:lpkocRtG9U/9K2Ss1veiHL+eRvux,
2024-02-01,Other,size-in-bytes,4274,
2024-02-01,Payload delivery,mime-type,application/json,
2024-02-01,Payload delivery,md5,459fb44ce9038e3bec097c4ad44a9a37,Malware payload
2024-02-01,Payload delivery,sha256,7a9169fb339f164814619cc63dd1af18ed45d7275b13c9514e1436842db5ae06,Malware payload
2024-02-01,Payload delivery,tlsh,t11da1849b21696cbc8a1487d689d93e9797ed0043a298ac18fced5f0c92ff4b103659,
2024-02-01,Payload delivery,ssdeep,48:Yxg3SPhJSPdqKkY7EbnlUQl2I/hpk6nYK+z9SPmDF4w0dM0tXDSPGo2up9WvseNZ:QOODkBIeKezz9EEEi1vZhY8K8P0ndP,
2024-02-01,Other,size-in-bytes,4940,
2024-02-01,Payload delivery,mime-type,application/json,
2024-02-01,Payload delivery,md5,582cd7e4a9f2e69c9145a73e763efdae,Malware payload
2024-02-01,Payload delivery,sha256,54604d0c3c726aafa18c081fc2fd29b00eb472d88c02cf56c2c85417ccff947d,Malware payload
2024-02-01,Payload delivery,tlsh,t177b533f2a9b29d9dc3474bfbde89491245933c4b43848b5fa416f28b07bdb736a00d,
2024-02-01,Payload delivery,imphash,baa93d47220682c04d92f7797d9224ce,
2024-02-01,Payload delivery,ssdeep,49152:0sgbFCCKfvgrQmF1+PdhtWe8xAINBOY2xar61zOHB6mD3UNwhH7B:uICoMQzlnGNgnkB68UNwhHF,
2024-02-01,Other,size-in-bytes,2345984,
2024-02-01,Payload delivery,mime-type,application/x-dosexec,
2024-02-01,Payload delivery,md5,4311fc1a9562cf3f235756db40084639,Malware payload
2024-02-01,Payload delivery,sha256,5eb2bcf33c6c92cf2bdd14722de393d93498731f56b607a9904df0de300be969,Malware payload
2024-02-01,Payload delivery,tlsh,t172914271621c0d7e873482d6b4597ad767be0257a0d4ec28a8bd4f0ce6ef1f205b6a,
2024-02-01,Payload delivery,ssdeep,48:YxCIot2fbZkvnY+Cs+DF4w0nltXPSjeUT2Gp9WnTUd81vdE7b/KcRezbC3wxioos:ibZknCs+w/05TH9I681vdEHAbpZchhO,
2024-02-01,Other,size-in-bytes,4238,
2024-02-01,Payload delivery,mime-type,application/json,
2024-02-01,Payload delivery,md5,2dacbd0d073d591e7e5adfcbe9c6f3a6,Malware payload (RiseProStealer)
2024-02-01,Payload delivery,sha256,d325989eef1d577c7bdbe1dec67656798cdf30fd958f500a86971ddecd6b398e,Malware payload (RiseProStealer)
2024-02-01,Payload delivery,tlsh,t1914533bf850f7014d810e8bd7ed5850d29b8bda9604ca7523faf06ea2a605ce1b07d,
2024-02-01,Payload delivery,imphash,5ab723dc8d5af21b79dc301ed6a56a64,
2024-02-01,Payload delivery,ssdeep,24576:ohFuIceqe6p6efFV5GwQMyEvO8YLIrgykhPNx+:89DqvphIlLYrgyk1Nx+,
2024-02-01,Other,size-in-bytes,1195520,
2024-02-01,Payload delivery,mime-type,application/x-dosexec,
2024-02-01,Payload delivery,md5,06fad45002385c2b1062998e6d840e54,Malware payload
2024-02-01,Payload delivery,sha256,fe089e2de5573a6e56ca69768894bffa6cfe9d2db226edd6ebd75a221d044611,Malware payload
2024-02-01,Payload delivery,tlsh,t1ebd4129139a3c0bad5f3597a193493b0ab3bbcb2a874918f76486b6f7d311c18b513,
2024-02-01,Payload delivery,imphash,471a0f1afca8daf6a6e12651ef14acd4,
2024-02-01,Payload delivery,ssdeep,12288:IT/l2NIKAX1ILVq5L0UqxWOF5g1S7KY5oOct3Coo04:I5qIV5hdOF5v7K0kFCh0,
2024-02-01,Other,size-in-bytes,628736,
2024-02-01,Payload delivery,mime-type,application/x-dosexec,
2024-02-01,Payload delivery,md5,11321a239c5e46fcdc9a50b5ad6fe065,Malware payload
2024-02-01,Payload delivery,sha256,1ab5afe2a4e54441875c9a7f609128bf1131dd744430d696dbeb37b088aa372a,Malware payload
2024-02-01,Payload delivery,tlsh,t1bc91753562140cbe8a28879be4547af35bee05a391c4ec28d4ae9f5ca1ff6f100769,
2024-02-01,Payload delivery,ssdeep,96:zOzOW+km7O8ZlOFKiwTH9DnT71vfihHxisoZ5JZ94+:ePHKT9TTx+RJoDJZ93,
2024-02-01,Other,size-in-bytes,4262,
2024-02-01,Payload delivery,mime-type,application/json,
2024-02-01,Payload delivery,md5,796125f23be4dfb1eb496dc20bc6569d,Malware payload (GCleaner)
2024-02-01,Payload delivery,sha256,fc644055fa9a307159498569b92978c96f1fe4413a24097d6f9776a49df6588c,Malware payload (GCleaner)
2024-02-01,Payload delivery,tlsh,t13d34df20baf0d836eaf709385cb4c695597bbc236674d54f3a547b1f6e222d16e223,
2024-02-01,Payload delivery,imphash,471a0f1afca8daf6a6e12651ef14acd4,
2024-02-01,Payload delivery,ssdeep,6144:oHYLHzbNOjKFiUeFUPb8kILCQjwqj/S2TBU:o4bNKu7egsEqm2u,
2024-02-01,Other,size-in-bytes,251904,
2024-02-01,Payload delivery,mime-type,application/x-dosexec,
2024-02-01,Payload delivery,md5,b5d5776bc9af1338d4a8fd76c097bb60,Malware payload
2024-02-01,Payload delivery,sha256,57adf466516452498e357f93b2854cc62b09f90d39c9823e3162400ec9c2d39b,Malware payload
2024-02-01,Payload delivery,tlsh,t1b9a1b79736650cbcc624c7ea94e23d4757ad0073a1d4ed14e8ac4f5c91ee8f1037ea,
2024-02-01,Payload delivery,ssdeep,48:Yxg3SPhJSPdqKkY7EbnlUQl26Rifk/n0+aWblFDF4w0biYtXqlNBT2Hp9Wt0mUxo:QOdkTaGuIT49YMG1veKAIxS2,
2024-02-01,Other,size-in-bytes,4832,
2024-02-01,Payload delivery,mime-type,application/json,
2024-02-01,Payload delivery,md5,0d57fe602dea078ec3951ac74c255a98,Malware payload
2024-02-01,Payload delivery,sha256,06f3d7c75761f35cc15d3b5a284398565a688f8e50d1e8ccb0c8a9b06e65aa80,Malware payload
2024-02-01,Payload delivery,tlsh,t1a991c4b7162c4cadca1487e795903b8796bf4167e0849e58b9a88f08e0fe1b91136a,
2024-02-01,Payload delivery,ssdeep,48:Yx5AvwlYYw/SuKbsJkmnh+0DFU0omOtXxR23p9WtY2UKJ1vybaKqRrC3wxioiCAd:YAvwl+SEkv0S7U9/2FJ1vu8iCAB6E,
2024-02-01,Other,size-in-bytes,4333,
2024-02-01,Payload delivery,mime-type,application/json,
2024-02-01,Payload delivery,md5,4cba47f824383c0a92a3d7b454ba700d,Malware payload
2024-02-01,Payload delivery,sha256,9b19e529acd7d7e46a6eeaec7ab3efb6d9ab2cdfb138a36633f80fbda8376d9a,Malware payload
2024-02-01,Payload delivery,tlsh,t15ba175eb61681cbcca19c7c694d93b8797fc015352a4ec28acac5b0c93ff97153669,
2024-02-01,Payload delivery,ssdeep,48:Yxg3SPhJSPdqKkY7EbnlUQl2R0jhpk6nYK+z1DF4w0dM0tXnGbZ2up9WSgyUfi1n:QOQ3kBhKWbZz9BEi1vUb8pbbYdxiP,
2024-02-01,Other,size-in-bytes,5033,
2024-02-01,Payload delivery,mime-type,application/json,
2024-02-01,Payload delivery,md5,3f5943b54d83f3e50ea41267e4d6ac48,Malware payload
2024-02-01,Payload delivery,sha256,f62db12c43ecd24b2c766815a2a7e3f54e6eac3b631b7d0a336cb0d010d1cde0,Malware payload
2024-02-01,Payload delivery,tlsh,t13d9195b716284cbc8a2487d7a5943bd7567f41a7e084ad68b9b88f08e0fe1f10136b,
2024-02-01,Payload delivery,ssdeep,96:YAvwlvkvQISnya0o9HT2FJ1vltPBioHd2gY2nE:YAvzXo9z2FBioHWuE,
2024-02-01,Other,size-in-bytes,4329,
2024-02-01,Payload delivery,mime-type,application/json,
2024-02-01,Payload delivery,md5,a80d0fa62ff91c75486047b32d147821,Malware payload
2024-02-01,Payload delivery,sha256,4d6474d6af489e73189fa6a48d3db9034c617dd1eaf994b63f0a4a2c7e8bed06,Malware payload
2024-02-01,Payload delivery,tlsh,t1b7a1a7ab31564c7cc61487db98e53e8b57ad00b3a194dc18b9ed5f4881ff8f103769,
2024-02-01,Payload delivery,ssdeep,48:Yxg3SPhJSPdqKkY7EbnlUQl2KRifk/n0+aW0DF4w0biYtXnR2Hp9WO8ZUxG1v+bn:QO1kTa1uh49AMG1vSmA9UI,
2024-02-01,Other,size-in-bytes,4866,
2024-02-01,Payload delivery,mime-type,application/json,
2024-02-01,Payload delivery,md5,20b544518038355ac663a36e7159421e,Malware payload
2024-02-01,Payload delivery,sha256,c186e2b0afe45fb3eccc8e2b0749456b6de6f1a605f6b0fd9dc34957d0b1368c,Malware payload
2024-02-01,Payload delivery,tlsh,t177a1a6ab36550cbc85248be794e13e8b47ad0163a094ec18f4ed4f4c85ff8f5037a9,
2024-02-01,Payload delivery,ssdeep,48:Yxg3SPhJSPdqKkY7EbnlUQl2WRifk/n0+aW/bDF4w0biYtX8rG2xp9WoKsYUxG1s:QO5kTakuNe9yMG1vbDAP00,
2024-02-01,Other,size-in-bytes,4953,
2024-02-01,Payload delivery,mime-type,application/json,
2024-02-01,Payload delivery,md5,9126039a58a4ee9ebdaa2b728cc33769,Malware payload
2024-02-01,Payload delivery,sha256,4067a467dfe668d3f83eaf2fb20d30c4107f4d25489a55880b1661ffcccdbed6,Malware payload
2024-02-01,Payload delivery,tlsh,t1449185e7b1156eb8c51fc9ea96e939cecabd001390305c1ce5a94b0b98ff1b51363d,
2024-02-01,Payload delivery,ssdeep,96:XGn9k0yan4wgaBSQcsTN9+BMOy0G1vRctHsz9UAeGV7EdVXr:30049rVGml6P,
2024-02-01,Other,size-in-bytes,4529,
2024-02-01,Payload delivery,mime-type,application/json,
2024-02-01,Payload delivery,md5,3f17a29eeb92c4132b24da9e5d614a09,Malware payload
2024-02-01,Payload delivery,sha256,2dd9b99ac90b290bb209616d9ab7f2d12b47a295b444f468d795e106c996ea33,Malware payload
2024-02-01,Payload delivery,tlsh,t120532908b387e321ca684ab5c0e3a51503f2ab576673d78e3e8412c50e73be5ed537,
2024-02-01,Payload delivery,imphash,f34d5f2d4577ed6d9ceec516c1f5a744,
2024-02-01,Payload delivery,ssdeep,768:8iWTc8/1zp/GBSVxGf1EN+kim93hduEhdv6p9YO7nWJp/+SyltyC9AktsRItVP2p:PKTXnn3Due5yDqHGSyltH+ktsCuB,
2024-02-01,Other,size-in-bytes,61440,
2024-02-01,Payload delivery,mime-type,application/x-dosexec,
2024-02-01,Payload delivery,md5,941f1ce00eb16e544647e29632856e7a,Malware payload
2024-02-01,Payload delivery,sha256,53d62626bdff81dc8a21875aad6edd66df71dda1f8ff2c2d5c57a554be1fadc9,Malware payload
2024-02-01,Payload delivery,tlsh,t1ab41dd7ccf29f8e0037db1a08c492e2620949e57d6f58e24d9574ee62d7c20acf1b1,
2024-02-01,Payload delivery,ssdeep,48:LGfEFWuJqs9HZNjd+SfprcKyK0hE6S1FtfsC5P3RX5ZWiaoIhSNt2:LGfEFW87jd+Sfpbaq6S1FtfsC5P39EfT,
2024-02-01,Other,size-in-bytes,2219,
2024-02-01,Payload delivery,mime-type,text/plain,
2024-02-01,Payload delivery,md5,ad75d405ab7c54f0c3d947a9dfd3a62e,Malware payload
2024-02-01,Payload delivery,sha256,7f61b864612d587018cc7463949eb86bc4a714e9e84ee720d7f12e3c08698eca,Malware payload
2024-02-01,Payload delivery,tlsh,t1b0a1859716585cbc8b14d7c744da3aab87ed0053a3a8ac18eded5f0c91ff8b10226d,
2024-02-01,Payload delivery,ssdeep,48:Yxg3SPhJSPdqKkY7EbnlUQl2Ohpk6nYK+zobgDF4w0dM0tXcg/i2up9WXibUfi1M:QOgkBtKCz93Ei1vnfY1CY5P,
2024-02-01,Other,size-in-bytes,4798,
2024-02-01,Payload delivery,mime-type,application/json,
2024-02-01,Payload delivery,md5,31a6c56da13533f4addef7bab188e395,Malware payload (Smoke Loader)
2024-02-01,Payload delivery,sha256,a2d67daea33a52de3b121b43ebf8d2c8f5f5e1ef897bc1c7cfaaa9591a9d4172,Malware payload (Smoke Loader)
2024-02-01,Payload delivery,tlsh,t1c314ce2579f1c032faa7497169b4c2a5593fbcb29b75858f32582b1f3d322d18b623,
2024-02-01,Payload delivery,imphash,471a0f1afca8daf6a6e12651ef14acd4,
2024-02-01,Payload delivery,ssdeep,3072:gJmSLHTIY5mztfxY/y7hHxAZ/kHap8HmW5KjjVB:qmSLsY5+1q/y7huNkHatjj,
2024-02-01,Other,size-in-bytes,193024,
2024-02-01,Payload delivery,mime-type,application/x-dosexec,
2024-02-01,Payload delivery,md5,01468c8381911f791fd6afd2f70f3a24,Malware payload
2024-02-01,Payload delivery,sha256,39fbba9af34329a3cfb2912f9e9d29c0f98fce9b14bf49218718c21197979baa,Malware payload
2024-02-01,Payload delivery,tlsh,t161a197db25795cbccb24c7c695863e8357fd0053a3a4ad18ecac5f0c91fe8b14269a,
2024-02-01,Payload delivery,ssdeep,48:Yxg3SPhJSPdqKkY7EbnlUQl2Yhpk6nYK+zMlFDF4w0dM0tXqlNjT2up9WMTv0mU8:QOikB6KoTz9DEi1vgQY+zu6P,
2024-02-01,Other,size-in-bytes,4850,
2024-02-01,Payload delivery,mime-type,application/json,
2024-02-01,Payload delivery,md5,e2157caff7edc3446ebd7fe55f4c5729,Malware payload
2024-02-01,Payload delivery,sha256,557d272cbcd942fdbbdc24f55bfa6fb3ee62d6c459314bbef45c7c5d8aa64d77,Malware payload
2024-02-01,Payload delivery,tlsh,t1e6917426261c0cbd86354b97945c769767ae027790c4fd2888bd9f0ca4ff2b141769,
2024-02-01,Payload delivery,ssdeep,96:jjQekxq8pVFawTH9o2nTv71vzhHtsIZhdAvIuR+:jjQvguFaA9o2nbdhNsIrdAxR+,
2024-02-01,Other,size-in-bytes,4225,
2024-02-01,Payload delivery,mime-type,application/json,
2024-02-01,Payload delivery,md5,98b480339c9a8c8316f5255f976fd575,Malware payload (UACModuleSmokeLoader)
2024-02-01,Payload delivery,sha256,ce2233afbaae3dbd11de511a72182d30cc1f7abffb9f35506954fabdf723c234,Malware payload (UACModuleSmokeLoader)
2024-02-01,Payload delivery,tlsh,t155e4e02126e2f030e6f339315935e3b10b3bbc21263175af6f95267a5eb56d19a303,
2024-02-01,Payload delivery,imphash,38455915690a9df33f4e75a4aef63d5d,
2024-02-01,Payload delivery,ssdeep,12288:QKWx9unShF7rjHEB1LFn4jT6RTxry/3cXT3mDBB/SWNy84oeYxYmE:Qa6RwRyT6Le/MijXNXNxYm,
2024-02-01,Other,size-in-bytes,678912,
2024-02-01,Payload delivery,mime-type,application/x-dosexec,
2024-02-01,Payload delivery,md5,429ab13d1c6043790d3b80ed09cddad0,Malware payload (Amadey)
2024-02-01,Payload delivery,sha256,f808410b396b8a9adf01bb81b63b2fa15e024754d0a1967a28168f9e04d34d2a,Malware payload (Amadey)
2024-02-01,Payload delivery,tlsh,t137052378d33a95b0c92cfa7805cb48596f5cbe0d4186077322cf6b914a997ee67238,
2024-02-01,Payload delivery,imphash,7515ecf8c0dfa4d230ad835fe0acb57f,
2024-02-01,Payload delivery,ssdeep,24576:8vsJPzXrCUnrwQ/RHW/nSZLIk2pEkLZN:1XrCUnrl/R2/SZF2qktN,
2024-02-01,Other,size-in-bytes,809472,
2024-02-01,Payload delivery,mime-type,application/x-dosexec,
2024-02-01,Payload delivery,md5,f90ab999ca323da846279f15fc70c470,Malware payload (Stealc)
2024-02-01,Payload delivery,sha256,9c0b3abcfb29ff48eef5294be24dca94426396c861c76f6f32924ccc779ab077,Malware payload (Stealc)
2024-02-01,Payload delivery,tlsh,t1a214cf6437e1c036faa749316db4d2a42a3bbca79b75855f32582b1f2d322d04f223,
2024-02-01,Payload delivery,imphash,471a0f1afca8daf6a6e12651ef14acd4,
2024-02-01,Payload delivery,ssdeep,3072:RJmSLHTIY5mztfwI0Ml89YSpxQxaqmxxkyB9q3eQ5kt0Bm52zxuVB:7mSLsY5+130KJyQxaxxkyenCtkzxu,
2024-02-01,Other,size-in-bytes,192512,
2024-02-01,Payload delivery,mime-type,application/x-dosexec,
2024-02-01,Payload delivery,md5,bb93271f3a776b58b4d13df683d3be48,Malware payload (GCleaner)
2024-02-01,Payload delivery,sha256,6f9cc254340dbc0b5b406282fcda75daa8322acd77b5c23074fb0c9213cb13fd,Malware payload (GCleaner)
2024-02-01,Payload delivery,tlsh,t1ee24cf213ae0d072e6e74a3558b4c6b56d3bfc625b7581cf32682b1f2e323925b653,
2024-02-01,Payload delivery,imphash,471a0f1afca8daf6a6e12651ef14acd4,
2024-02-01,Payload delivery,ssdeep,3072:CxH+L1pWKlFJsBPr/yGpjey2WJ7VAIYwbQw4rGauI5lXN95ldJuVB:EH+LDRlFJcraaZJ7Vgd6pI7fu,
2024-02-01,Other,size-in-bytes,219136,
2024-02-01,Payload delivery,mime-type,application/x-dosexec,
2024-02-01,Payload delivery,md5,c06c6dbaee51b3264fc8e83a1fca515c,Malware payload
2024-02-01,Payload delivery,sha256,4024e47f6e293b09605ed13de0938f9fa2080a91b6f68b505e53bd74afd6ef91,Malware payload
2024-02-01,Payload delivery,tlsh,t189a174ab31550cbcc51987da94e13b8b87bc01a39594ec28b4ac5f5c96ff8f1437a9,
2024-02-01,Payload delivery,ssdeep,48:Yxg3SPhJSPdqKkY7EbnlUQl2oRifk/n0+aWCDF4w0biYtXnQbZ2Hp9WjyUxG1vCS:QOrkTa1uAbZ49bMG1vCb8vbJAA3fND,
2024-02-01,Other,size-in-bytes,5015,
2024-02-01,Payload delivery,mime-type,application/json,
2024-02-01,Payload delivery,md5,32c47051b0d1cc4a364d355bb5d8fb48,Malware payload
2024-02-01,Payload delivery,sha256,edc69db115162f3aa688bb3183e5764482326a44d52feae49770ef7eb32627dc,Malware payload
2024-02-01,Payload delivery,tlsh,t1b5a195eb15295c7ccb24c7c695c93b8757ed015393a8ac18fdad6f0c92ee8b102659,
2024-02-01,Payload delivery,ssdeep,48:Yxg3SPhJSPdqKkY7EbnlUQl2chpk6nYK+z1DF4w0dM0tXnT2up9WSFo8ZUfi1vAb:QO2kB5KDz9vLEi1vYYYBKPcP,
2024-02-01,Other,size-in-bytes,4874,
2024-02-01,Payload delivery,mime-type,application/json,
2024-02-01,Payload delivery,md5,e5044bada85927174f58dd32421fb0b8,Malware payload
2024-02-01,Payload delivery,sha256,3871ca8dcef915f9a0e06897dff160bd8b247384005f4f217a50df584239c32f,Malware payload
2024-02-01,Payload delivery,tlsh,t131534a09b787d721c5790a7a80e3d86103f2abc72573e68e7d8412c50e12be5cea77,
2024-02-01,Payload delivery,imphash,f34d5f2d4577ed6d9ceec516c1f5a744,
2024-02-01,Payload delivery,ssdeep,768:2EVW8/1bK1UINdHbTISuC1A+gnLOquktn7h+QiSYq5mEEhNHreO2fVm72fpg:PWKkCElTI+ARiL6FG/q5mrhZCpbg,
2024-02-01,Other,size-in-bytes,62976,
2024-02-01,Payload delivery,mime-type,application/x-dosexec,
2024-02-01,Payload delivery,md5,11ff88a8a25d1bfc845c830a9b0b425a,Malware payload
2024-02-01,Payload delivery,sha256,c69df92752aa5e2779eb8c57fb8b20e792a3927bab27f5ceaefd0a49b79bc3d6,Malware payload
2024-02-01,Payload delivery,tlsh,t18091b6b71a284cacca1487d795903b93567f41a7e0849e68b9f88f0ce0fe1b51137a,
2024-02-01,Payload delivery,ssdeep,48:Yx5AvwlYYwxKbsJkmnh+0DFU0omOtXxR23p9WtY2UKJ1vybaKqRrC3wxioilHOUv:YAvwlCkv0S7U9/2FJ1vu8ilHl44KE,
2024-02-01,Other,size-in-bytes,4323,
2024-02-01,Payload delivery,mime-type,application/json,
2024-02-01,Payload delivery,md5,6c3410ec5541db6e1be010e385c8a9ad,Malware payload
2024-02-01,Payload delivery,sha256,6dab6f685b03779ff61db675e1c6506001915737c25c1e0dcef8a61330701ce3,Malware payload
2024-02-01,Payload delivery,tlsh,t18f91659a26095dbcca4497d3e8903ad7877e0093b098de2cd5fc9f08e1ef1f04276a,
2024-02-01,Payload delivery,ssdeep,48:YxY6wFiodlpkofn16Ru+FzvDFU0NhtXN3rm/2xp9WhHp6Y2UHs1vhmObvK3moRtR:13pkocRtp9hEA9Sr2Ss1vhPMeHLqI0x,
2024-02-01,Other,size-in-bytes,4274,
2024-02-01,Payload delivery,mime-type,application/json,
2024-02-01,Payload delivery,md5,6a75eb4f283f06fb5f19974b143b1a70,Malware payload
2024-02-01,Payload delivery,sha256,4de6d3aee3fbb496b9f54c1d6aa47c80025ca280e75abc133ae306beb427bb7a,Malware payload
2024-02-01,Payload delivery,tlsh,t13091537266180c7dc73482d6b4557ad767be0257a0d4ac28a8ed4f0ca6ff1f205b5a,
2024-02-01,Payload delivery,ssdeep,96:LbZknCs+w/05TH9I681vdEHAbpZcelG2O:Lb21R0B9I6KEgbp+elG2O,
2024-02-01,Other,size-in-bytes,4248,
2024-02-01,Payload delivery,mime-type,application/json,
2024-02-01,Payload delivery,md5,f9f735a8897a8846b37991a516ffbdaa,Malware payload
2024-02-01,Payload delivery,sha256,d0002a61af1dd5af90f473d9b3f6066453e686898a37f8b373e8e630690e5f9e,Malware payload
2024-02-01,Payload delivery,tlsh,t1ea91a5b716284c6cca2487e796903b97977f4167f084ae28f9e88f08d0fe1f51136a,
2024-02-01,Payload delivery,ssdeep,48:Yx5AvwlYYwkQyKbsJkmnh+0DFU0omOtXxR23p9WtY2UKJ1vybaKqRrC3wxioida2:YAvwlbQIkv0S7U9/2FJ1vu8iH/qKgE,
2024-02-01,Other,size-in-bytes,4323,
2024-02-01,Payload delivery,mime-type,application/json,
2024-02-01,Payload delivery,md5,244a7685c29e6f6405997fa130b4d76e,Malware payload (Stealc)
2024-02-01,Payload delivery,sha256,7cbe420e8740d0e7db58d0d12e4669fabd65e23e7443fa9b61097db3d97caebd,Malware payload (Stealc)
2024-02-01,Payload delivery,tlsh,t1bc14be243af1c072e6b7467059b4d2a46d3ffca25f75844fb6982b1f2e326d14a623,
2024-02-01,Payload delivery,imphash,471a0f1afca8daf6a6e12651ef14acd4,
2024-02-01,Payload delivery,ssdeep,3072:qJmSLHTIY5mztfjD5F3zxN1JqJ1JLQ0kex3oESSAcFvd7hxCNxa5rLxsVB:8mSLsY5+1j1F3zxfu1SVe9dS1YVs6ls,
2024-02-01,Other,size-in-bytes,193024,
2024-02-01,Payload delivery,mime-type,application/x-dosexec,
2024-02-01,Payload delivery,md5,3280d14bc26e9b3cec6084f76780d717,Malware payload
2024-02-01,Payload delivery,sha256,97c6e4ca7391e43630d3f206e246e4d06af6a2a52818365dfa57f89fe2b0862d,Malware payload
2024-02-01,Payload delivery,tlsh,t1959195b7152c4cbcca2487d3a5a43bd7967f4167e094ad58b9b88f0ce0fe1b10136b,
2024-02-01,Payload delivery,ssdeep,96:YAvwltkvQISnya0o9HT2FJ1vltPBiRV5QOgnE:YAvJXo9z2FBiRV5DQE,
2024-02-01,Other,size-in-bytes,4339,
2024-02-01,Payload delivery,mime-type,application/json,
2024-02-01,Payload delivery,md5,8554acea10866290c581d6aadc8e66e5,Malware payload (Stealc)
2024-02-01,Payload delivery,sha256,65c4b4fee989634a957d44c2059a82f1fa77baaee53c8a0eac9b8910c26620c6,Malware payload (Stealc)
2024-02-01,Payload delivery,tlsh,t1f014bf2539f1c076f6eb493169b4c290a93bfc729aa4c54f37582b2f2d222d15e623,
2024-02-01,Payload delivery,imphash,471a0f1afca8daf6a6e12651ef14acd4,
2024-02-01,Payload delivery,ssdeep,3072:+JmtLHDIY5mqov9J/ZwASvdhQ8DlY3q3WK6dg0fea65N2AVB:omtL8Y53a9wAIh7pG3g042A,
2024-02-01,Other,size-in-bytes,193024,
2024-02-01,Payload delivery,mime-type,application/x-dosexec,
2024-02-01,Payload delivery,md5,016879c27af304f7022de48d5eaa1d55,Malware payload
2024-02-01,Payload delivery,sha256,6897ab688e8d1b9bd1036a8c37873de8e0e7321eb0b1ba3f0228f79b72a3fed2,Malware payload
2024-02-01,Payload delivery,tlsh,t1469155aa27085dbdc65496e3e5403ad7876e0453a198ed2ce9fd9f0ce1ef1f002759,
2024-02-01,Payload delivery,ssdeep,48:YxY6wo0dlpkofn16Ru+FkDFU0NhtXeV2Qp9We6T2UHs1vibvKqRteU3wxioLckBO:1pkocRtG9U/9K2Ss1veiHLXVynx,
2024-02-01,Other,size-in-bytes,4274,
2024-02-01,Payload delivery,mime-type,application/json,
2024-02-01,Payload delivery,md5,cd88ca4eca8fbd2e815cc0598593951e,Malware payload (RiseProStealer)
2024-02-01,Payload delivery,sha256,4127fe3571fa383eee0dda3c5117ae45193d767bb62d7e4e531a2fc6c58ddecc,Malware payload (RiseProStealer)
2024-02-01,Payload delivery,tlsh,t1e04533bbc7277008f9fde9f792c170ac2ef82d54d8110452754fca1a2c69ace9b7a6,
2024-02-01,Payload delivery,imphash,5ab723dc8d5af21b79dc301ed6a56a64,
2024-02-01,Payload delivery,ssdeep,24576:v7NS3EmFIp6aK5qTkd71gASeaxzYibONZ8wQFsiK3MEYddsjmkS0wmvZo:v7NSUa0kdZjSzzYv8li3xYUjmkomO,
2024-02-01,Other,size-in-bytes,1196032,
2024-02-01,Payload delivery,mime-type,application/x-dosexec,
2024-02-01,Payload delivery,md5,f04a5818fccb9c0c8ca888d1c2d11434,Malware payload
2024-02-01,Payload delivery,sha256,b6cec2a1bcbfb25f5fbb934d449dd3954574524bb0bfc6e89c9169f51f0d2304,Malware payload
2024-02-01,Payload delivery,tlsh,t14fa1979715585cbccb24c7d755da3aab87ed0013a2a4ac18eded5f0c91ff8b50226a,
2024-02-01,Payload delivery,ssdeep,48:Yxg3SPhJSPdqKkY7EbnlUQl2shpk6nYK+zobgDF4w0dM0tXcg/i2up9WXibUfi1t:QOikBtKCz93Ei1vnfYyDbP,
2024-02-01,Other,size-in-bytes,4798,
2024-02-01,Payload delivery,mime-type,application/json,
2024-02-01,Payload delivery,md5,b63146b9231ab2151820dfabca581082,Malware payload
2024-02-01,Payload delivery,sha256,703f432ee6524c32750567988a2084e19515aba038506ab98bd672b646a559c4,Malware payload
2024-02-01,Payload delivery,tlsh,t1c291535926085db9cb9496d3d9843ac7976e0053e0a4ed38e8fd9f08e1ff1f102b6a,
2024-02-01,Payload delivery,ssdeep,48:YxY6wGdlpkofn16Ru+FvDF4w0NhtXpk2Kp9Wo6sUHs1vFbvKzRteU3wxioorblGD:GpkocRtxYyH97Ss1vdTHWQaux,
2024-02-01,Other,size-in-bytes,4403,
2024-02-01,Payload delivery,mime-type,application/json,
2024-02-01,Payload delivery,md5,32e6dba1476d607b9305faeeb05aa363,Malware payload
2024-02-01,Payload delivery,sha256,c4b9b5da7ae02ba30ea73689a6ef79f54a6f9dae0ab8d00675844b2bbad6fb75,Malware payload
2024-02-01,Payload delivery,tlsh,t1b2929f35b8a1641b403bd8f9356fa28df82190078c4748a4b11f412dcbf6e934baff,
2024-02-01,Payload delivery,ssdeep,384:OftrMf+F0e0H3nU2W6E45wse5QjuFwgzxdaqlU4:tIn0H3nUh6tOseQZgraqb,
2024-02-01,Other,size-in-bytes,19559,
2024-02-01,Payload delivery,mime-type,text/html,
2024-02-01,Payload delivery,md5,fa0f8fe3c78b76b892c3ed1aa97d6ed4,Malware payload
2024-02-01,Payload delivery,sha256,65799df735837127bb99ff533039d75856cdc3cff88ba9d6149ba967b0c5a2d6,Malware payload
2024-02-01,Payload delivery,tlsh,t1b541dd7dcf29f8e0037db1a088492e2620949e57d6f58e24d9574ee62d7c20acf1b1,
2024-02-01,Payload delivery,ssdeep,48:LGfEFWuJqs9HZNjd+SfprcKyK0hE6S1FtfsC5P3RX5ZWiaoIhSNtw:LGfEFW87jd+Sfpbaq6S1FtfsC5P39EfJ,
2024-02-01,Other,size-in-bytes,2219,
2024-02-01,Payload delivery,mime-type,text/plain,
2024-02-01,Payload delivery,md5,6697f352c0f5dea7ce81d92e7d34f4f0,Malware payload
2024-02-01,Payload delivery,sha256,e082e3fbba30c41dcf56d4f3a4ea5dee07a77532d3ab3c8658f6ab7adfe60330,Malware payload
2024-02-01,Payload delivery,tlsh,t1b991b7b7162c0cbc9a2487d7a5903bd786bf4567e084ad58b8f88f08e0fe1f50136a,
2024-02-01,Payload delivery,ssdeep,96:YAvwlxkvQISnya0o9HT2FJ1vltPBiWwnE:YAv5Xo9z2FBiWAE,
2024-02-01,Other,size-in-bytes,4339,
2024-02-01,Payload delivery,mime-type,application/json,
2024-02-01,Payload delivery,md5,631417d758a28c436fdb13a7f3365117,Malware payload
2024-02-01,Payload delivery,sha256,04dc7e7bda691cfe893123023ebc84848233d4d5c7be8c32ecddab1fcd71f2a8,Malware payload
2024-02-01,Payload delivery,tlsh,t145b533e1e93bf491c1a76339514bce0942672faf15402b486256f48debbf3b522e6c,
2024-02-01,Payload delivery,imphash,baa93d47220682c04d92f7797d9224ce,
2024-02-01,Payload delivery,ssdeep,49152:HAPNbqkzIz16kOND9I3R5p+s/RD6QGknLjDRvQfAoGb:wbqkEYkOx9ShfJyaifQ,
2024-02-01,Other,size-in-bytes,2332160,
2024-02-01,Payload delivery,mime-type,application/x-dosexec,
2024-02-01,Payload delivery,md5,d1b0fc1d311f6ff0efde32fce2e0d399,Malware payload
2024-02-01,Payload delivery,sha256,3af295f724b42e053bba0f4774b802c753a488f7cbad57ad1b212338d49c22fd,Malware payload
2024-02-01,Payload delivery,tlsh,t131a175eb61291cbcca19c7c694d93b8797fd011352a4ec28a89c6b0c93ff57153659,
2024-02-01,Payload delivery,ssdeep,48:Yxg3SPhJSPdqKkY7EbnlUQl2Thpk6nYK+z1DF4w0dM0tXnGbZ2up9WSgyUfi1vUY:QOtkBhKWbZz9BEi1vUb8pbbYiVP,
2024-02-01,Other,size-in-bytes,5023,
2024-02-01,Payload delivery,mime-type,application/json,
2024-02-01,Payload delivery,md5,af47ba690598da5f13d9e2d0a10aec94,Malware payload
2024-02-01,Payload delivery,sha256,c873acfd8daa573822315305b79316de98f2cd14795bf50239aa60f53a1162b4,Malware payload
2024-02-01,Payload delivery,tlsh,t180a1c7ab35664c7cca2487da98e13e8b53ad01b3a194dc14b9ed5f4c91ff8f1037a9,
2024-02-01,Payload delivery,ssdeep,48:Yxg3SPhJSPdqKkY7EbnlUQl2gRifk/n0+aW0DF4w0biYtXnR2Hp9WO8ZUxG1v+bC:QOzkTa1uh49AMG1vSmARe/kGP,
2024-02-01,Other,size-in-bytes,4856,
2024-02-01,Payload delivery,mime-type,application/json,
2024-02-01,Payload delivery,md5,bf9fdc580cefda145612119f69bfad77,Malware payload
2024-02-01,Payload delivery,sha256,c52ef4fa3f5730e46e963d0c50cba845c0bbfcfd844bd3a5a1ba36fbb9129d17,Malware payload
2024-02-01,Payload delivery,tlsh,t180a1b6ab35664c7cca2487ea98e13e8b57ad00b39194ec14b9bd5f4891fe8f103799,
2024-02-01,Payload delivery,ssdeep,48:Yxg3SPhJSPdqKkY7EbnlUQl2qRifk/n0+aW0DF4w0biYtXnR2Hp9WO8ZUxG1v+b1:QOZkTa1uh49AMG1vSmAGM+eym,
2024-02-01,Other,size-in-bytes,4856,
2024-02-01,Payload delivery,mime-type,application/json,
2024-02-01,Payload delivery,md5,c650c2483dbad3260381ae33c428f544,Malware payload (RiseProStealer)
2024-02-01,Payload delivery,sha256,b98536a23c6f535c8d68c2e90e1f5fe0b83da7fb4550fe480788c0348b69a059,Malware payload (RiseProStealer)
2024-02-01,Payload delivery,tlsh,t12d4533f9e0a96852da08b0f071dc11e4ae65f9de8381ae9354df47814ea606df7378,
2024-02-01,Payload delivery,imphash,5ab723dc8d5af21b79dc301ed6a56a64,
2024-02-01,Payload delivery,ssdeep,24576:NnMMAufRcTGDLqo021wQ0iyIakELdOXY963:FXcoLp0QllL8dOXy,
2024-02-01,Other,size-in-bytes,1195520,
2024-02-01,Payload delivery,mime-type,application/x-dosexec,
2024-02-01,Payload delivery,md5,3ffc0a85ba1cb8551520428d352f48f4,Malware payload (BumbleBee)
2024-02-01,Payload delivery,sha256,39f16398cd264697d0c772055d7d909525e2507b25f6742170f49d37fffd680b,Malware payload (BumbleBee)
2024-02-01,Payload delivery,tlsh,t1a945e011e2921fe4d4ba917680ab252bbb703e1c0725d377abc0d3377d937a45b1ab,
2024-02-01,Payload delivery,imphash,47e01530ad43ec939d1c47709a80a5c6,
2024-02-01,Payload delivery,ssdeep,24576:RX2XuxPjBCdsjb/mwzOW2R1c527W6osp2fp7zVrwzeI:jx7BzOWclYplMSI,
2024-02-01,Other,size-in-bytes,1222666,
2024-02-01,Payload delivery,mime-type,application/x-dosexec,
2024-02-01,Payload delivery,md5,ccd1f5b295a3603656528f3c58811f2b,Malware payload
2024-02-01,Payload delivery,sha256,3259a202fc42e9336b20505da54b7cfa6b7d67a42c3460f21fdcc29287a1a5a9,Malware payload
2024-02-01,Payload delivery,tlsh,t1cc91301615386d7ccb5884ca98fc3d4e567e005bf2649c14a6ee8e0ae2ff1b183a65,
2024-02-01,Payload delivery,ssdeep,96:eybXrkYOhDH5R0DWfrfT594ds1Y7g1vUreHTMsgiFEIN7JeR:eybXQThr5RIWfrt94ds1Y7FrezMsgiFg,
2024-02-01,Other,size-in-bytes,4624,
2024-02-01,Payload delivery,mime-type,application/json,
2024-02-01,Payload delivery,md5,e9063230ab4e9df1a4dbec70d2624baf,Malware payload
2024-02-01,Payload delivery,sha256,14cce5c162db06d00d5b6d223047903227c27c145585e75be2028351cad894c4,Malware payload
2024-02-01,Payload delivery,tlsh,t1794423236dcc5f6f7989497bce902a9ae31163f645e310513a3b2c6d109f78ceda18,
2024-02-01,Payload delivery,ssdeep,6144:by2Cjr5xtHUmX1FASKGVvNYOVBtO5VPiXtm2d8UDrBbKfcOA8L:VCjr5xt0mX1RKGZNYKOfQtm2+UDrBOUE,
2024-02-01,Other,size-in-bytes,256064,
2024-02-01,Payload delivery,mime-type,application/octet-stream,
2024-02-01,Payload delivery,md5,2d555ba9476df9d9938370db2d955ad3,Malware payload
2024-02-01,Payload delivery,sha256,c7398e42d891abb3ab8af5c6f68e28c7e79737064ee731c5a870e9eebc97b985,Malware payload
2024-02-01,Payload delivery,tlsh,t171b4239a6a215831338da14c93580ce5a431f36812d20e0db6ef6f44ddfb45939bba,
2024-02-01,Payload delivery,ssdeep,12288:xYIYlpBIAV9AbRIJqDh65zoEGEnejopn7nGk:xYIgV9AFcIh6JCEYop7n1,
2024-02-01,Other,size-in-bytes,494656,
2024-02-01,Payload delivery,mime-type,application/octet-stream,
2024-02-01,Payload delivery,md5,5fa1218342d2bc4bf6508a1253f0c374,Malware payload
2024-02-01,Payload delivery,sha256,69e56bb4de19686aeb0a74700ae97401790cfecefb0f7f31f08b387d65114b5d,Malware payload
2024-02-01,Payload delivery,tlsh,t1ec918666251c0cbdc6294b93a05c7ad76bae027390d4fd2888bd9f0ca5ff2b141b69,
2024-02-01,Payload delivery,ssdeep,96:jjuekxq8pVFawTH9o2nTv71vzhHtsIZh0KRR+:jjuvguFaA9o2nbdhNsIr0KRR+,
2024-02-01,Other,size-in-bytes,4215,
2024-02-01,Payload delivery,mime-type,application/json,
2024-02-01,Payload delivery,md5,99adc183142df33281d3fb10405a05ed,Malware payload
2024-02-01,Payload delivery,sha256,01fcf8d6f25ae6c8e686c6675baa17ec1c538d1e51cddc71742d56778d31c5ae,Malware payload
2024-02-01,Payload delivery,tlsh,t1b591416619385c7cca5885ca98fc3d4e567d105bf1649c18a6dd8f0ae2ff1f143a62,
2024-02-01,Payload delivery,ssdeep,96:eyYrkYOhDH5R0DWfrfT594ds1Y7g1vUreHTMsgiFE4qKhPJeR:eyYQThr5RIWfrt94ds1Y7FrezMsgiFEd,
2024-02-01,Other,size-in-bytes,4613,
2024-02-01,Payload delivery,mime-type,application/json,
2024-02-01,Payload delivery,md5,956268059e28c494fb3e08dadbd3b3e4,Malware payload
2024-02-01,Payload delivery,sha256,6f7580d5014c2aded09b7bdfd168e4b97b63135f3e2af208705387da51729cc4,Malware payload
2024-02-01,Payload delivery,tlsh,t155a1d89b35654cbcc624c7ea94e23e8757ad0073a4d4ec18e8ac5f5890fe8f1037ea,
2024-02-01,Payload delivery,ssdeep,48:Yxg3SPhJSPdqKkY7EbnlUQl28Rifk/n0+aWblFDF4w0biYtXqlNBT2Hp9Wt0mUxf:QOLkTaGuIT49YMG1veKAHEbA,
2024-02-01,Other,size-in-bytes,4832,
2024-02-01,Payload delivery,mime-type,application/json,
2024-02-01,Payload delivery,md5,b7c8609281753ff5b05a87a356ef9909,Malware payload
2024-02-01,Payload delivery,sha256,c0e08b149bcb3106c98302e5bbc45fb8f141b6e34a5fd6e564a5278edcb722a2,Malware payload
2024-02-01,Payload delivery,tlsh,t1ea91642662140cbe8b28869be0443fe75bee05a391d4ac28d4be5f5ca0ff6f101765,
2024-02-01,Payload delivery,ssdeep,96:zOzOc+km7O8ZlOFKiwTH9DnT71vfihHxisoZ5vNs4+:0PHKT9TTx+RJoDFs3,
2024-02-01,Other,size-in-bytes,4262,
2024-02-01,Payload delivery,mime-type,application/json,
2024-02-01,Payload delivery,md5,4307879e96d801f7f3c2d3b2bdd3305b,Malware payload
2024-02-01,Payload delivery,sha256,c213b89719d6a5bd91e68936740471b92f7a8b0cc5c7bd2cb3f29442b09f1222,Malware payload
2024-02-01,Payload delivery,tlsh,t1ed41cb7dcf29fce0037db0a088492e2620949e57d6b58e24d9574ee62d7c20acf2b1,
2024-02-01,Payload delivery,ssdeep,48:LGfEFWuJqs9HZNjd+SfprcKyK0hE6S1FtfsC5P3RX5ZWiaoIhSNtU:LGfEFW87jd+Sfpbaq6S1FtfsC5P39EfV,
2024-02-01,Other,size-in-bytes,2219,
2024-02-01,Payload delivery,mime-type,text/plain,
2024-02-01,Payload delivery,md5,9cc49b16189892c70e0d89be6dd7a0c3,Malware payload
2024-02-01,Payload delivery,sha256,453cc703484f419005b45666a1872baf43a94ea06b822945f94f4da46b537ac7,Malware payload
2024-02-01,Payload delivery,tlsh,t13f91549a27089dbcc754a6d3d9903ad7876e0493b194ed2ce8fc9f08e1ef1f102769,
2024-02-01,Payload delivery,ssdeep,48:YxY6wadlpkofn16Ru+FkDFU0NhtXeV2Qp9We6T2UHs1vibvKqRteU3wxioLrAIVx:apkocRtG9U/9K2Ss1veiHL06x,
2024-02-01,Other,size-in-bytes,4274,
2024-02-01,Payload delivery,mime-type,application/json,
2024-02-01,Payload delivery,md5,bfb289a185b793641fa2d11f60eabe26,Malware payload
2024-02-01,Payload delivery,sha256,1d1e94193356c6da84ab33bd86f373600bb2ef82d7d7cf83e2c1a1c6d6c22e31,Malware payload
2024-02-01,Payload delivery,tlsh,t10191652662580cbe862886dbe4443bf35bee05a391d4ec28d4ae9f5ca1ff5f101765,
2024-02-01,Payload delivery,ssdeep,96:zOzOq+km7O8ZlOFKiwTH9DnT71vfihHxisoZ58kyHd4+:SPHKT9TTx+RJoD8ka3,
2024-02-01,Other,size-in-bytes,4272,
2024-02-01,Payload delivery,mime-type,application/json,
2024-02-01,Payload delivery,md5,c1ab5b2d952d94576301b5896ff3dc5b,Malware payload (Socks5Systemz)
2024-02-01,Payload delivery,sha256,bc313942b3ce2bdd31a7cd18cae580ad1ab73dbaafb16b762909dddb9cc03b37,Malware payload (Socks5Systemz)
2024-02-01,Payload delivery,tlsh,t1cd76333de0441db6d252b2bbbf61829cc237794ada7c6830b16a7d07cf7a1019d5bb,
2024-02-01,Payload delivery,imphash,884310b1928934402ea6fec1dbd3cf5e,
2024-02-01,Payload delivery,ssdeep,196608:qo2WKbt8MnxL34BgUo0McjIYbtdkydLilI3h9vdiX:qo2Ft8MnJugUoVYpTdLZrdq,
2024-02-01,Other,size-in-bytes,7418716,
2024-02-01,Payload delivery,mime-type,application/x-dosexec,
2024-02-01,Payload delivery,md5,7769820eb93e16e49274e615f05c755d,Malware payload
2024-02-01,Payload delivery,sha256,58f82d6ce16b359091c46d17e1782608cd4920926a5f4c30a07b440b94c11826,Malware payload
2024-02-01,Payload delivery,tlsh,t1b2a1a6ab31550cbc86248be698e53e4b47ad0163a1d4ed28f4ad4f4c85ff8f5037b9,
2024-02-01,Payload delivery,ssdeep,48:Yxg3SPhJSPdqKkY7EbnlUQl2xRifk/n0+aW/bDF4w0biYtX8rG2xp9WoKsYUxG1l:QO8kTakuNe9yMG1vbDACXoBq,
2024-02-01,Other,size-in-bytes,4963,
2024-02-01,Payload delivery,mime-type,application/json,
2024-02-01,Payload delivery,md5,3850f617a7e5517996b79d0f9dc4866e,Malware payload
2024-02-01,Payload delivery,sha256,1f1ecf62c68fdaacd9389bbf20605459a2ea1d59177edc517465fe4a20535a6b,Malware payload
2024-02-01,Payload delivery,tlsh,t15891639a261d5dbcca4897d3e4903ad7876e1093b098ed2ce4fd9f08e1ef1f04276a,
2024-02-01,Payload delivery,ssdeep,96:8pkocRtp9hEA9Sr2Ss1vhPMeHLTkxQ3T6Dx:8G/79y2SmUeHLTkxQuDx,
2024-02-01,Other,size-in-bytes,4274,
2024-02-01,Payload delivery,mime-type,application/json,
2024-02-01,Payload delivery,md5,0b413a590740755f15889188b441d248,Malware payload
2024-02-01,Payload delivery,sha256,dd6b7891dfd224e8b35ee1309a099cda0f1c99cc62f428da987c46a475659402,Malware payload
2024-02-01,Payload delivery,tlsh,t13ea1735632554cbc8b2487eb94f63e9f47ad00b7a194ec24a9ed4f4c91ff8f10266d,
2024-02-01,Payload delivery,ssdeep,48:Yxg3SPhJSPdqKkY7EbnlUQl2IRifk/n0+aWHbgDF4w0biYtXcgFi2Hp9WoibUxGY:QO/kTaRug49KMG1v5vASDBrM9,
2024-02-01,Other,size-in-bytes,4780,
2024-02-01,Payload delivery,mime-type,application/json,
2024-02-01,Payload delivery,md5,15447a4052b26a2add4c14718f81c72a,Malware payload
2024-02-01,Payload delivery,sha256,70ce455acabbdef98c5d0e23319728d2fd1433912ed8c52de4d7a8ddce1a4002,Malware payload
2024-02-01,Payload delivery,tlsh,t17ca177eb61651cbcca19c7c250d93b8797fd015352a4ec28a8dc5b0c93ff97153669,
2024-02-01,Payload delivery,ssdeep,48:Yxg3SPhJSPdqKkY7EbnlUQl2ItJhpk6nYK+z1DF4w0dM0tXnGbZ2up9WSgyUfi13:QO+kBhKWbZz9BEi1vUb8pbbYdsIGP,
2024-02-01,Other,size-in-bytes,5023,
2024-02-01,Payload delivery,mime-type,application/json,
2024-02-01,Payload delivery,md5,f7497693fda8ec3ef9ecb4b708252503,Malware payload
2024-02-01,Payload delivery,sha256,d6c36f2bb05ae2c5492c241dc26b23190a46e61fb940603f526d09834b9edb1a,Malware payload
2024-02-01,Payload delivery,tlsh,t14991647522180c7e863482cbb4597ad767be0257a1d4ec2ca8bd4f4ca6ff1f205b59,
2024-02-01,Payload delivery,ssdeep,96:EbZknCs+w/05TH9I681vdEHAbpZcgahn24O:Eb21R0B9I6KEgbp+ga924O,
2024-02-01,Other,size-in-bytes,4248,
2024-02-01,Payload delivery,mime-type,application/json,
2024-02-01,Payload delivery,md5,7b8fb4b8866a64004c0fbff2ee45cd67,Malware payload (Formbook)
2024-02-01,Payload delivery,sha256,65269afbc5e25ecfd1ab52f0a19fba7bdcfc0f30f31c15d550ecfb16f8bdba63,Malware payload (Formbook)
2024-02-01,Payload delivery,tlsh,t1e925df852ab44f14f93ea7f440750100e7b0796b796feb4d8ec0b0fa1ea6b414e46b,
2024-02-01,Payload delivery,imphash,f34d5f2d4577ed6d9ceec516c1f5a744,
2024-02-01,Payload delivery,ssdeep,12288:HmMyUPI0Z8d53rD22JadiIzbCmqWIVwSCThoOevq8t7ho+DQY7xMtrl:GMyUP4rDFIakodS8t7vUGkl,
2024-02-01,Other,size-in-bytes,968704,
2024-02-01,Payload delivery,mime-type,application/x-dosexec,
2024-02-01,Payload delivery,md5,2ced045c252e859e87cbfb1035e80b80,Malware payload
2024-02-01,Payload delivery,sha256,a88fa54b673b0dfee5d45d4afaa09618c0b8bff07a1512b316c072f9a08e1538,Malware payload
2024-02-01,Payload delivery,tlsh,t120a1849732554cbc8b2487ea44e23aaf47ad1073a494dc18b8ed5f4c91ff8f10276d,
2024-02-01,Payload delivery,ssdeep,48:Yxg3SPhJSPdqKkY7EbnlUQl2CRifk/n0+aWHbgDF4w0biYtXcgFi2Hp9WoibUxG2:QORkTaRug49KMG1v5vAK6dd,
2024-02-01,Other,size-in-bytes,4770,
2024-02-01,Payload delivery,mime-type,application/json,
2024-02-01,Payload delivery,md5,9505199f6736899289ba06cd35395c94,Malware payload
2024-02-01,Payload delivery,sha256,54146a9e27e83cf2fd53dee94832fcb1999e1226cc8c1d5fe2a269f02bf90fe1,Malware payload
2024-02-01,Payload delivery,tlsh,t1b1a185ab35550cbcc51987ea94e13f9b97bc00635494ec28a4ac5f5c92ff8f1437a9,
2024-02-01,Payload delivery,ssdeep,48:Yxg3SPhJSPdqKkY7EbnlUQl2sRifk/n0+aWCDF4w0biYtXnQbZ2Hp9WjyUxG1vCW:QOjkTa1uAbZ49bMG1vCb8vbJAlF1pk,
2024-02-01,Other,size-in-bytes,5005,
2024-02-01,Payload delivery,mime-type,application/json,
2024-02-01,Payload delivery,md5,02831652456b0616f5f41c6625f154a9,Malware payload
2024-02-01,Payload delivery,sha256,f57136750ace21bb24a3ad7801877d6369773ea8dd7d4307e394459eef59d0dc,Malware payload
2024-02-01,Payload delivery,tlsh,t16c9196f771155eb9c51fc5ea96a939cecabd001390705c5ce9ad4b0b88fe1b52323d,
2024-02-01,Payload delivery,ssdeep,96:XGF9k0yan4wgaBSQcsTN9+BMOy0G1vRctHsz9UAeG5DGVXr:90049rVGmlh8,
2024-02-01,Other,size-in-bytes,4529,
2024-02-01,Payload delivery,mime-type,application/json,
2024-02-01,Payload delivery,md5,eb4e2e1d470f373c724882baf22d6042,Malware payload
2024-02-01,Payload delivery,sha256,ca4b1304568f9c2de354aec5c80a6f1f39e63878f59c02c7ef983e4b96ec80e5,Malware payload
2024-02-01,Payload delivery,tlsh,t1d7a185ab31550cbc86248be694e53e4b87ad0173a194ad18f4ad4f4c85ff8e5037a9,
2024-02-01,Payload delivery,ssdeep,48:Yxg3SPhJSPdqKkY7EbnlUQl2HRifk/n0+aW/bDF4w0biYtX8rG2xp9WoKsYUxG1K:QO2kTakuNe9yMG1vbDANLwZSJl,
2024-02-01,Other,size-in-bytes,4963,
2024-02-01,Payload delivery,mime-type,application/json,
2024-02-01,Payload delivery,md5,38990c05c3af24bec399ea94b77c43e4,Malware payload
2024-02-01,Payload delivery,sha256,b85f9eba17821f73669d035b9f870946f12fdb8a345f257783c95211ae6894ce,Malware payload
2024-02-01,Payload delivery,tlsh,t11fb533dc66f6a1d7c4c32fb99b1a68691fcb6d078526073e4194fc469bbe4329324f,
2024-02-01,Payload delivery,imphash,baa93d47220682c04d92f7797d9224ce,
2024-02-01,Payload delivery,ssdeep,49152:kFXJ1EXc0ZFg9EJkk+NPHiZadWvoCYuHdGnsCC3GR9IJXva9hVqpQzP:OXJ1OpZOr/NPHiUKoCYh5cchVgQzP,
2024-02-01,Other,size-in-bytes,2318336,
2024-02-01,Payload delivery,mime-type,application/x-dosexec,
2024-02-01,Payload delivery,md5,ef364ecebdc421083b0af7c9507e5501,Malware payload
2024-02-01,Payload delivery,sha256,4a0ec7494767a61738d21b28b9a841338b7f55b9cce05a406d90971381ff7152,Malware payload
2024-02-01,Payload delivery,tlsh,t136a1a89b25695cbccb24c7c695d93e8797ed0013a3a4bd14ecac5f0c91fe4b10269a,
2024-02-01,Payload delivery,ssdeep,48:Yxg3SPhJSPdqKkY7EbnlUQl2uhpk6nYK+zMlFDF4w0dM0tXqlNjT2up9WMTv0mUh:QOEkB6KoTz9DEi1vgQYO7KlP,
2024-02-01,Other,size-in-bytes,4850,
2024-02-01,Payload delivery,mime-type,application/json,
2024-02-01,Payload delivery,md5,026baded375de42834a3a48a4ff210e1,Malware payload (BumbleBee)
2024-02-01,Payload delivery,sha256,b54e2d6e612656a67a415a3ba3bd0b826d1915142e6120d35ce28621974ac8b9,Malware payload (BumbleBee)
2024-02-01,Payload delivery,tlsh,t17145f011e5921ff5d47291b681ab2a3bbb307e180324d3b7abc0d2377d827e45b1a7,
2024-02-01,Payload delivery,imphash,47e01530ad43ec939d1c47709a80a5c6,
2024-02-01,Payload delivery,ssdeep,24576:p0owXSk0IkO0KJY6ZoEYncw87DnoYjnfpxA7eEKjAcBpY:KvJTrnJLhSTK0cc,
2024-02-01,Other,size-in-bytes,1222150,
2024-02-01,Payload delivery,mime-type,application/x-dosexec,
2024-02-01,Payload delivery,md5,97cb6ef8ec2b7ba5b8aacbe55df3df3b,Malware payload
2024-02-01,Payload delivery,sha256,ff9edd062a16cb33281130df640164f1a57321a18d088ea64232fc5e616069e6,Malware payload
2024-02-01,Payload delivery,tlsh,t1cca1759b15692cbcc714c7d699d53e8797ed0053a298ac18bced6f0c92fe4b103659,
2024-02-01,Payload delivery,ssdeep,48:Yxg3SPhJSPdqKkY7EbnlUQl2Zahpk6nYK+z9SPmDF4w0dM0tXDSPGo2up9WvseNx:QOekBIeKezz9EEEi1vZhYUJVpSvdP,
2024-02-01,Other,size-in-bytes,4940,
2024-02-01,Payload delivery,mime-type,application/json,
2024-02-01,Payload delivery,md5,7cbaf9a65beb9fb4ae405ee0bd56ceae,Malware payload
2024-02-01,Payload delivery,sha256,d0f0ef07daf9907c096ebce341a5390c18e4fda82d5315010b307a2c54ffe232,Malware payload
2024-02-01,Payload delivery,tlsh,t10aa1a7ab25795cbcc724c7d655c53e8397ed0013a2e4ad18ecec5f0c91fe8b50269a,
2024-02-01,Payload delivery,ssdeep,48:Yxg3SPhJSPdqKkY7EbnlUQl2khpk6nYK+zMlFDF4w0dM0tXqlNjT2up9WMTv0mUg:QOOkB6KoTz9DEi1vgQYV1E5P,
2024-02-01,Other,size-in-bytes,4850,
2024-02-01,Payload delivery,mime-type,application/json,
2024-02-01,Payload delivery,md5,ae70f68ff6b1bbf17ca90333afafcaae,Malware payload
2024-02-01,Payload delivery,sha256,9e0b1852693721d71a02639b2764d5260d5838d117e175ddc2a1cd5e724927a9,Malware payload
2024-02-01,Payload delivery,tlsh,t12791655a26085dbdcb9496e3d5843ad7d76e0453e094ee3ce4bd8f08e1ef1f10276a,
2024-02-01,Payload delivery,ssdeep,48:YxY6wOdlpkofn16Ru+FvDF4w0NhtXpk2Kp9Wo6sUHs1vFbvKzRteU3wxioorbm0/:upkocRtxYyH97Ss1vdTHWm0xnx,
2024-02-01,Other,size-in-bytes,4403,
2024-02-01,Payload delivery,mime-type,application/json,
2024-02-01,Payload delivery,md5,83a0966c993adcae7ba2f0e55700d21e,Malware payload
2024-02-01,Payload delivery,sha256,6368fdd322e8ea4f68e15917a2bba429edc0f40512c56c3b91f6c6faeb1fe9a4,Malware payload
2024-02-01,Payload delivery,tlsh,t1b7a1989f31551cac851487eb98e53e8b87ad00a3a194ec14f8dd5f4c96fe4f103759,
2024-02-01,Payload delivery,ssdeep,48:Yxg3SPhJSPdqKkY7EbnlUQl2oRifk/n0+aWKSPmDF4w0biYtXDSPGq2Hp9WcseNp:QOHkTaUeuef49VEMG1vHRAih8t,
2024-02-01,Other,size-in-bytes,4932,
2024-02-01,Payload delivery,mime-type,application/json,
2024-02-01,Payload delivery,md5,3ee018caf764ac6054ae739d357339c3,Malware payload
2024-02-01,Payload delivery,sha256,9dd8a476e3258d558edff5ff189e9658bc509018155f5042e6b0e3f8d24d88c4,Malware payload
2024-02-01,Payload delivery,tlsh,t147b533f36232c1acd84b4bb183304e486157ac2b986051bd765bfb0a537f0b5c25ae,
2024-02-01,Payload delivery,imphash,baa93d47220682c04d92f7797d9224ce,
2024-02-01,Payload delivery,ssdeep,49152:xvshhQ9hlONMkn9u81rYjErbC3rbhppt1zfCTNm37V:x+hQ9hlONjn9UjErbANpFzfCc3,
2024-02-01,Other,size-in-bytes,2320384,
2024-02-01,Payload delivery,mime-type,application/x-dosexec,
2024-02-01,Payload delivery,md5,476033f30dfd777b95a192338a0554fc,Malware payload
2024-02-01,Payload delivery,sha256,c0457759ae0294b744dda466e5b305db09e8cc463046aab3df1ceba7b461433d,Malware payload
2024-02-01,Payload delivery,tlsh,t1f184234ede47ae39ef5457709d08c52d51ebaf33aeb4c61e0214b02b677fad62c628,
2024-02-01,Payload delivery,imphash,af02ce4a4548e322a95ca15cb9608683,
2024-02-01,Payload delivery,ssdeep,6144:8lZ/zUMu4pDSxsCMRzf7x3SfS1JAzXBtL76l2B0eWk5ouEG/j4YeMTEttia:8HLUMuiv9RgfSjAzRty26xGJeMTE3R,
2024-02-01,Other,size-in-bytes,398952,
2024-02-01,Payload delivery,mime-type,application/x-dosexec,
2024-02-01,Payload delivery,md5,669abd8e8d8c850917be6ae478185c94,Malware payload
2024-02-01,Payload delivery,sha256,00c4a453c36132099b0fb8520b3ed364e4be8e1a28914e94d3fb2626803d4e33,Malware payload
2024-02-01,Payload delivery,tlsh,t1efa194ab15695cbccb14c7c295c93a8797ed0153a3a4ac18bded6f0c82ee8b242659,
2024-02-01,Payload delivery,ssdeep,48:Yxg3SPhJSPdqKkY7EbnlUQl2Rhpk6nYK+z1DF4w0dM0tXnT2up9WSFo8ZUfi1vAR:QO7kB5KDz9vLEi1vYYYvVP,
2024-02-01,Other,size-in-bytes,4873,
2024-02-01,Payload delivery,mime-type,application/json,
2024-02-01,Payload delivery,md5,e427ca4749e8d089d4e478feed50c78b,Malware payload
2024-02-01,Payload delivery,sha256,fdbb429ee9e85d742c4b0b788b7728b28b638a5d3b668f98a46614f210c3b173,Malware payload
2024-02-01,Payload delivery,tlsh,t168a1739b11692cbcc61487d699d53e8797ed0053a2e8ac28fced6f0c92ff4b103659,
2024-02-01,Payload delivery,ssdeep,48:Yxg3SPhJSPdqKkY7EbnlUQl2uhpk6nYK+z9SPmDF4w0dM0tXDSPGo2up9WvseNE9:QOckBIeKezz9EEEi1vZhYTWRoQdP,
2024-02-01,Other,size-in-bytes,4950,
2024-02-01,Payload delivery,mime-type,application/json,
2024-02-01,Payload delivery,md5,ce4937feb895cedcdda002e5e881b50e,Malware payload
2024-02-01,Payload delivery,sha256,5bc4c890be83a36f7dd1ac6c0f6eb5446a70f5cd89b2c1f61debfddfcab0835c,Malware payload
2024-02-01,Payload delivery,tlsh,t1c9a1b66b32554cbcc624c7eb95e23e8b57ad0077a194ec14a8ac4f5c95fe8f1037ea,
2024-02-01,Payload delivery,ssdeep,48:Yxg3SPhJSPdqKkY7EbnlUQl2dRifk/n0+aWblFDF4w0biYtXqlNBT2Hp9Wt0mUxq:QOskTaGuIT49YMG1veKAIIBiz,
2024-02-01,Other,size-in-bytes,4832,
2024-02-01,Payload delivery,mime-type,application/json,
2024-02-01,Payload delivery,md5,37108bdac39ddd84db9d0e8ee34f5c2a,Malware payload (Amadey)
2024-02-01,Payload delivery,sha256,c43849c3a6804273bd91a86c4f5c35cae83b6f5602d00062e9ad705a66b6bcd0,Malware payload (Amadey)
2024-02-01,Payload delivery,tlsh,t14f0523b80e0b7e50e15d9af5a30a8dc454ac7c5d8304fb90efaf19561e6016e3f46a,
2024-02-01,Payload delivery,imphash,7515ecf8c0dfa4d230ad835fe0acb57f,
2024-02-01,Payload delivery,ssdeep,24576:63mtW7Ou+3emtE2nIwQIBaWnBCqBmdacLRa:63GUO7NE2nIlIBaWntwdacL,
2024-02-01,Other,size-in-bytes,809984,
2024-02-01,Payload delivery,mime-type,application/x-dosexec,
2024-02-01,Payload delivery,md5,ede70be994de1ba4601fc6a3a0b35c4c,Malware payload
2024-02-01,Payload delivery,sha256,2bf99631467d6e73020807069b1a82c2edfee559de44495e75bc240186fc03a5,Malware payload
2024-02-01,Payload delivery,tlsh,t183a1746b31551cac861847eb98e13e9b97ad00b3a194ec18b4ec5f4c96fe8f1037a9,
2024-02-01,Payload delivery,ssdeep,48:Yxg3SPhJSPdqKkY7EbnlUQl2eRifk/n0+aWKSPmDF4w0biYtXDSPGq2Hp9WcseNu:QOlkTaUeuef49VEMG1vHRA0wlUt,
2024-02-01,Other,size-in-bytes,4922,
2024-02-01,Payload delivery,mime-type,application/json,
2024-02-01,Payload delivery,md5,2d8e9a51e3f10c8db13638574c3b6ca5,Malware payload
2024-02-01,Payload delivery,sha256,3ce89b818db9aa6e3ed800240117ef8a351329a0b0e15884a14df87a91f3da00,Malware payload
2024-02-01,Payload delivery,tlsh,t16491a7f7b1255eb8c51fc5ea56a939cecabc011390709c1ce5ae4b4b88fe1b51363d,
2024-02-01,Payload delivery,ssdeep,96:XGAq9k0yan4wgaBSQcsTN9+BMOy0G1vRctHsz9UAeG2RXVXr:V0049rVGmlkl,
2024-02-01,Other,size-in-bytes,4529,
2024-02-01,Payload delivery,mime-type,application/json,
2024-02-01,Payload delivery,md5,6f04ed57f7b5550b98626c04e0ad5e7a,Malware payload
2024-02-01,Payload delivery,sha256,ed1bb87da6a88d9a0771c1ae47d146ebe33fa54dc6f1b457e1a74ee8ddaa7341,Malware payload
2024-02-01,Payload delivery,tlsh,t141a186ab16681cbcc714c7c295d93a9787ed0153a2a8ac14fced5f0c82ff4b603669,
2024-02-01,Payload delivery,ssdeep,48:Yxg3SPhJSPdqKkY7EbnlUQl2shpk6nYK+zebDF4w0dM0tX8r82bp9WG9sYUfi1v8:QO+kBAKpg9nEi1v1/YxSE4jaP,
2024-02-01,Other,size-in-bytes,4971,
2024-02-01,Payload delivery,mime-type,application/json,
2024-02-01,Payload delivery,md5,ec806b14a0ccd8c0041f1e9601fe7193,Malware payload (AgentTesla)
2024-02-01,Payload delivery,sha256,8c6360e67859b70843f5d8a2ad3525468b84a4bce1ec8d5a2650e4549b169b78,Malware payload (AgentTesla)
2024-02-01,Payload delivery,tlsh,t1f795b59c765072dfc857cd76caa81c64ea60b4bb970fd203a41716ed9a0da9bcf140,
2024-02-01,Payload delivery,imphash,f34d5f2d4577ed6d9ceec516c1f5a744,
2024-02-01,Payload delivery,ssdeep,24576:zfiS3RbyVl1kwnXA8VrDfTO0/iwGk6LzTBqM+WgQidWx:zfR2V3BDfTlx6/TBqMP,
2024-02-01,Other,size-in-bytes,1897472,
2024-02-01,Payload delivery,mime-type,application/x-dosexec,
2024-02-01,Payload delivery,md5,3b8c46b446c70b9e72349874857faed6,Malware payload
2024-02-01,Payload delivery,sha256,aa7476cea1ddcd3aea8a85f06703fd53b61cae0c583ab6a374fc888a26aa178a,Malware payload
2024-02-01,Payload delivery,tlsh,t14ea1a7ab11681cbdc714c7d295d93a8387ed0113b298ac14fced5f0c82ff4a603669,
2024-02-01,Payload delivery,ssdeep,48:Yxg3SPhJSPdqKkY7EbnlUQl2Ghpk6nYK+zebDF4w0dM0tX8r82bp9WG9sYUfi1vo:QOAkBAKpg9nEi1v1/YZ54UP,
2024-02-01,Other,size-in-bytes,4971,
2024-02-01,Payload delivery,mime-type,application/json,
2024-02-01,Payload delivery,md5,d50e0481c4ecba74bfbdd822ab724182,Malware payload
2024-02-01,Payload delivery,sha256,0649bd8d6aa76067c72494edaed61e953b01ff7cab89190180e014c0c445c1c6,Malware payload
2024-02-01,Payload delivery,tlsh,t136a175eb61291cbcca19c7c290d93b8797fc015352a4ec24b8ac5f0c93ff5b152669,
2024-02-01,Payload delivery,ssdeep,48:Yxg3SPhJSPdqKkY7EbnlUQl24hpk6nYK+z1DF4w0dM0tXnGbZ2up9WSgyUfi1vU1:QOGkBhKWbZz9BEi1vUb8pbbYXnA8P,
2024-02-01,Other,size-in-bytes,5023,
2024-02-01,Payload delivery,mime-type,application/json,
2024-02-01,Payload delivery,md5,94a9d5af50063ed2bc3817e764793e18,Malware payload (Socks5Systemz)
2024-02-01,Payload delivery,sha256,f357586ef97475ee032d3fa337ac93624a05c1c24103580a945179434ea400d1,Malware payload (Socks5Systemz)
2024-02-01,Payload delivery,tlsh,t1c57633722ea7ad61caf29879561b932cc23377764500045cb6c5b48f7e7e89faa0d3,
2024-02-01,Payload delivery,imphash,884310b1928934402ea6fec1dbd3cf5e,
2024-02-01,Payload delivery,ssdeep,196608:0fh8mNpguo0mbodZzand+AxZs5Pu2dEk1sfzYzeiX:0fh8mNpdBHepxZ2ik1GYyq,
2024-02-01,Other,size-in-bytes,7401252,
2024-02-01,Payload delivery,mime-type,application/x-dosexec,
2024-02-01,Payload delivery,md5,9c1e7c80b75894318a475be76561b8f9,Malware payload (AgentTesla)
2024-02-01,Payload delivery,sha256,3f2ea98985fe4fa014dda479daf33b7e525a6e93d97ec0db096d74ed507a39ff,Malware payload (AgentTesla)
2024-02-01,Payload delivery,tlsh,t137a4120a8bd8c3b4dab791f3fc1c1a953378cbc93813cb26489959f29d87b051bb92,
2024-02-01,Payload delivery,imphash,f34d5f2d4577ed6d9ceec516c1f5a744,
2024-02-01,Payload delivery,ssdeep,12288:RDuLGQiTz/8OVFfEDbULvF0M6GS3HUGjP3aN8iAgO02ww:RSaQiTz/8G2DbUbF0M6NHnU8ZZ02ww,
2024-02-01,Other,size-in-bytes,469504,
2024-02-01,Payload delivery,mime-type,application/x-dosexec,
2024-02-01,Payload delivery,md5,7eade59662a0d2f0d60063c32ea5425d,Malware payload (BumbleBee)
2024-02-01,Payload delivery,sha256,b73e959121508f27a2f08e8988e8c43cdf3cf37f10c7c7202f098957023e1eef,Malware payload (BumbleBee)
2024-02-01,Payload delivery,tlsh,t1cc45e012e6921ff8d472917681ab292fb7743e5c0724d37babc0d2337c927e45b16a,
2024-02-01,Payload delivery,imphash,47e01530ad43ec939d1c47709a80a5c6,
2024-02-01,Payload delivery,ssdeep,24576:RteM3+6YRXor9wMbCjezGzTC3EPvQip626fsaDZ31mEGYKLVmTANeyKE:trgq4ZzCEHiN1tKLVzf,
2024-02-01,Other,size-in-bytes,1224210,
2024-02-01,Payload delivery,mime-type,application/x-dosexec,
2024-02-01,Payload delivery,md5,cd4fc8a0518b502e47de1d50d6862fdb,Malware payload
2024-02-01,Payload delivery,sha256,bfe8f5e7c1a89d1689a7181d66d21100189a46fda8803a842ee1308aff62f33d,Malware payload
2024-02-01,Payload delivery,tlsh,t1cc9142aa27085ebdca5496d3d5903ad7876e0493a198ed2cd8fd9f08e1ef0f002799,
2024-02-01,Payload delivery,ssdeep,48:YxY6wydlpkofn16Ru+FkDFU0NhtXeV2Qp9We6T2UHs1vibvKqRteU3wxioLnTU0P:ypkocRtG9U/9K2Ss1veiHLnI0F7x,
2024-02-01,Other,size-in-bytes,4284,
2024-02-01,Payload delivery,mime-type,application/json,
2024-02-01,Payload delivery,md5,c6980e9c16658c8523e49b0e178836fe,Malware payload
2024-02-01,Payload delivery,sha256,e19562554feb0065715d15f92f015654d72140ee87a57031d9394cd33030ad0a,Malware payload
2024-02-01,Payload delivery,tlsh,t14db533d5713041dec1a397be772c1e9851ab8e331592a10866dcfa3a4f7dfb2d248e,
2024-02-01,Payload delivery,imphash,baa93d47220682c04d92f7797d9224ce,
2024-02-01,Payload delivery,ssdeep,49152:Js923beKsSInzUq3ANF8mJwZHBSXdzOm0adfoL:K96beKsnnQq3+w5idzOm0apw,
2024-02-01,Other,size-in-bytes,2354176,
2024-02-01,Payload delivery,mime-type,application/x-dosexec,
2024-02-01,Payload delivery,md5,79e8a920d38f10226d77498332ffab5c,Malware payload
2024-02-01,Payload delivery,sha256,d21b2b338a6d9ad826f8cd005303de0146806e380cbbf2d691866ebcdc8b6a37,Malware payload
2024-02-01,Payload delivery,tlsh,t10191c6b7162c4cacca1487d3d5903b879a7f41a7f0849e68b9e88f08d0ff1b41137a,
2024-02-01,Payload delivery,ssdeep,48:Yx5AvwlYYwvKbsJkmnh+0DFU0omOtXxR23p9WtY2UKJ1vybaKqRrC3wxioiX68hF:YAvwl8kv0S7U9/2FJ1vu8iq8h8E,
2024-02-01,Other,size-in-bytes,4323,
2024-02-01,Payload delivery,mime-type,application/json,
2024-02-01,Payload delivery,md5,3f1d875cc0883e022ae4d02f031d0ddb,Malware payload (RiseProStealer)
2024-02-01,Payload delivery,sha256,d2dd266b67e86b82b5a1321c5e6acf2c6ad1480195e3c6cb25f1c175707706e6,Malware payload (RiseProStealer)
2024-02-01,Payload delivery,tlsh,t1dd4533e60f8be8a4f35cd7712086ba41a55ebcf1ea14172b997f15ac1c500cd3b6b9,
2024-02-01,Payload delivery,imphash,5ab723dc8d5af21b79dc301ed6a56a64,
2024-02-01,Payload delivery,ssdeep,24576:ztSl+MX1N27LvMToPL4NZ5X7IvjS/wQXPBaWnBCqyxd3ZbmNrU1UE:ztS0S1o7LM8LGh7IrQlfBaWntG3ZSg1,
2024-02-01,Other,size-in-bytes,1195520,
2024-02-01,Payload delivery,mime-type,application/x-dosexec,
2024-02-01,Payload delivery,md5,bd90bbfe2f5032cd3fc0cc30fc8d4b60,Malware payload
2024-02-01,Payload delivery,sha256,3e53a098ad2c9ec28779768778093d4af8cda48b51b9cdfe930107270b13ba43,Malware payload
2024-02-01,Payload delivery,tlsh,t13b928f35a8a1641b403bd8f9356fa28df82194078c4749a4b11f412dcbf6e934faff,
2024-02-01,Payload delivery,ssdeep,384:OftrMf+F0e0H3nc2W6E45wse5QjuFwgzxdaqlU4:tIn0H3nch6tOseQZgraqb,
2024-02-01,Other,size-in-bytes,19559,
2024-02-01,Payload delivery,mime-type,text/html,
2024-02-01,Payload delivery,md5,b669d2d65d23c3cfab5078caa64a8c8b,Malware payload (RiseProStealer)
2024-02-01,Payload delivery,sha256,c1b79a116a6f7ae08bd7e8bfa1cdbe04dacf9a409c534112a7eec6945acea80e,Malware payload (RiseProStealer)
2024-02-01,Payload delivery,tlsh,t1924533b51f072510e229a2f26ddd0ee81b5dbce84ac8db24a5ef9d721d0519f6703a,
2024-02-01,Payload delivery,imphash,5ab723dc8d5af21b79dc301ed6a56a64,
2024-02-01,Payload delivery,ssdeep,24576:RI+FQKvOsj4XjUAwQPyEvOE6L6ftOUQpx82K4Z13:Rqkrj4TNl4E62ftOXD8U,
2024-02-01,Other,size-in-bytes,1195008,
2024-02-01,Payload delivery,mime-type,application/x-dosexec,
2024-02-01,Payload delivery,md5,d1c00d4044b87393a15fbe3407182eef,Malware payload
2024-02-01,Payload delivery,sha256,ab4d8867956f2380cb79c98c474cc7bce1c2ac77662419ad6e5eb1bdcac0de12,Malware payload
2024-02-01,Payload delivery,tlsh,t12e3633b21bd7b571caf26c79210bd31dc532b6a649110c58b64eb98b3f3a89eb50c3,
2024-02-01,Payload delivery,imphash,884310b1928934402ea6fec1dbd3cf5e,
2024-02-01,Payload delivery,ssdeep,98304:NWpVTeM8mOroS5KPa+mYKnuno0mbyR5dx3QysZcXvF4KC81Hb6dQab+axxZN:0fh8mNpguo0mbodZzand+AxZN,
2024-02-01,Other,size-in-bytes,4902285,
2024-02-01,Payload delivery,mime-type,application/x-dosexec,
2024-02-01,Payload delivery,md5,af9ba5f4a42fa8798b0c4617e2804cb5,Malware payload
2024-02-01,Payload delivery,sha256,399a62807f4bcf8030284c6cc80405698d52c2714738c8f1443f6439d379bda8,Malware payload
2024-02-01,Payload delivery,tlsh,t132e13c1025ffa10cb2b37f552fd8b6ba4a9fbb71567aa16d1044020b4b63d44cf927,
2024-02-01,Payload delivery,ssdeep,192:iNUl1aJiroyoNUFNUmNUYyXNUonatDyLatRvjO:iNaiirroNmN9N2XNzatGutRvjO,
2024-02-01,Other,size-in-bytes,7090,
2024-02-01,Payload delivery,mime-type,text/plain,
2024-02-01,Payload delivery,md5,f88cb5caab518124fb3663fd987ebe69,Malware payload
2024-02-01,Payload delivery,sha256,64a328aaa366374733dc3dabe4db7aa501a334f3439c4fd142a8a8f25a505446,Malware payload
2024-02-01,Payload delivery,tlsh,t13963386ae74e0925de91f57b425a478e49fcf73932c100d179bc87383b2d91f4a229,
2024-02-01,Payload delivery,ssdeep,1536:93Ob4PpSODikLmqub7H1OlScQMlOrXEbkdXbyenrpbioBhv4as0Jo:9OQU79vbPn9uYhwaLo,
2024-02-01,Other,size-in-bytes,70105,
2024-02-01,Payload delivery,mime-type,text/plain,
2024-02-01,Payload delivery,md5,305f4b2640743849099c85f35042f2bc,Malware payload
2024-02-01,Payload delivery,sha256,f502cdbb1714370afd945872c0cadf381d3cd467077a389a4ec0bdad4cf05b3c,Malware payload
2024-02-01,Payload delivery,tlsh,t16d3397160082b679479e3a47481836869e38917150b48c9a8e87d8f9c9dbfb1edd3f,
2024-02-01,Payload delivery,ssdeep,384:peKqjU4wGUC+rK7pMjnn1CGrShHb6uefhw5pTTq3VpPXL4rxdsRCZz3A/01ABYe/:pxlrK7ar1CGrShWffhwMVZLq1H0,
2024-02-01,Other,size-in-bytes,51414,
2024-02-01,Payload delivery,mime-type,text/plain,
2024-02-01,Payload delivery,md5,6954293b6633adb25daa128a6160f449,Malware payload
2024-02-01,Payload delivery,sha256,09279395c60920302ab83b06ca7e09ea8f9aef2a073ae11816f4c18d237aa558,Malware payload
2024-02-01,Payload delivery,tlsh,t14d9187e771155eb9c51fc5eaa6a938cecabd011390345c1cd5ad4b4b88fe1b52323d,
2024-02-01,Payload delivery,ssdeep,96:XGE9k0yan4wgaBSQcsTN9+BMOy0G1vRctHsz9UAeGzyE2VXr:I0049rVGmlzZs,
2024-02-01,Other,size-in-bytes,4529,
2024-02-01,Payload delivery,mime-type,application/json,
2024-02-01,Payload delivery,md5,b41bbf70b2751e6f34b62cf7a7755fe7,Malware payload
2024-02-01,Payload delivery,sha256,aa98279e70b8afcbf15be1c707f07c29d7695c7af9a993126156dcf6a0df35d8,Malware payload
2024-02-01,Payload delivery,tlsh,t13891546a26085dbdcb94a6d3d8443ac7976e1053e194ee3ce4fd9f08a1ef1f10276a,
2024-02-01,Payload delivery,ssdeep,48:YxY6wLdlpkofn16Ru+FvDF4w0NhtXpk2Kp9Wo6sUHs1vFbvKzRteU3wxioorbZXS:TpkocRtxYyH97Ss1vdTHWZEAnax,
2024-02-01,Other,size-in-bytes,4413,
2024-02-01,Payload delivery,mime-type,application/json,
2024-02-01,Payload delivery,md5,d9308ac3ea7c501f71df2ba002285a02,Malware payload
2024-02-01,Payload delivery,sha256,b25a6ca15380f5fa1226c5f137c670fe4a047544ce3d599a4c0b10650fdfb376,Malware payload
2024-02-01,Payload delivery,tlsh,t18153290db7c7a320c9a50ab588e3e51013f2b3976673d78d3d8802d55e127e1ee877,
2024-02-01,Payload delivery,imphash,f34d5f2d4577ed6d9ceec516c1f5a744,
2024-02-01,Payload delivery,ssdeep,768:858/19gQQE2JRcxdiIjZPXg0qAf7m7rJ5api+oL8wlL3nVnc2f5b:IKoZOJXg0qeiHOE+oL8wlLlVb,
2024-02-01,Other,size-in-bytes,62464,
2024-02-01,Payload delivery,mime-type,application/x-dosexec,
2024-02-01,Payload delivery,md5,60726805bd1f82d78f0b5749e924f49f,Malware payload
2024-02-01,Payload delivery,sha256,18bd28a3916e6c7c1d3aaea800aae0d9723e4dbb1bf3b730152f52bd97abee6a,Malware payload
2024-02-01,Payload delivery,tlsh,t12e41dd7ccf29f8e0033db0a088492e2620949e57d6f58e24d9574ee62d7c24acf1b1,
2024-02-01,Payload delivery,ssdeep,48:LGfEFWuJqs9HZNjd+SfprcKyK0hE6S1FtfsC5P3RX5ZWiaoIhSNtR:LGfEFW87jd+Sfpbaq6S1FtfsC5P39EfI,
2024-02-01,Other,size-in-bytes,2219,
2024-02-01,Payload delivery,mime-type,text/plain,
2024-02-01,Payload delivery,md5,585d9d39dacc76bd757d1864259d31ba,Malware payload
2024-02-01,Payload delivery,sha256,53dca3698c955675919a7392e4bff6e93eedd96d6d26b41e2a157fa1b57e02b5,Malware payload
2024-02-01,Payload delivery,tlsh,t1b191a5b7162c4cbc866487d3a9543bd796bf4567e0849d58b9b88f0ce0fe1f1013ab,
2024-02-01,Payload delivery,ssdeep,96:YAvwlgkvQISnya0o9HT2FJ1vltPBiAYTsAQnE:YAviXo9z2FBi9TdgE,
2024-02-01,Other,size-in-bytes,4329,
2024-02-01,Payload delivery,mime-type,application/json,
2024-02-01,Payload delivery,md5,e3ff56eef92379fa3361a15263013d2f,Malware payload
2024-02-01,Payload delivery,sha256,6b7aa847508dfd1fc256d44777e3cc13b790953ae374c07d133d6d5e877a94c0,Malware payload
2024-02-01,Payload delivery,tlsh,t112a1659b25692cbc871487d359d53e8797ed0053a298ac18fced6f0c92fe8b103659,
2024-02-01,Payload delivery,ssdeep,48:Yxg3SPhJSPdqKkY7EbnlUQl2Nhpk6nYK+z9SPmDF4w0dM0tXDSPGo2up9WvseNEn:QOHkBIeKezz9EEEi1vZhY7VMMOfdP,
2024-02-01,Other,size-in-bytes,4939,
2024-02-01,Payload delivery,mime-type,application/json,
2024-02-01,Payload delivery,md5,b668738c410794f42ee2def178146061,Malware payload
2024-02-01,Payload delivery,sha256,877be33b49cbb9588aa164ff298c72dffa6ae73147f0a24f6e62a6fa5b273cf8,Malware payload
2024-02-01,Payload delivery,tlsh,t1f691417262180c7d863482c6b4597ad767be0267a0d4ec28a8bd4f4cf6ff1f205b59,
2024-02-01,Payload delivery,ssdeep,96:1bZknCs+w/05TH9I681vdEHAbpZcuxnrxO:1b21R0B9I6KEgbp+uxVO,
2024-02-01,Other,size-in-bytes,4238,
2024-02-01,Payload delivery,mime-type,application/json,
2024-02-01,Payload delivery,md5,5cbd38cda7c943844ce7691239c58522,Malware payload
2024-02-01,Payload delivery,sha256,6d21a410caf531ac59c4f31819dd4d5b22d516128c0a031a1c7013fa9b931c21,Malware payload
2024-02-01,Payload delivery,tlsh,t1639185aa260d5dbcca5497d7e4803ac7876e1093b1a8dd2ce4fd9f08e1ef1f04276a,
2024-02-01,Payload delivery,ssdeep,48:YxY6w6dlpkofn16Ru+FzvDFU0NhtXN3rm/2xp9WhHp6Y2UHs1vhmObvK3moRteUY:6pkocRtp9hEA9Sr2Ss1vhPMeHL+gDx,
2024-02-01,Other,size-in-bytes,4284,
2024-02-01,Payload delivery,mime-type,application/json,
2024-02-01,Payload delivery,md5,c95eb11b9662841d11ac18033c74a860,Malware payload
2024-02-01,Payload delivery,sha256,d5157258076a43b8a6995dccb68e00702d8b65bbdf29aa577f8734a0e3f1071e,Malware payload
2024-02-01,Payload delivery,tlsh,t18ba174ab35550cbcc51987da94e53f8b87bc00639494ec28a4ac5f5c92ff8f1437ad,
2024-02-01,Payload delivery,ssdeep,48:Yxg3SPhJSPdqKkY7EbnlUQl2uRifk/n0+aWCDF4w0biYtXnQbZ2Hp9WjyUxG1vC7:QOZkTa1uAbZ49bMG1vCb8vbJA17oro,
2024-02-01,Other,size-in-bytes,5005,
2024-02-01,Payload delivery,mime-type,application/json,
2024-02-01,Payload delivery,md5,49e10e71086290c700d176237157715d,Malware payload
2024-02-01,Payload delivery,sha256,3f918e6d4b736878139416ae3aef4a8f8adff208443c4623286a97ce43106ae5,Malware payload
2024-02-01,Payload delivery,tlsh,t184a1b79b35654cbcc624c3ea94e23e8b576c00b3a194ed14e8ac4f5891fe8f1037ea,
2024-02-01,Payload delivery,ssdeep,48:Yxg3SPhJSPdqKkY7EbnlUQl2pRifk/n0+aWblFDF4w0biYtXqlNBT2Hp9Wt0mUxa:QOEkTaGuIT49YMG1veKAmv,
2024-02-01,Other,size-in-bytes,4832,
2024-02-01,Payload delivery,mime-type,application/json,
2024-02-01,Payload delivery,md5,be935e90d18a96ad20790f0d6787c477,Malware payload
2024-02-01,Payload delivery,sha256,a7bd89955547ed8efefe61358685a281eaf804f43c6ddb369211d759865397cc,Malware payload
2024-02-01,Payload delivery,tlsh,t126a1639732554cbc8b2487ea94e63aaf47ad00b7a1949c24a9ed4f4c91ff8f102769,
2024-02-01,Payload delivery,ssdeep,48:Yxg3SPhJSPdqKkY7EbnlUQl2uRifk/n0+aWHbgDF4w0biYtXcgFi2Hp9WoibUxGB:QONkTaRug49KMG1v5vAwrn,
2024-02-01,Other,size-in-bytes,4769,
2024-02-01,Payload delivery,mime-type,application/json,
2024-02-01,Payload delivery,md5,1d72ce548fe4efc581c12b4ad4809dcb,Malware payload
2024-02-01,Payload delivery,sha256,c70e95b23138c817e835b81f2289740dc328631a432e83ff3fcf32419fe644a9,Malware payload
2024-02-01,Payload delivery,tlsh,t126a1a7a725a95cbccb24c7d695c63e4357fd001363a4ad14ecac5f0c91fe8b1426aa,
2024-02-01,Payload delivery,ssdeep,48:Yxg3SPhJSPdqKkY7EbnlUQl2Mhpk6nYK+zMlFDF4w0dM0tXqlNjT2up9WMTv0mUf:QOikB6KoTz9DEi1vgQYsV2SzYP,
2024-02-01,Other,size-in-bytes,4850,
2024-02-01,Payload delivery,mime-type,application/json,
2024-02-01,Payload delivery,md5,c349929ac5bf78d0db32c2762fddcd66,Malware payload
2024-02-01,Payload delivery,sha256,6ae2e44df7a23bf579ce40608973ee5dd3c73c54655cede9cd5310cd630a6491,Malware payload
2024-02-01,Payload delivery,tlsh,t157a1866b35550cbc862487eb94e13e4b87ad0163a194ed18f4ed4f4c85ff8f1037a9,
2024-02-01,Payload delivery,ssdeep,48:Yxg3SPhJSPdqKkY7EbnlUQl2XRifk/n0+aW/bDF4w0biYtX8rG2xp9WoKsYUxG1O:QOekTakuNe9yMG1vbDAxNsJ+W2,
2024-02-01,Other,size-in-bytes,4963,
2024-02-01,Payload delivery,mime-type,application/json,
2024-02-01,Payload delivery,md5,cc20191cff158532d6893fde1a3e2bc0,Malware payload
2024-02-01,Payload delivery,sha256,ad4fddbec1070073d8932347f376292c145152f3d88e8fe96f3e338b96607a67,Malware payload
2024-02-01,Payload delivery,tlsh,t1a7a1979712585dbccf14cbc785da3aab47ed0013a2a8ac14eded5f0c91ff8b102669,
2024-02-01,Payload delivery,ssdeep,48:Yxg3SPhJSPdqKkY7EbnlUQl2Chpk6nYK+zobgDF4w0dM0tXcg/i2up9WXibUfi1y:QOwkBtKCz93Ei1vnfYzlOSP,
2024-02-01,Other,size-in-bytes,4788,
2024-02-01,Payload delivery,mime-type,application/json,
2024-02-01,Payload delivery,md5,fa0e9aae13155fa03c48708052885e3d,Malware payload
2024-02-01,Payload delivery,sha256,e7047c44515592ca7cd536eb3815b13a6facc56bbf95a71cca9fd38b41d0780a,Malware payload
2024-02-01,Payload delivery,tlsh,t1e5a1c7ab31664c7cca1487eb98e13e8b57ac01b39194ec14b9ed5f4881fe8f103769,
2024-02-01,Payload delivery,ssdeep,48:Yxg3SPhJSPdqKkY7EbnlUQl2FRifk/n0+aW0DF4w0biYtXnR2Hp9WO8ZUxG1v+bJ:QOgkTa1uh49AMG1vSmAAShYq,
2024-02-01,Other,size-in-bytes,4856,
2024-02-01,Payload delivery,mime-type,application/json,
2024-02-01,Payload delivery,md5,31ea23a72b10abea83d1611685034887,Malware payload
2024-02-01,Payload delivery,sha256,9eafcc8d45e42c26d873a034f7a73603126d81ec58a544512e8e65ea373686b0,Malware payload
2024-02-01,Payload delivery,tlsh,t130b533d38f706316c667b7bcda3a606414372e4363f028446614f9374fbddba986ae,
2024-02-01,Payload delivery,imphash,baa93d47220682c04d92f7797d9224ce,
2024-02-01,Payload delivery,ssdeep,49152:u1KJGfuXFbOdxdcMjzOtMsmUBqG/GVUqgSQ:urmXNY9sHBjeVUqgx,
2024-02-01,Other,size-in-bytes,2346496,
2024-02-01,Payload delivery,mime-type,application/x-dosexec,
2024-02-01,Payload delivery,md5,d146483de50a1547810b5f4e6e22b009,Malware payload
2024-02-01,Payload delivery,sha256,8a83c60969c011042927c0fc3d8d2384b92dc41f6536db6117659b0074572fde,Malware payload
2024-02-01,Payload delivery,tlsh,t1de917422261c0cbd87398b93a01c76d76bae02779084fd2888bd5f0ca5ff2b141769,
2024-02-01,Payload delivery,ssdeep,96:jj9ekxq8pVFawTH9o2nTv71vzhHtsIZhmcR+:jj9vguFaA9o2nbdhNsIrmcR+,
2024-02-01,Other,size-in-bytes,4215,
2024-02-01,Payload delivery,mime-type,application/json,
2024-02-01,Payload delivery,md5,3ee86dd57d8bbb576b198aee28fc5881,Malware payload
2024-02-01,Payload delivery,sha256,9f2dd6b52b1c43699dfdada7fcb951ccf548324917d97e59a49fca6756c9e4ed,Malware payload
2024-02-01,Payload delivery,tlsh,t1e6a1979b11691cbccb148bc295d93a9787ed0113b2a4ad18fcad5f0c81ff5b603669,
2024-02-01,Payload delivery,ssdeep,48:Yxg3SPhJSPdqKkY7EbnlUQl219Khpk6nYK+zebDF4w0dM0tX8r82bp9WG9sYUfi+:QOF6kBAKpg9nEi1v1/YOrlcNP,
2024-02-01,Other,size-in-bytes,4971,
2024-02-01,Payload delivery,mime-type,application/json,
2024-02-01,Payload delivery,md5,13e3a50dbfb92a9a7bd46d99f6e17f53,Malware payload
2024-02-01,Payload delivery,sha256,4bd3bfb85ea4bd40e50290a1091cf43892c47219ef67b10246c3f5cf903ac4dd,Malware payload
2024-02-01,Payload delivery,tlsh,t1e2b533f2ba3225c5e107eb3bae958f51d84f5d47339c82449808f71a9fbc530b546e,
2024-02-01,Payload delivery,imphash,baa93d47220682c04d92f7797d9224ce,
2024-02-01,Payload delivery,ssdeep,49152:J6z/GIS3rCYiCu1k+fnkjmJxi/IriQYaqNlBBUzGo5:J6zOIS3WYCkAkeQQYpFCqo,
2024-02-01,Other,size-in-bytes,2326528,
2024-02-01,Payload delivery,mime-type,application/x-dosexec,
2024-02-01,Payload delivery,md5,23ac37adc570c6312a9265bd0d98aee4,Malware payload
2024-02-01,Payload delivery,sha256,bea0fb91000705f50623cea3f6a452b0bb0b747a9ca8ee5ee84da556c1a9784d,Malware payload
2024-02-01,Payload delivery,tlsh,t13fa1a5ab15695cbccb14c7c685c93a8797ed015363a8ac18fded5f0cc2fe8b102659,
2024-02-01,Payload delivery,ssdeep,48:Yxg3SPhJSPdqKkY7EbnlUQl2+hpk6nYK+z1DF4w0dM0tXnT2up9WSFo8ZUfi1vA+:QO0kB5KDz9vLEi1vYYYabDP,
2024-02-01,Other,size-in-bytes,4874,
2024-02-01,Payload delivery,mime-type,application/json,
2024-02-01,Payload delivery,md5,67e213b2c61c49de4617eda332586112,Malware payload
2024-02-01,Payload delivery,sha256,64a694105742fb3f8616ba2992ae715c0ae367627be580e1d79a3d7e49ca49a0,Malware payload
2024-02-01,Payload delivery,tlsh,t10f31a7cea38343f17ce2ada272b5cc093594d1a1d9d86e55d4d838ecd0ecd39a544b,
2024-02-01,Payload delivery,ssdeep,48:vqfAlksq84eksq3B6pksqlMNJksqasUksq336hlksqEs6ksqdudEDsksqBWZksqV:vqfAysq84nsqR6OsqluusqasVsq3qhyj,
2024-02-01,Other,size-in-bytes,1660,
2024-02-01,Payload delivery,mime-type,text/x-shellscript,
2024-02-01,Payload delivery,md5,f82b94890e09c5659f866c6954d5d9a8,Malware payload
2024-02-01,Payload delivery,sha256,bab2140a8c9029ecef2a3f3bb87a039142c4b48b39d838f0fbc81f08ccc63772,Malware payload
2024-02-01,Payload delivery,tlsh,t18721d689b411c911bf3c8a2c6354608ca6c5b3f71d1bef64b1a6fc6e7068744788de,
2024-02-01,Payload delivery,ssdeep,12:rSI/SwSSU/SmoSr/StSSq/SWTUW/dW/UdcaEUO3UpUF2tWU02XVqhY4vnnnGnDdk:rV+ZpoGWSr5dWMhmuNqhY4vnGDdRFg,
2024-02-01,Other,size-in-bytes,1240,
2024-02-01,Payload delivery,mime-type,text/x-shellscript,
2024-02-01,Payload delivery,md5,484c4433b0f28a4bfa02d1e75c0f2052,Malware payload
2024-02-01,Payload delivery,sha256,3e6f77b4cea3698babc075e21c70a9409a0e7885af74ef7eddb98024aa9de0b6,Malware payload
2024-02-01,Payload delivery,tlsh,t1b7a1855f31151cbc861447ea98e13e8b97bd00b3a1d4ac18f4ed5f5ca6fe8e103759,
2024-02-01,Payload delivery,ssdeep,48:Yxg3SPhJSPdqKkY7EbnlUQl2aRifk/n0+aWKSPmDF4w0biYtXDSPGq2Hp9WcseNE:QOBkTaUeuef49VEMG1vHRA5i/9t,
2024-02-01,Other,size-in-bytes,4932,
2024-02-01,Payload delivery,mime-type,application/json,
2024-02-01,Payload delivery,md5,f79af36dff2c824ef1a2dba766a55522,Malware payload
2024-02-01,Payload delivery,sha256,45e70cc114686a46e504c0235c6790966da4017357f24debf8e21eeec34d3cef,Malware payload
2024-02-01,Payload delivery,tlsh,t1c191753562180cbd8728869be4443ae35bee059391d4ec28c4be9f5ca1ff6f101769,
2024-02-01,Payload delivery,ssdeep,96:zOzOr+km7O8ZlOFKiwTH9DnT71vfihHxisoZ5aA4+:jPHKT9TTx+RJoDaA3,
2024-02-01,Other,size-in-bytes,4262,
2024-02-01,Payload delivery,mime-type,application/json,
2024-02-01,Payload delivery,md5,1522b7c5e497da6783a21098b16fa9fd,Malware payload (Amadey)
2024-02-01,Payload delivery,sha256,3bb45ee150f445209bc66044d461a5bfd4c1ff424bc9eaf016eb2dac6fd6c1b8,Malware payload (Amadey)
2024-02-01,Payload delivery,tlsh,t158947d203816d032c651d2715e68ffb694ada9259f7106db77d00f7aae201e36e31f,
2024-02-01,Payload delivery,imphash,d093146790f601dbb1f305c708400eb6,
2024-02-01,Payload delivery,ssdeep,12288:amsJS4JF4LAIc+YGrlsh8I0wi/ajmCau5O9MB6:mS4JF4LAIc+YOliHiu6M,
2024-02-01,Other,size-in-bytes,433152,
2024-02-01,Payload delivery,mime-type,application/x-dosexec,
2024-02-01,Payload delivery,md5,b502be53a5313ebefa6479087a06074a,Malware payload
2024-02-01,Payload delivery,sha256,ed8dca39655b36c5cc93fc9f890c3345a184ed44e80bdd88582a9561b4bbb1c8,Malware payload
2024-02-01,Payload delivery,tlsh,t1d691411619386d7cc75889ca98fc3d4f567e005bf1609c18a5de8e0ae2ff1f283a61,
2024-02-01,Payload delivery,ssdeep,96:ey3rkYOhDH5R0DWfrfT594ds1Y7g1vUreHTMsgiFEHBJeR:ey3QThr5RIWfrt94ds1Y7FrezMsgiFEW,
2024-02-01,Other,size-in-bytes,4614,
2024-02-01,Payload delivery,mime-type,application/json,
2024-02-01,Payload delivery,md5,1ee1efbc82e6fdb5ea534e5a3557aa8a,Malware payload
2024-02-01,Payload delivery,sha256,01bce723371a83a7f8f6fb0e329308ab2e85464249046360a515e4ff3f7116f1,Malware payload
2024-02-01,Payload delivery,tlsh,t1a9a1849f61692cbcc714c7d699d53e8797ed0053a398ac18bcad5f0c92fe8a10365a,
2024-02-01,Payload delivery,ssdeep,48:Yxg3SPhJSPdqKkY7EbnlUQl2zhpk6nYK+z9SPmDF4w0dM0tXDSPGo2up9WvseNEZ:QOZkBIeKezz9EEEi1vZhYtX58RdP,
2024-02-01,Other,size-in-bytes,4950,
2024-02-01,Payload delivery,mime-type,application/json,
2024-02-01,Payload delivery,md5,628f482bdaf3166fc27d183a7a0e69fb,Malware payload (Amadey)
2024-02-01,Payload delivery,sha256,d0ca9241c68efba0484af7d7514c8539d31b05f9f294aed1cf86e403cdd41c79,Malware payload (Amadey)
2024-02-01,Payload delivery,tlsh,t11c0523fcc20e9120c52126fbb941225927b4ffab98481576169f47264ab0def6f03e,
2024-02-01,Payload delivery,imphash,7515ecf8c0dfa4d230ad835fe0acb57f,
2024-02-01,Payload delivery,ssdeep,12288:LTPXAkHVYngo7YNQT1F85ZwKd89BcFwiAlqkfG2BEbb0lvPelAj:LLXynxwQJyEvO+EkTPel,
2024-02-01,Other,size-in-bytes,810496,
2024-02-01,Payload delivery,mime-type,application/x-dosexec,
2024-02-01,Payload delivery,md5,ee242d13b2f5faf52cf4b7c8b75f6bff,Malware payload (Socks5Systemz)
2024-02-01,Payload delivery,sha256,d5edbb6a9a74baec54ed6923767d8d9bc2676bdcab750b388f54c2a7be4b67b8,Malware payload (Socks5Systemz)
2024-02-01,Payload delivery,tlsh,t190863373a26424bce58117f4087872846e223f6debbc7869b7dd01de86c70252ed75,
2024-02-01,Payload delivery,imphash,884310b1928934402ea6fec1dbd3cf5e,
2024-02-01,Payload delivery,ssdeep,196608:qddI/Q3CyhdZoDT6tl/BN3X2C4wUH5AJrtE816J0R4bZFYT8iX:qHzDZo/qbxzUZAltEfGiDLq,
2024-02-01,Other,size-in-bytes,7961493,
2024-02-01,Payload delivery,mime-type,application/x-dosexec,
2024-02-01,Payload delivery,md5,6f2a92c3eef8521d0bdbbf0b6282f506,Malware payload
2024-02-01,Payload delivery,sha256,a44850023407937d8ef08fa1363eb283a0ac08e8444486f698d21ab1dcfd5b0e,Malware payload
2024-02-01,Payload delivery,tlsh,t10434125ce98ea7da9f086807025557ff4498a409b0d1df26046bbeb39238c6fbd713,
2024-02-01,Payload delivery,ssdeep,6144:ed6S2YwIPy58Vj5mqbU+PwiTp6S+7xxeHlkCxZTPY0:ed6S2YwIPy5OE0z6R7x0Rxu0,
2024-02-01,Other,size-in-bytes,240192,
2024-02-01,Payload delivery,mime-type,application/octet-stream,
2024-02-01,Payload delivery,md5,8892512f9ad125d47f8c1e410da8138d,Malware payload
2024-02-01,Payload delivery,sha256,1d828fdc2f9a9201f347c15df3bca06f797ca41ca14763a63edda3bf3b66f58e,Malware payload
2024-02-01,Payload delivery,tlsh,t194a1a65b31551cacc61487ea98e13e8b47ad00b7a0d4ec28b4ed5f5c96ff8f2037a9,
2024-02-01,Payload delivery,ssdeep,48:Yxg3SPhJSPdqKkY7EbnlUQl2LRifk/n0+aWKSPmDF4w0biYtXDSPGq2Hp9WcseN7:QOykTaUeuef49VEMG1vHRAljJht,
2024-02-01,Other,size-in-bytes,4932,
2024-02-01,Payload delivery,mime-type,application/json,
2024-02-01,Payload delivery,md5,bfa7dfa3d23e27e8aa28fab600b241d6,Malware payload
2024-02-01,Payload delivery,sha256,5c57189c83e4b8a1e6cdce1af646ec80cf0e7df67938b60cb9e35fe6e1bd27ac,Malware payload
2024-02-01,Payload delivery,tlsh,t10a33c8c84d0a368095eb1590c9b67f409a2c16f8e79fc605b3984d64e2fff2244a79,
2024-02-01,Payload delivery,ssdeep,1536:eOwewbpSburGxa15iyC1iIsqbExRvUhNRl7IW6RA4GV+RoRVzwSQXabOH:eOwewbpSburG45id1iIsqbExR8hNRl7O,
2024-02-01,Other,size-in-bytes,51605,
2024-02-01,Payload delivery,mime-type,text/plain,
2024-02-01,Payload delivery,md5,fc923b32338107bb0310f6a98d9f6b11,Malware payload
2024-02-01,Payload delivery,sha256,c411497b08e47b3c1b62990cd92e458eead173c792f821ab7639f4cb5c0bc355,Malware payload
2024-02-01,Payload delivery,tlsh,t1804633cfb31879b8332b55ddaeeed4090041468ba72ed3dc456cb84060e5ab66bdcc,
2024-02-01,Payload delivery,ssdeep,98304:oJox4hdyl4/Xzbdyf+C5AG1/jR68qXv9KoS4Uw85lFk79sReHMJc6nrBKI6uCD:bx4hdy+du/e1KoXSq91c1rBBE,
2024-02-01,Other,size-in-bytes,5587548,
2024-02-01,Payload delivery,mime-type,application/octet-stream,
2024-02-01,Payload delivery,md5,0b63130202c62c6e9698d1ee537ffe4d,Malware payload (BumbleBee)
2024-02-01,Payload delivery,sha256,535e2a0c2113155e61f24f5f57ba36c537d89dcdc8890669e4f6e819c1cce138,Malware payload (BumbleBee)
2024-02-01,Payload delivery,tlsh,t16045e021e6921ff4d47691b681ab252bbb747e180314e377abc0d2377d837e05b1ab,
2024-02-01,Payload delivery,imphash,47e01530ad43ec939d1c47709a80a5c6,
2024-02-01,Payload delivery,ssdeep,24576:pzjM6P4b6QbU4hhNTAgOFmM4KrYF3IT6B0UKjp6spB+7KuMHG53AQLwXVR8KseXn:C7f7TwNzSi2KuMHGnwXP8XSKOx,
2024-02-01,Other,size-in-bytes,1225236,
2024-02-01,Payload delivery,mime-type,application/x-dosexec,
2024-02-01,Payload delivery,md5,a47d04da59953cafcfa916f40a0456ea,Malware payload
2024-02-01,Payload delivery,sha256,4d98867d6e55493a72a620d426db7c5ee1aeeb4d4b886db3d2276734607980b7,Malware payload
2024-02-01,Payload delivery,tlsh,t105a1989b11681cbc8714cbc655d93a9787ed0113a3a8ac18fced5f0c82ff4b503669,
2024-02-01,Payload delivery,ssdeep,48:Yxg3SPhJSPdqKkY7EbnlUQl2Ihpk6nYK+zebDF4w0dM0tX8r82bp9WG9sYUfi1vi:QOCkBAKpg9nEi1v1/Y1LflbP,
2024-02-01,Other,size-in-bytes,4981,
2024-02-01,Payload delivery,mime-type,application/json,
2024-02-01,Payload delivery,md5,17f460ce7d3b9ad9b3bb9caaa687e88a,Malware payload (RiseProStealer)
2024-02-01,Payload delivery,sha256,070a5185e0e29f82ca17e18fd8c86704b5de333f2e0ebe93cb9acd73f8e44f40,Malware payload (RiseProStealer)
2024-02-01,Payload delivery,tlsh,t11b4533bd220be365de15e8b6024906e46f6c380c6358b933799f1d920e346bdb7d79,
2024-02-01,Payload delivery,imphash,5ab723dc8d5af21b79dc301ed6a56a64,
2024-02-01,Payload delivery,ssdeep,24576:XeyxbZsKNeA1ls4zLOMrWxHwQtRHW/nSM2U872T:uyxNNNiRNltR2/SM2LW,
2024-02-01,Other,size-in-bytes,1195520,
2024-02-01,Payload delivery,mime-type,application/x-dosexec,
2024-02-01,Payload delivery,md5,c6b223a0a8e0c39f6fa5e7bc6e5cf053,Malware payload
2024-02-01,Payload delivery,sha256,b9833a9e02ea0c1fd7d4ac75dff1a75ab08adf30010d4999c2917c05ae855392,Malware payload
2024-02-01,Payload delivery,tlsh,t14c91622619386d7cca5889ca88fc3d4f567e005bf2609c14a6dd8e0ae2ff1f187a61,
2024-02-01,Payload delivery,ssdeep,96:eyfrkYOhDH5R0DWfrfT594ds1Y7g1vUreHTMsgiFEAm4UJeR:eyfQThr5RIWfrt94ds1Y7FrezMsgiFEk,
2024-02-01,Other,size-in-bytes,4624,
2024-02-01,Payload delivery,mime-type,application/json,
2024-02-01,Payload delivery,md5,23a1b30ca6cd50f500e4cb22592c5a30,Malware payload
2024-02-01,Payload delivery,sha256,b434c5ae7fb842ade89dc7060e83b89fc8492b9c1775c00ecbb89330f5f135b3,Malware payload
2024-02-01,Payload delivery,tlsh,t14da1869712585cbccf24c7d685da3aab87ed0057a2a49c18eded5f0c91ff8b10266d,
2024-02-01,Payload delivery,ssdeep,48:Yxg3SPhJSPdqKkY7EbnlUQl26hpk6nYK+zobgDF4w0dM0tXcg/i2up9WXibUfi1Z:QOokBtKCz93Ei1vnfY9OnP,
2024-02-01,Other,size-in-bytes,4798,
2024-02-01,Payload delivery,mime-type,application/json,
2024-02-01,Payload delivery,md5,de80d8b012e1bae7e902b0f48199662a,Malware payload
2024-02-01,Payload delivery,sha256,387067f2fc1620146737a13c9bcb5e001464973e0c73a7ae2de4297ebda13bdf,Malware payload
2024-02-01,Payload delivery,tlsh,t13ca185a732554dbc8b2487ea94e63a9f47ad0073a0949c24a9ed5f4c91ff8f10236d,
2024-02-01,Payload delivery,ssdeep,48:Yxg3SPhJSPdqKkY7EbnlUQl2NRifk/n0+aWHbgDF4w0biYtXcgFi2Hp9WoibUxG+:QOskTaRug49KMG1v5vAiju,
2024-02-01,Other,size-in-bytes,4770,
2024-02-01,Payload delivery,mime-type,application/json,
2024-02-01,Payload delivery,md5,94473dc72fd2d0aa38231aec7c341fe0,Malware payload
2024-02-01,Payload delivery,sha256,f0ee1968cccde6c029d7a2925344c26a416e46df6837cd030e7a4a140b2a112a,Malware payload
2024-02-01,Payload delivery,tlsh,t1289154aa26195dbcca5497e3e4503ad7c76e1093b098de2cd4fd9f08e1ef1f04276a,
2024-02-01,Payload delivery,ssdeep,48:YxY6wAdlpkofn16Ru+FzvDFU0NhtXN3rm/2xp9WhHp6Y2UHs1vhmObvK3moRteU3:YpkocRtp9hEA9Sr2Ss1vhPMeHL5Ejrx,
2024-02-01,Other,size-in-bytes,4273,
2024-02-01,Payload delivery,mime-type,application/json,
2024-02-01,Payload delivery,md5,d0db6f961cf5db8759b05ddc8657651f,Malware payload
2024-02-01,Payload delivery,sha256,060940afcd561cdca8de313674d7dc7502d81e6b04d3bc03ee1caa578b79b026,Malware payload
2024-02-01,Payload delivery,tlsh,t133a1b6ab35660c7cca2487da98e13e8b57ad01b3a194dc14b8ec5f4c81fe8f143799,
2024-02-01,Payload delivery,ssdeep,48:Yxg3SPhJSPdqKkY7EbnlUQl2fRifk/n0+aW0DF4w0biYtXnR2Hp9WO8ZUxG1v+bK:QOCkTa1uh49AMG1vSmAnot,
2024-02-01,Other,size-in-bytes,4866,
2024-02-01,Payload delivery,mime-type,application/json,
2024-02-01,Payload delivery,md5,2d82b5a76d22d2de57fea8bf441bf4e6,Malware payload (RiseProStealer)
2024-02-01,Payload delivery,sha256,4e1353d3ce8b16f1d1daababd296c87faed640240d0b21e748f6a2ba36bd209a,Malware payload (RiseProStealer)
2024-02-01,Payload delivery,tlsh,t1dc4533bac216d8a0c8307af4089faddd579d7e4465800916664f67f218e0edfb38b5,
2024-02-01,Payload delivery,imphash,5ab723dc8d5af21b79dc301ed6a56a64,
2024-02-01,Payload delivery,ssdeep,24576:qB7pPYcMRS5/yuqPhXhIxcAGwQkRHW/nSOV6nQ3v0lHT3u:qB7VY7H4ctlkR2/SS6QcHT3,
2024-02-01,Other,size-in-bytes,1195008,
2024-02-01,Payload delivery,mime-type,application/x-dosexec,
2024-02-01,Payload delivery,md5,dd98ca3e2f8208eab64ede81c6f284f8,Malware payload
2024-02-01,Payload delivery,sha256,791fb27762d96158c886e5385bb7b96351bd615a39820f60f4380b4c9f1e9d05,Malware payload
2024-02-01,Payload delivery,tlsh,t133533b05b7c7a720ca640eb5c0e3d51503f297672673d74a7e8413d52e16bd2ca83b,
2024-02-01,Payload delivery,imphash,f34d5f2d4577ed6d9ceec516c1f5a744,
2024-02-01,Payload delivery,ssdeep,1536:tRdKTSzmAl6jvgHZY76z7FI6R9jnx6vIp:eSmccYJ7FZbjxJ,
2024-02-01,Other,size-in-bytes,62464,
2024-02-01,Payload delivery,mime-type,application/x-dosexec,
2024-02-01,Payload delivery,md5,ddf8ef58d97080a1cd4dbd0dc9a4b5c9,Malware payload
2024-02-01,Payload delivery,sha256,834e52e712216761c281587769029a45b24dfb7e8f740cbdc1a57aec7430bd91,Malware payload
2024-02-01,Payload delivery,tlsh,t1f291526a26085db9cb9496d3d5443ac7c76e1053a094ed28e8fd8f08e2ff1f10276a,
2024-02-01,Payload delivery,ssdeep,48:YxY6wKdlpkofn16Ru+FvDF4w0NhtXpk2Kp9Wo6sUHs1vFbvKzRteU3wxioorbYf+:qpkocRtxYyH97Ss1vdTHWY9Gx,
2024-02-01,Other,size-in-bytes,4413,
2024-02-01,Payload delivery,mime-type,application/json,
2024-02-01,Payload delivery,md5,5c73507e3348c384c6245478009cd350,Malware payload
2024-02-01,Payload delivery,sha256,3f51489b3804e8340e8504b0641de8c44ad3055e83a24b34f26dd70cdae498cb,Malware payload
2024-02-01,Payload delivery,tlsh,t11f341291533911bbb3ab75a198f4f2f13a313a05e3c218707e3732727966b98d8379,
2024-02-01,Payload delivery,ssdeep,6144:GgPAP8PGkQSxZYw+o99n5muPfbPdyBA4tdaEH:hpvAtof5jJ0tda+,
2024-02-01,Other,size-in-bytes,240192,
2024-02-01,Payload delivery,mime-type,application/x-dosexec,
2024-02-01,Payload delivery,md5,72848248f157ddc899371ccf4784a12d,Malware payload
2024-02-01,Payload delivery,sha256,66ad033733c39827d9bc5d05350a74b0702ad825ea7455642c8d42c106c474f8,Malware payload
2024-02-01,Payload delivery,tlsh,t1ffa183ab11695c7ccb10c7c695c93a8797ed0153a3a8ac18fded6f0c92fe8b142659,
2024-02-01,Payload delivery,ssdeep,48:Yxg3SPhJSPdqKkY7EbnlUQl2BXhpk6nYK+z1DF4w0dM0tXnT2up9WSFo8ZUfi1vw:QOXbkB5KDz9vLEi1vYYYtlnP,
2024-02-01,Other,size-in-bytes,4874,
2024-02-01,Payload delivery,mime-type,application/json,
2024-02-01,Payload delivery,md5,95b4498daf1e1125e225a0d44819764c,Malware payload
2024-02-01,Payload delivery,sha256,ee0c20116b6f84e1b120faac9e7ab135c5b2614b67f5bf65d3cefc26f1d000b1,Malware payload
2024-02-01,Payload delivery,tlsh,t15fa195eb65691cbcca18c7c290d93b8797fc011352a4ec24e8ac5b0cd2ff97153669,
2024-02-01,Payload delivery,ssdeep,48:Yxg3SPhJSPdqKkY7EbnlUQl2Fqhpk6nYK+z1DF4w0dM0tXnGbZ2up9WSgyUfi1vb:QOmkBhKWbZz9BEi1vUb8pbbYgEvuP,
2024-02-01,Other,size-in-bytes,5022,
2024-02-01,Payload delivery,mime-type,application/json,
2024-02-01,Payload delivery,md5,7904d95125419dab24b7e46f756bce2c,Malware payload
2024-02-01,Payload delivery,sha256,1107738f9cd645b043b3de6b411c3010d88160527117a2054232ab47dd898dcd,Malware payload
2024-02-01,Payload delivery,tlsh,t1fca195ab31560cbcc62987da94e53f8b47bc01639494ec24b4ac9f5cd2fe8f1437a9,
2024-02-01,Payload delivery,ssdeep,48:Yxg3SPhJSPdqKkY7EbnlUQl2eRifk/n0+aWCDF4w0biYtXnQbZ2Hp9WjyUxG1vCu:QOtkTa1uAbZ49bMG1vCb8vbJA895B,
2024-02-01,Other,size-in-bytes,5004,
2024-02-01,Payload delivery,mime-type,application/json,
2024-02-01,Payload delivery,md5,e452fdcbec8f8dd28585dc3ed9935e47,Malware payload
2024-02-01,Payload delivery,sha256,b6aa8d93a1a3e789258b3c0f27e12c4a8d7b039596032ec1b74dd3362f9c0fcc,Malware payload
2024-02-01,Payload delivery,tlsh,t1a891649e26085dbcc65496d3e5543ad7c76e0493b098ed2cd8fd9f08e1ef1f0027aa,
2024-02-01,Payload delivery,ssdeep,48:YxY6wjdlpkofn16Ru+FkDFU0NhtXeV2Qp9We6T2UHs1vibvKqRteU3wxioLp1nWs:LpkocRtG9U/9K2Ss1veiHLpZPx,
2024-02-01,Other,size-in-bytes,4284,
2024-02-01,Payload delivery,mime-type,application/json,
2024-02-01,Payload delivery,md5,87a07c1c5d6e0a297223251892aeb85e,Malware payload
2024-02-01,Payload delivery,sha256,d5d303bfbba9ac70c00eebcb06c6b815bb75563866051946df6badf87bfcdb6d,Malware payload
2024-02-01,Payload delivery,tlsh,t1bd91b6b716280cbc8a2487d3a5943bd7477f45a7e094ad58b9bc8f0ce0fe1f11136a,
2024-02-01,Payload delivery,ssdeep,96:YAvwlUkvQISnya0o9HT2FJ1vltPBiiy/v0/TnE:YAvWXo9z2FBiiy/v0/jE,
2024-02-01,Other,size-in-bytes,4329,
2024-02-01,Payload delivery,mime-type,application/json,
2024-02-01,Payload delivery,md5,471a34ad772903865d7861b09dcc3e3a,Malware payload (Amadey)
2024-02-01,Payload delivery,sha256,32d0738134a0d8e1f31f87e45228946e9b0d803265d2fe20bbfbc558a6fd6041,Malware payload (Amadey)
2024-02-01,Payload delivery,tlsh,t1060523bae91eb401c61150b938c221d9574d7e9d324dbf311ecf0a691ba14bf6b13e,
2024-02-01,Payload delivery,imphash,7515ecf8c0dfa4d230ad835fe0acb57f,
2024-02-01,Payload delivery,ssdeep,12288:NW0bPWC2Ews/ZnNo7YNQH1/85ZwKd89BcF6Os2sjjRydmKchOgUqaIaGfyBlH:NW15CZnewQVEEvO1s2UymxOhI3g,
2024-02-01,Other,size-in-bytes,809472,
2024-02-01,Payload delivery,mime-type,application/x-dosexec,
2024-02-01,Payload delivery,md5,ed9db9653be69582fcc9a9daa288fd73,Malware payload
2024-02-01,Payload delivery,sha256,cb63ce4bbc33d275e9f322bc7388136f6c8f5dbada2e592c1935ce7462a02579,Malware payload
2024-02-01,Payload delivery,tlsh,t15051481236b8834a35768f84a66f2b74863f3e5b5e3f964a408d0c9d13e2509c477b,
2024-02-01,Payload delivery,ssdeep,48:KzcSl9qeLsbWVbwbflCFNvTb6P3ekg7KBcb4J/lWXDWC6eBGo5VvKVIHt:zSkOcpY5edIbwIHt,
2024-02-01,Other,size-in-bytes,3092,
2024-02-01,Payload delivery,mime-type,text/plain,
2024-02-01,Payload delivery,md5,5968fb2d77482fadc3559ded16b020cb,Malware payload
2024-02-01,Payload delivery,sha256,9f1a28457dd4e7721ea09a959165d79f1d375dc628191c0b9da20a607a891b7f,Malware payload
2024-02-01,Payload delivery,tlsh,t12191859e26185dbdc65496e3e9543ad7876e0093b194dd2ce8fc9f08e1ff1f0027a9,
2024-02-01,Payload delivery,ssdeep,48:YxY6wOdlpkofn16Ru+FkDFU0NhtXeV2Qp9We6T2UHs1vibvKqRteU3wxioLWoNMa:upkocRtG9U/9K2Ss1veiHLWou27x,
2024-02-01,Other,size-in-bytes,4274,
2024-02-01,Payload delivery,mime-type,application/json,
2024-02-01,Payload delivery,md5,5daac4bda4fe2167332e5d4c9e98f789,Malware payload
2024-02-01,Payload delivery,sha256,cf6165b7bda0c2b63590efbfff00659f52e09d551790a2d97d0c018243b274f0,Malware payload
2024-02-01,Payload delivery,tlsh,t132a1735732554cbc8b2487eb94e63eaf47ad0077a494ac24a9ed5f4c90ff8e10276d,
2024-02-01,Payload delivery,ssdeep,48:Yxg3SPhJSPdqKkY7EbnlUQl2hRifk/n0+aWHbgDF4w0biYtXcgFi2Hp9WoibUxGR:QOQkTaRug49KMG1v5vA9MHZ,
2024-02-01,Other,size-in-bytes,4770,
2024-02-01,Payload delivery,mime-type,application/json,
2024-02-01,Payload delivery,md5,125798fd0a435222368b506d2ae4acb0,Malware payload
2024-02-01,Payload delivery,sha256,15339cd4edf920e1b540a43fb6524c8fc69219a98eb3daf0aa39c914f518f903,Malware payload
2024-02-01,Payload delivery,tlsh,t1f691449a26089db9cb9496d3d8443ac7c76e1453a194dd2ce8bdcf08e2ef1f10276a,
2024-02-01,Payload delivery,ssdeep,48:YxY6wvdlpkofn16Ru+FvDF4w0NhtXpk2Kp9Wo6sUHs1vFbvKzRteU3wxioorbAUQ:npkocRtxYyH97Ss1vdTHWTax,
2024-02-01,Other,size-in-bytes,4413,
2024-02-01,Payload delivery,mime-type,application/json,
2024-02-01,Payload delivery,md5,cbae66fb13cc964eafec58836da3116c,Malware payload
2024-02-01,Payload delivery,sha256,51ee492ede6b5389c7cc9eb4d4f3594ab84a22b3c9aa2b13cfbad33188c93bb1,Malware payload
2024-02-01,Payload delivery,tlsh,t174b533d212710e11e92f6f7c8998f6856aa3bc8f661d918f0368f4812fbc2f51998c,
2024-02-01,Payload delivery,imphash,baa93d47220682c04d92f7797d9224ce,
2024-02-01,Payload delivery,ssdeep,49152:BmBcM0DsMreXIIPxz/Ns2Y//rZsAqQIj+GM:wUedPZ/RENUQIzM,
2024-02-01,Other,size-in-bytes,2303488,
2024-02-01,Payload delivery,mime-type,application/x-dosexec,
2024-02-01,Payload delivery,md5,ef1f0d21a4859017a97e9b0735d11a3a,Malware payload (Gafgyt)
2024-02-01,Payload delivery,sha256,b9e8076e083ef9d9377f2608878a1129c721243c6fb133814b2586bbd5258d5a,Malware payload (Gafgyt)
2024-02-01,Payload delivery,tlsh,t169a32a26bd018f43c2c315f3bb9f47887b2667f9d2ef3243e925afa027564d609269,
2024-02-01,Payload delivery,ssdeep,1536:HGuY5re339swKBmti+dqFRBBYZF3C2or/OQrW+sbGI4q6yPx85hlpMVq:HGxoH9R8Nf/YZLoRc/4rAy5hlpMVq,
2024-02-01,Other,size-in-bytes,104276,
2024-02-01,Payload delivery,mime-type,application/x-executable,
2024-02-01,Payload delivery,md5,794f5a53f761c2707e55a9830fd0f05c,Malware payload
2024-02-01,Payload delivery,sha256,857c09b73fb6db1760b56a9dbadebe16f69e37cdfc1819b831b60d63a3ad2542,Malware payload
2024-02-01,Payload delivery,tlsh,t10291549a26095dbcc65497d3e4903ad7876e0093b198de2ce4fd9f08f1ef1f04276a,
2024-02-01,Payload delivery,ssdeep,48:YxY6wJdlpkofn16Ru+FzvDFU0NhtXN3rm/2xp9WhHp6Y2UHs1vhmObvK3moRteUA:JpkocRtp9hEA9Sr2Ss1vhPMeHL0OJx,
2024-02-01,Other,size-in-bytes,4274,
2024-02-01,Payload delivery,mime-type,application/json,
2024-02-01,Payload delivery,md5,33f25d77b3b458c299ce0cf3c7283225,Malware payload (Socks5Systemz)
2024-02-01,Payload delivery,sha256,bee96f1c1d67563e703e9569d3045d870069cc77d33dacc31984e0ae25b9a6ed,Malware payload (Socks5Systemz)
2024-02-01,Payload delivery,tlsh,t17476334ff2a00c25d051ec321a8915b22bc25e748eeab214421dc5eb1f75bd7879bb,
2024-02-01,Payload delivery,imphash,884310b1928934402ea6fec1dbd3cf5e,
2024-02-01,Payload delivery,ssdeep,196608:v5TN/qfbWTjhzfq+AL0fcVkBfHgsL4Wy+n4iX:BN/qanhdTcV6AscvPq,
2024-02-01,Other,size-in-bytes,7616755,
2024-02-01,Payload delivery,mime-type,application/x-dosexec,
2024-02-01,Payload delivery,md5,d02c4d2862a59a92851dcfd9e55bc806,Malware payload
2024-02-01,Payload delivery,sha256,054cf5f2e47dabd0f99c54eb65bf0e77aeeba53e8fb9f6237d4d2cca9cef0f87,Malware payload
2024-02-01,Payload delivery,tlsh,t101a154ab31550cbcc52987da54e53b8b97bc01a35494ec24b4ac9f5c92fe8f1437a9,
2024-02-01,Payload delivery,ssdeep,48:Yxg3SPhJSPdqKkY7EbnlUQl2BRifk/n0+aWCDF4w0biYtXnQbZ2Hp9WjyUxG1vC5:QOQkTa1uAbZ49bMG1vCb8vbJAs+Hiy,
2024-02-01,Other,size-in-bytes,5005,
2024-02-01,Payload delivery,mime-type,application/json,
2024-02-01,Payload delivery,md5,ca8763d2ef411ee599c12018c70a15ac,Malware payload
2024-02-01,Payload delivery,sha256,52d8b15488c885e664be756e730d0aea55c1a1b07bd16e8ac99ade9e360d0834,Malware payload
2024-02-01,Payload delivery,tlsh,t15fa1a7eb65795cbccb24c7c695ca3e9757ed001352a8ed14ecad5f0c81fe4b1026aa,
2024-02-01,Payload delivery,ssdeep,48:Yxg3SPhJSPdqKkY7EbnlUQl2Bhpk6nYK+zMlFDF4w0dM0tXqlNjT2up9WMTv0mU7:QObkB6KoTz9DEi1vgQYcfRG7P,
2024-02-01,Other,size-in-bytes,4850,
2024-02-01,Payload delivery,mime-type,application/json,
2024-02-01,Payload delivery,md5,2eda9d46f2aae5754182cd679fc72051,Malware payload
2024-02-01,Payload delivery,sha256,010ab736ef32995681ea2e4ed0299a8e2fac009de3c133cd9d22a8d53ad58339,Malware payload
2024-02-01,Payload delivery,tlsh,t1d7a1c6ab35164c7cca2487da98d13e8b57ac00b3a594dc18b9ec5f4c85ff8f1037aa,
2024-02-01,Payload delivery,ssdeep,48:Yxg3SPhJSPdqKkY7EbnlUQl2eRifk/n0+aW0DF4w0biYtXnR2Hp9WO8ZUxG1v+b7:QONkTa1uh49AMG1vSmAMdU,
2024-02-01,Other,size-in-bytes,4856,
2024-02-01,Payload delivery,mime-type,application/json,
2024-02-01,Payload delivery,md5,c634e6a357448b1e5ebcb7594b0fa251,Malware payload
2024-02-01,Payload delivery,sha256,ea7c3f3a3cac481f736ce228cd73b19c12bdfd131f5142c480666e5f25c34fbc,Malware payload
2024-02-01,Payload delivery,tlsh,t14de1fa5039ff61487673ff952fe5b9954aaffbb22536a09d1048020b8b53d40cd92b,
2024-02-01,Payload delivery,ssdeep,192:JX/YDTPwvBdau1T9ketFX/YHX/YAlX/Y+iX/YRY2:BY3mISttYvYANY+qYRY2,
2024-02-01,Other,size-in-bytes,7090,
2024-02-01,Payload delivery,mime-type,text/plain,
2024-02-01,Payload delivery,md5,a13944862b8f0dcbae4bba7b40511a5f,Malware payload
2024-02-01,Payload delivery,sha256,321dd52ac7cda41f80ce92d671f70fc96797736638f3d4ea88692b7607f51b18,Malware payload
2024-02-01,Payload delivery,tlsh,t196a1969712585cbccb14c7d784da3aab87ed005392a8ac14fded5f0c91ff8b602269,
2024-02-01,Payload delivery,ssdeep,48:Yxg3SPhJSPdqKkY7EbnlUQl29hpk6nYK+zobgDF4w0dM0tXcg/i2up9WXibUfi1c:QObkBtKCz93Ei1vnfYdl9P,
2024-02-01,Other,size-in-bytes,4788,
2024-02-01,Payload delivery,mime-type,application/json,
2024-02-01,Payload delivery,md5,ebbcfb5a1c1d35f4bdb3ea0c6cfea170,Malware payload
2024-02-01,Payload delivery,sha256,8b76e1f9f2bdc926d870a887fe01a9bbe721b3eb8e9cfd11c8ba04d8c0bd8fac,Malware payload
2024-02-01,Payload delivery,tlsh,t1e09184e7b1151eb8c51fc5ea96a939cecabd001390745c1cd5ae4b0b88fe1b51363d,
2024-02-01,Payload delivery,ssdeep,96:XGmL9k0yan4wgaBSQcsTN9+BMOy0G1vRctHsz9UAeG3VlaBbFVXr:Ru0049rVGml3naBb,
2024-02-01,Other,size-in-bytes,4528,
2024-02-01,Payload delivery,mime-type,application/json,
2024-02-01,Payload delivery,md5,83145755d25c8364758a781286507c4c,Malware payload
2024-02-01,Payload delivery,sha256,7f71b6ff2044673ed01abee92bee42504e57259886dc4074ddee005d0cf0db37,Malware payload
2024-02-01,Payload delivery,tlsh,t182a1a4ab32550cbc82248be794e53e8b87ad0163b094ec18f4ad4f4c95ff8e5037b9,
2024-02-01,Payload delivery,ssdeep,48:Yxg3SPhJSPdqKkY7EbnlUQl2sRifk/n0+aW/bDF4w0biYtX8rG2xp9WoKsYUxG1n:QOnkTakuNe9yMG1vbDA7tkb,
2024-02-01,Other,size-in-bytes,4953,
2024-02-01,Payload delivery,mime-type,application/json,
2024-02-01,Payload delivery,md5,419912ddf4fa4f8f5c70aa2398b89742,Malware payload
2024-02-01,Payload delivery,sha256,f14b34298c1848fc8828ecc626ea4300352aaf2be8f9f121a1a9b5347e56258d,Malware payload
2024-02-01,Payload delivery,tlsh,t177a195ab32550cbc86248be794e53e8b47ad0163a1d4ec28f4ad4f4c85ff8f5037a9,
2024-02-01,Payload delivery,ssdeep,48:Yxg3SPhJSPdqKkY7EbnlUQl2SGRifk/n0+aW/bDF4w0biYtX8rG2xp9WoKsYUxG7:QOGkTakuNe9yMG1vbDA+kV0I+8k,
2024-02-01,Other,size-in-bytes,4953,
2024-02-01,Payload delivery,mime-type,application/json,
2024-02-01,Payload delivery,md5,96a1fabf217f96c1352037cbe82750b6,Malware payload
2024-02-01,Payload delivery,sha256,97501b6e0fe591af4fb0d44bc710f6d8cdd2c10d7d270ec3f6c8239ce7b0971d,Malware payload
2024-02-01,Payload delivery,tlsh,t180a174eb65681cbcca2487c294d93b8797fc015352a4ec28a8dc5f0c93ff47252669,
2024-02-01,Payload delivery,ssdeep,48:Yxg3SPhJSPdqKkY7EbnlUQl25hpk6nYK+z1DF4w0dM0tXnGbZ2up9WSgyUfi1vUI:QOTkBhKWbZz9BEi1vUb8pbbYAkPYP,
2024-02-01,Other,size-in-bytes,5023,
2024-02-01,Payload delivery,mime-type,application/json,
2024-02-01,Payload delivery,md5,6cceebc2a39cff426325ce4188e58999,Malware payload
2024-02-01,Payload delivery,sha256,d29689d6ff4cec362fa5a0f6623e864f628b3650cc8bf9b9f197967360c0fc92,Malware payload
2024-02-01,Payload delivery,tlsh,t1b9917426261c0cbec7294b93e05c76976bae02679084fd2888bd9f4ca5ff2b141769,
2024-02-01,Payload delivery,ssdeep,96:jjOekxq8pVFawTH9o2nTv71vzhHtsIZhxMAGNGR+:jjOvguFaA9o2nbdhNsIr9oGR+,
2024-02-01,Other,size-in-bytes,4215,
2024-02-01,Payload delivery,mime-type,application/json,
2024-02-01,Payload delivery,md5,66130444b839615320a43d5bb4dbbd6b,Malware payload
2024-02-01,Payload delivery,sha256,108a895216588b19b24f086e14d44f64ca9d4b45877ae0717fa0cc4a3da7ecf6,Malware payload
2024-02-01,Payload delivery,tlsh,t10591b5b7152c4c6dca1487d796903b8756af416bf0849e68f9fc8f0ce0fe1b51136a,
2024-02-01,Payload delivery,ssdeep,48:Yx5AvwlYYw7KbsJkmnh+0DFU0omOtXxR23p9WtY2UKJ1vybaKqRrC3wxioifJyw+:YAvwlMkv0S7U9/2FJ1vu8ifVou4GE,
2024-02-01,Other,size-in-bytes,4323,
2024-02-01,Payload delivery,mime-type,application/json,
2024-02-01,Payload delivery,md5,f6a187198ad09020d6ce017089cafb93,Malware payload
2024-02-01,Payload delivery,sha256,2aa0615806964d61357d5efb226adf5f54761db9c926001cca0176983178c130,Malware payload
2024-02-01,Payload delivery,tlsh,t186a1b79b36564cbcc52487ea54e63e4757ad0073a1d4ec14e8ad5f5881fe4f1027e9,
2024-02-01,Payload delivery,ssdeep,48:Yxg3SPhJSPdqKkY7EbnlUQl2KRifk/n0+aWblFDF4w0biYtXqlNBT2Hp9Wt0mUxb:QORkTaGuIT49YMG1veKA0AiQ,
2024-02-01,Other,size-in-bytes,4832,
2024-02-01,Payload delivery,mime-type,application/json,
2024-02-01,Payload delivery,md5,845729c94874f6b85d8b8975e177457b,Malware payload
2024-02-01,Payload delivery,sha256,ff0b1cc5b13198258c708a3463383b6c5966743baae0eb5df011969e3df0d76e,Malware payload
2024-02-01,Payload delivery,tlsh,t18b41dd7ccf29f8e0033db0a088492e2620949e57d6f58e24d9574ee62d7c34acf2b1,
2024-02-01,Payload delivery,ssdeep,48:LGfEFWuJqs9HZNjd+SfprcKyK0hE6S1FtfsC5P3RX5ZWiaoIhSNtS:LGfEFW87jd+Sfpbaq6S1FtfsC5P39Efn,
2024-02-01,Other,size-in-bytes,2219,
2024-02-01,Payload delivery,mime-type,text/plain,
2024-02-01,Payload delivery,md5,f681e50cbbd73c2bb28194236a9db685,Malware payload
2024-02-01,Payload delivery,sha256,051fe404618e2d97960f07ea5e9fd70f67431b037ebf1d7af1087a7e704b1f22,Malware payload
2024-02-01,Payload delivery,tlsh,t18cb533e56f73460ac1272b3f5eb7648cd8271e872940c60a35a4fe198f3dab74271e,
2024-02-01,Payload delivery,imphash,baa93d47220682c04d92f7797d9224ce,
2024-02-01,Payload delivery,ssdeep,49152:W7Xxw0P8Zd1RLhe+XEg3NUgpqY0I783Nm7h:WDxRPQd1RpKIo3AN,
2024-02-01,Other,size-in-bytes,2305536,
2024-02-01,Payload delivery,mime-type,application/x-dosexec,
2024-02-01,Payload delivery,md5,20f0870b2495f084fde144facbe04244,Malware payload
2024-02-01,Payload delivery,sha256,5641927c4b336bf37fcd218d6ee4a1a67abe1742c9b20d8444a76dca5a87a448,Malware payload
2024-02-01,Payload delivery,tlsh,t15691763662180cbd8628869fe4543be35bee059391d4ec28c4be5f5ca1ff5f101769,
2024-02-01,Payload delivery,ssdeep,96:zOzO5+km7O8ZlOFKiwTH9DnT71vfihHxisoZ5Yy4+:hPHKT9TTx+RJoDYy3,
2024-02-01,Other,size-in-bytes,4262,
2024-02-01,Payload delivery,mime-type,application/json,
2024-02-01,Payload delivery,md5,275bd5c60569561acc5ff0934f17e601,Malware payload
2024-02-01,Payload delivery,sha256,07f3ed2c0c873642e4c79fdc47eaa420ddb86c89937c9623f37bf020327966a0,Malware payload
2024-02-01,Payload delivery,tlsh,t114a1869b25695cbccb24c7c695d63e9357ed0013a2a4ad14ecec5f0c91fe4b10269a,
2024-02-01,Payload delivery,ssdeep,48:Yxg3SPhJSPdqKkY7EbnlUQl2Yhpk6nYK+zMlFDF4w0dM0tXqlNjT2up9WMTv0mU4:QO2kB6KoTz9DEi1vgQYk3P,
2024-02-01,Other,size-in-bytes,4850,
2024-02-01,Payload delivery,mime-type,application/json,
2024-02-01,Payload delivery,md5,c06b3e03094fed7bdfd5dc32aeaf34a4,Malware payload
2024-02-01,Payload delivery,sha256,67ad29b3835c5251db4e631d84c276ce56af2853e6e8ad6b14f82a029de33430,Malware payload
2024-02-01,Payload delivery,tlsh,t1a091527222180c7d873483d6b4597ad767be0267a0d4ac28a8ad4f1ca6ff1f216b55,
2024-02-01,Payload delivery,ssdeep,96:obZknCs+w/05TH9I681vdEHAbpZcMO4fO:ob21R0B9I6KEgbp+M1fO,
2024-02-01,Other,size-in-bytes,4238,
2024-02-01,Payload delivery,mime-type,application/json,
2024-02-01,Payload delivery,md5,29fae4a5925fa84646b35e04818ceebc,Malware payload
2024-02-01,Payload delivery,sha256,63e6918a1fc7c9d287aba4f3077d3d40aa5b2b71873616e7fd225b21737ec50f,Malware payload
2024-02-01,Payload delivery,tlsh,t1d4917526251c0cbd82394b93e45c76d76bae0273a184fd2888bd9f4ca5ff2b141769,
2024-02-01,Payload delivery,ssdeep,96:jjsekxq8pVFawTH9o2nTv71vzhHtsIZhGQvR+:jjsvguFaA9o2nbdhNsIrGkR+,
2024-02-01,Other,size-in-bytes,4225,
2024-02-01,Payload delivery,mime-type,application/json,
2024-02-01,Payload delivery,md5,93c783361f613fd3bec5ceabc89dc355,Malware payload
2024-02-01,Payload delivery,sha256,ce15072911ab46e9f63cc8b2a13fe19c86889c95732644cbf58a76137246fa0c,Malware payload
2024-02-01,Payload delivery,tlsh,t16191526619386d7cc758c5ca98fc3d4e567e005bf2649c14a5de8e0ae2ff1f183a61,
2024-02-01,Payload delivery,ssdeep,96:eyarkYOhDH5R0DWfrfT594ds1Y7g1vUreHTMsgiFEYe/JeR:eyaQThr5RIWfrt94ds1Y7FrezMsgiFEc,
2024-02-01,Other,size-in-bytes,4624,
2024-02-01,Payload delivery,mime-type,application/json,
2024-02-01,Payload delivery,md5,171113cd24df762fbd5bca5cddec4847,Malware payload
2024-02-01,Payload delivery,sha256,56646796f7c9f49d27a9d388691c40e06bfbf478d1cf657f5bf26d7cf5f7685b,Malware payload
2024-02-01,Payload delivery,tlsh,t14491b7b7152c4cbdca2487e795903b8756bf41a7e084ae58bab88f0cd0fe1f51136a,
2024-02-01,Payload delivery,ssdeep,48:Yx5AvwlYYwkKbsJkmnh+0DFU0omOtXxR23p9WtY2UKJ1vybaKqRrC3wxioi55uwI:YAvwlbkv0S7U9/2FJ1vu8i55uwLE,
2024-02-01,Other,size-in-bytes,4333,
2024-02-01,Payload delivery,mime-type,application/json,
2024-02-01,Payload delivery,md5,e9225fcfd2ca86a535853248999230cd,Malware payload
2024-02-01,Payload delivery,sha256,62d43ab1d02c0e763fecd38e22654d098b1c9b257a3ba1e920db33d74a101b7c,Malware payload
2024-02-01,Payload delivery,tlsh,t111a1956b31550cac861487eb98e13e9b97ad00b3a1c4ec18b8ed5f5896fe8f103759,
2024-02-01,Payload delivery,ssdeep,48:Yxg3SPhJSPdqKkY7EbnlUQl2tRifk/n0+aWKSPmDF4w0biYtXDSPGq2Hp9WcseNL:QO0kTaUeuef49VEMG1vHRAb/Jt,
2024-02-01,Other,size-in-bytes,4922,
2024-02-01,Payload delivery,mime-type,application/json,
2024-02-01,Payload delivery,md5,fd26d9f005998a4b743d5a3adf4cee81,Malware payload
2024-02-01,Payload delivery,sha256,d2ba31fbd3c351de17609da4b89889b0b83bfee5d9031fe89a16f03bec7518c9,Malware payload
2024-02-01,Payload delivery,tlsh,t150a195af11692cbccb1487d299d53e9797ed0053a298ac18fced5f0c92fe4b143655,
2024-02-01,Payload delivery,ssdeep,48:Yxg3SPhJSPdqKkY7EbnlUQl2dhpk6nYK+z9SPmDF4w0dM0tXDSPGo2up9WvseNET:QOvkBIeKezz9EEEi1vZhYk/EYdP,
2024-02-01,Other,size-in-bytes,4940,
2024-02-01,Payload delivery,mime-type,application/json,
2024-02-01,Payload delivery,md5,76f602e9999b365421533085fa90ffe7,Malware payload
2024-02-01,Payload delivery,sha256,dfc3fe8a5474ae165e2caf9690295af80061bafbbc1302c54c118fc2ba8ea297,Malware payload
2024-02-01,Payload delivery,tlsh,t1b0a1b56b35554cbcc624c7da94e63e4b53ad0073a194ec14e8ac5f5891fe8f1427aa,
2024-02-01,Payload delivery,ssdeep,48:Yxg3SPhJSPdqKkY7EbnlUQl2mRifk/n0+aWblFDF4w0biYtXqlNBT2Hp9Wt0mUxq:QOdkTaGuIT49YMG1veKAQQPN8jX,
2024-02-01,Other,size-in-bytes,4832,
2024-02-01,Payload delivery,mime-type,application/json,
2024-02-01,Payload delivery,md5,aa7988b2ba12ae805879498067f64bed,Malware payload
2024-02-01,Payload delivery,sha256,06939562b81f946dc03279e04fd1cc30858d438cde7358f3dda39546246b42ad,Malware payload
2024-02-01,Payload delivery,tlsh,t1d391637172180d7ec63482c6b4557ad367be0267a0d4ec28a8fd4f4ca6ef1f205b5a,
2024-02-01,Payload delivery,ssdeep,96:x0bZknCs+w/05TH9I681vdEHAbpZcLluFfLO:Cb21R0B9I6KEgbp+LQ5O,
2024-02-01,Other,size-in-bytes,4238,
2024-02-01,Payload delivery,mime-type,application/json,
2024-02-01,Payload delivery,md5,b0123e8b832e8a1ed814c4548888f931,Malware payload (RiseProStealer)
2024-02-01,Payload delivery,sha256,28e381611639d61b9aad7415e466f90921c20dfbf64992d29be5c17380f90fee,Malware payload (RiseProStealer)
2024-02-01,Payload delivery,tlsh,t1b04533b65a7f46d5d23ab7b1a9c804fab7c82cd924404b553e4f06c11df8a8cb39fa,
2024-02-01,Payload delivery,imphash,5ab723dc8d5af21b79dc301ed6a56a64,
2024-02-01,Payload delivery,ssdeep,24576:Vih/aQapbjG1P2q8tV+l8GQtaMcTuVpC0wQ0z+8ad5Do96Nojr:0h/aQapHhOp7Utl0G5DiTv,
2024-02-01,Other,size-in-bytes,1195520,
2024-02-01,Payload delivery,mime-type,application/x-dosexec,
2024-02-01,Payload delivery,md5,475dc368669f4041b55fa57ea263726a,Malware payload
2024-02-01,Payload delivery,sha256,44ba8bf8f7d968fef7eda51ee21a21577be6f1c80de63a4b855a9735585b1cd0,Malware payload
2024-02-01,Payload delivery,tlsh,t11fb533fa1ef732e6c00313b2b4a5586d68075f6b9682242e6648f3411ffd03daa65f,
2024-02-01,Payload delivery,imphash,baa93d47220682c04d92f7797d9224ce,
2024-02-01,Payload delivery,ssdeep,49152:NRVtUgNxuCY3Ou+Tgh9JmQzwsPxt1bYY1sFfm5P:NLXzRrgh+Qzwcbb16m,
2024-02-01,Other,size-in-bytes,2363392,
2024-02-01,Payload delivery,mime-type,application/x-dosexec,
2024-02-01,Payload delivery,md5,0b906654d5cd62b6d45a751704dede82,Malware payload
2024-02-01,Payload delivery,sha256,2ac0aa1c0e0a5ef3956460559b01072bbcd9840938459f47d92072743d60a016,Malware payload
2024-02-01,Payload delivery,tlsh,t127928f35a8a1641b403bd8f9356fa28df82194078c4749a4b11f412dcbf6e934baff,
2024-02-01,Payload delivery,ssdeep,384:OftrMf+F0e0H3nl2W6E45wse5QjuFwgzxdaqlU4:tIn0H3nlh6tOseQZgraqb,
2024-02-01,Other,size-in-bytes,19559,
2024-02-01,Payload delivery,mime-type,text/html,
2024-02-01,Payload delivery,md5,7d6ff70ff3722bd30abd5600dada0cc4,Malware payload
2024-02-01,Payload delivery,sha256,851d7bd21d4ac3928bc00cbd0d1e758491045e5507c42445b97202a5c1861c2e,Malware payload
2024-02-01,Payload delivery,tlsh,t1ab9185e771155eb8c51f89ea569938cecabd011390346c1ce59a4b4b88fe1b52323d,
2024-02-01,Payload delivery,ssdeep,96:XGL9k0yan4wgaBSQcsTN9+BMOy0G1vRctHsz9UAeG7KPEVXr:D0049rVGml2PG,
2024-02-01,Other,size-in-bytes,4529,
2024-02-01,Payload delivery,mime-type,application/json,
2024-02-01,Payload delivery,md5,1b2f7c5d506970abba4e862bb4fb378e,Malware payload
2024-02-01,Payload delivery,sha256,fd555a2e26809b1e871a45536eb71795cadae19d195546a3203aa85537a9c776,Malware payload
2024-02-01,Payload delivery,tlsh,t1aa532915b387a324c56506fc80e3a42003f6a76b2673d74e3e9022c55e26ff5da677,
2024-02-01,Payload delivery,imphash,f34d5f2d4577ed6d9ceec516c1f5a744,
2024-02-01,Payload delivery,ssdeep,1536:KK4sG8Px0or8P9XBhTCkZq0r5mYv8TB9U:MH8PH8ppZl57F,
2024-02-01,Other,size-in-bytes,64000,
2024-02-01,Payload delivery,mime-type,application/x-dosexec,
2024-02-01,Payload delivery,md5,0a449309e1837f87c5464c001a5b6024,Malware payload
2024-02-01,Payload delivery,sha256,26fec4a18489eac0359090c8eeeb2150c7e93eb8fa74e3d1c5e09cc07efe966b,Malware payload
2024-02-01,Payload delivery,tlsh,t1cca175ab31550cbcc52983da94e53b8b97bc00635494ec24a4ac9f5892ff9f14376d,
2024-02-01,Payload delivery,ssdeep,48:Yxg3SPhJSPdqKkY7EbnlUQl2sRifk/n0+aWCDF4w0biYtXnQbZ2Hp9WjyUxG1vC6:QOXkTa1uAbZ49bMG1vCb8vbJA3lwT,
2024-02-01,Other,size-in-bytes,5015,
2024-02-01,Payload delivery,mime-type,application/json,
2024-02-01,Payload delivery,md5,f308694f0c8b53097d6d3055f36afc2c,Malware payload
2024-02-01,Payload delivery,sha256,73eee5f35a442a5cac88db1ee7f18ac18026a7c695b8923df2dfa4b693ab53ef,Malware payload
2024-02-01,Payload delivery,tlsh,t18e91b7b716284cbc8a2487d7a5943bd756bf4167e094ad68b9a88f0ce0fe1f10136b,
2024-02-01,Payload delivery,ssdeep,96:YAvwlHkvQISnya0o9HT2FJ1vltPBix6HnSnE:YAvTXo9z2FBigqE,
2024-02-01,Other,size-in-bytes,4339,
2024-02-01,Payload delivery,mime-type,application/json,
2024-02-01,Payload delivery,md5,3346917d0c0d0ffcbb7cbe63a37a45b7,Malware payload
2024-02-01,Payload delivery,sha256,c0a15e9b2b2148d6c8bec70e681412e6a18f5c44f3767f4bb74434874a83098b,Malware payload
2024-02-01,Payload delivery,tlsh,t113a1b4ab15295c7ccb14c7c295c93a9797ed015353a8ac18fdec6f0c82ff4b142659,
2024-02-01,Payload delivery,ssdeep,48:Yxg3SPhJSPdqKkY7EbnlUQl21Phpk6nYK+z1DF4w0dM0tXnT2up9WSFo8ZUfi1vp:QObkB5KDz9vLEi1vYYYQuUP,
2024-02-01,Other,size-in-bytes,4874,
2024-02-01,Payload delivery,mime-type,application/json,
2024-02-01,Payload delivery,md5,ed66d160ca92abfface7ef140b592419,Malware payload
2024-02-01,Payload delivery,sha256,1c081cd833f26b1da86980695d07cab6837952562df4f45a5eb1ba6181c79ebc,Malware payload
2024-02-01,Payload delivery,tlsh,t1879176aa27085dbcca54a6e3d5403ad7876e0493b194dd2ce8fd9f0ce1ef1f002759,
2024-02-01,Payload delivery,ssdeep,48:YxY6wTdlpkofn16Ru+FkDFU0NhtXeV2Qp9We6T2UHs1vibvKqRteU3wxioLWlVJX:bpkocRtG9U/9K2Ss1veiHLuV7x,
2024-02-01,Other,size-in-bytes,4274,
2024-02-01,Payload delivery,mime-type,application/json,
2024-02-01,Payload delivery,md5,4c1b43dcfc00c85163e6fd8a729ce867,Malware payload
2024-02-01,Payload delivery,sha256,66525f6b466296fa2ecf75099a020f37904023016f8a4365a172f96235fbf779,Malware payload
2024-02-01,Payload delivery,tlsh,t1f991772562580cbd8728869fe4443af35bfe05935194ac28c4be9f5cb0ff6f111769,
2024-02-01,Payload delivery,ssdeep,96:zOzOg+km7O8ZlOFKiwTH9DnT71vfihHxisoZ528q4+:4PHKT9TTx+RJoD28q3,
2024-02-01,Other,size-in-bytes,4262,
2024-02-01,Payload delivery,mime-type,application/json,
2024-02-01,Payload delivery,md5,f9e1cdf3be2c627ef1502f0a4c492e8b,Malware payload
2024-02-01,Payload delivery,sha256,24cf18b314d04f0d47871e4d3858c26e76b68449e9f83f16cb8f2faa287361cf,Malware payload
2024-02-01,Payload delivery,tlsh,t1e491439a26095dbdcb9496d3d8843fd7876e1053e094ed28e4fddb08a1ef1f102b6a,
2024-02-01,Payload delivery,ssdeep,48:YxY6wAPdlpkofn16Ru+FvDF4w0NhtXpk2Kp9Wo6sUHs1vFbvKzRteU3wxioorbZ/:wXpkocRtxYyH97Ss1vdTHWiL8x,
2024-02-01,Other,size-in-bytes,4403,
2024-02-01,Payload delivery,mime-type,application/json,
2024-02-01,Payload delivery,md5,7239207595d4c0ad31bc5cf9f84b1b6b,Malware payload (Socks5Systemz)
2024-02-01,Payload delivery,sha256,2067cef6a68670a1f75fb7b8f67741428d293aef4385260136c51277161fb7a3,Malware payload (Socks5Systemz)
2024-02-01,Payload delivery,tlsh,t1df763351aba205b8fd45cd384ee2447af6e777c149fd4114b2d9f82cbb30a86790f4,
2024-02-01,Payload delivery,imphash,884310b1928934402ea6fec1dbd3cf5e,
2024-02-01,Payload delivery,ssdeep,196608:bxygnAGypuBU5bdSEzBy+Paucw6sm7nRb2UV5VKFXC6spKOP6dfcpIiX:bxLAJkB2hSEdyoKw6lZ2lFSTK1pcSq,
2024-02-01,Other,size-in-bytes,7505305,
2024-02-01,Payload delivery,mime-type,application/x-dosexec,
2024-02-01,Payload delivery,md5,193110987ca26a3240c290181102664b,Malware payload
2024-02-01,Payload delivery,sha256,ad8723cc93ccf4b67e1e5ea3157d458da7f1cf136fe6181c70a91e2c9140dbd1,Malware payload
2024-02-01,Payload delivery,tlsh,t110a173ab61681cbcc61487d299d93e8797ed0053a2d8ac18bded5f0c92ff4b103659,
2024-02-01,Payload delivery,ssdeep,48:Yxg3SPhJSPdqKkY7EbnlUQl2Qehpk6nYK+z9SPmDF4w0dM0tXDSPGo2up9WvseNP:QOSOkBIeKezz9EEEi1vZhYcYSCvdP,
2024-02-01,Other,size-in-bytes,4950,
2024-02-01,Payload delivery,mime-type,application/json,
2024-02-01,Payload delivery,md5,579ceda2d4d0bb5d72952e526fc651cd,Malware payload
2024-02-01,Payload delivery,sha256,06561e088c10d13b2e2a353497d739bfcedc6868b5ce2cd15083a07724a17b2d,Malware payload
2024-02-01,Payload delivery,tlsh,t1dd531a0977c79321ca6526b580e3e81407f6eb4766b3da8e3d8923c54f137d2de827,
2024-02-01,Payload delivery,imphash,f34d5f2d4577ed6d9ceec516c1f5a744,
2024-02-01,Payload delivery,ssdeep,1536:2TKdMYI2+02TldKBaIGfsieJmRXbq7rrXERW3z7fTR:hMYtcTWkIGHh9+frURWj7fd,
2024-02-01,Other,size-in-bytes,63488,
2024-02-01,Payload delivery,mime-type,application/x-dosexec,
2024-02-01,Payload delivery,md5,98f264fd7915251521e50ff786719dfc,Malware payload
2024-02-01,Payload delivery,sha256,d12412ac2f38052014836ccc4ba03f1c5e28fb568db5f428f0a78a6e96f006af,Malware payload
2024-02-01,Payload delivery,tlsh,t119763370b8e51671c4dbb9b33830d62b3eba175829389740bc945975ff96388bbc47,
2024-02-01,Payload delivery,imphash,884310b1928934402ea6fec1dbd3cf5e,
2024-02-01,Payload delivery,ssdeep,196608:FjXqaSh7T5l2hSZQFCL6yvJzIcFmJ8Bz9UgGnl7CziX:kaSRT5MrU6yVIKD5GOq,
2024-02-01,Other,size-in-bytes,7706181,
2024-02-01,Payload delivery,mime-type,application/x-dosexec,
2024-02-01,Payload delivery,md5,80f2e246e481874c2d61dd48c27fc16c,Malware payload
2024-02-01,Payload delivery,sha256,f75eb0d709ee3d1fc3008a4acef9eac0d795cbcc3dd3f1223453a00d45a5f551,Malware payload
2024-02-01,Payload delivery,tlsh,t123a1b5ab31550cbc86248beb94e53e8b47ad0163a1d4ed18f4ad4f4c85ff8f6037a9,
2024-02-01,Payload delivery,ssdeep,48:Yxg3SPhJSPdqKkY7EbnlUQl2tRifk/n0+aW/bDF4w0biYtX8rG2xp9WoKsYUxG1X:QO8kTakuNe9yMG1vbDAIQOz5,
2024-02-01,Other,size-in-bytes,4963,
2024-02-01,Payload delivery,mime-type,application/json,
2024-02-01,Payload delivery,md5,f56e3999fb93aaca1b52a0fe90c37e9a,Malware payload
2024-02-01,Payload delivery,sha256,3d41a61b3cc234192bd54a7d61b0f4466fcdcf3cd327cb29e0fdd80b15951a45,Malware payload
2024-02-01,Payload delivery,tlsh,t1b8a1badb25695cbcc724c7d655ca3e8397ec005362a4ad14ecbc5f0c81fe4b1027aa,
2024-02-01,Payload delivery,ssdeep,48:Yxg3SPhJSPdqKkY7EbnlUQl2Bhpk6nYK+zMlFDF4w0dM0tXqlNjT2up9WMTv0mUF:QOjkB6KoTz9DEi1vgQYnUzGP,
2024-02-01,Other,size-in-bytes,4850,
2024-02-01,Payload delivery,mime-type,application/json,
2024-02-01,Payload delivery,md5,60136e11be49b557e0adcc384ee8e704,Malware payload
2024-02-01,Payload delivery,sha256,146c66b50d4c3f9f061cb375badb885a177d9f363251b3686c9ee5b1e66d1ecf,Malware payload
2024-02-01,Payload delivery,tlsh,t11b91437122080d7ec63486d6b4597ad367be0257a0d4ec2ca8bd4f0ca6ef1f215b6a,
2024-02-01,Payload delivery,ssdeep,96:DdbZknCs+w/05TH9I681vdEHAbpZcSCtO:5b21R0B9I6KEgbp+SCtO,
2024-02-01,Other,size-in-bytes,4248,
2024-02-01,Payload delivery,mime-type,application/json,
2024-02-01,Payload delivery,md5,2a33c14ec905366bf973a57a5af0fd34,Malware payload
2024-02-01,Payload delivery,sha256,105537dd0253bdfb0a99635cab18438309a6c739d667b5e15da7e81488ce5bc8,Malware payload
2024-02-01,Payload delivery,tlsh,t11391536629385d7cc65885ca84fc3d4f567e005bf1609c14a6dd8e0ae2ff1f283a65,
2024-02-01,Payload delivery,ssdeep,96:ey/rkYOhDH5R0DWfrfT594ds1Y7g1vUreHTMsgiFEELQJeR:ey/QThr5RIWfrt94ds1Y7FrezMsgiFEI,
2024-02-01,Other,size-in-bytes,4614,
2024-02-01,Payload delivery,mime-type,application/json,
2024-02-01,Payload delivery,md5,df7431ca929fa1b50704b7856921d574,Malware payload (DCRat)
2024-02-01,Payload delivery,sha256,ae642a285641c3550b613576cba415cf264ce141bdca009138606bbc19fd02b2,Malware payload (DCRat)
2024-02-01,Payload delivery,tlsh,t1d8a63398b1a050f9d87e553ecdb2c427dab178691b60e2c39fac8ea32f175d46d397,
2024-02-01,Payload delivery,imphash,bae3d3e8262d7ce7e9ee69cc1b630d3a,
2024-02-01,Payload delivery,ssdeep,196608:BmrIbstjT3o8aFmsnLvyzQFlAxbAQrtwq+ZkiKDI5SErx0vJjK1:zq3haFm0yzDxraq+ZkFnsx0xje,
2024-02-01,Other,size-in-bytes,9910178,
2024-02-01,Payload delivery,mime-type,application/x-dosexec,
2024-02-01,Payload delivery,md5,3c2cba1d2ec36621964dd757126b7809,Malware payload
2024-02-01,Payload delivery,sha256,4cfd2d8e0fd6acbfa54db254f2de46313f283f8c24389a25ead74eb40e1d57d0,Malware payload
2024-02-01,Payload delivery,tlsh,t176b533c3ca73531cf46b13bee1034a21966f9e2b95d9577c018af2458bbd63680dce,
2024-02-01,Payload delivery,imphash,baa93d47220682c04d92f7797d9224ce,
2024-02-01,Payload delivery,ssdeep,49152:DGRSgF0UKni9wkTKCzlCC9c0KLgl54vPvf0Sb3+/H:DGRRF0TDyJzB9cVLc4UE3+/H,
2024-02-01,Other,size-in-bytes,2286592,
2024-02-01,Payload delivery,mime-type,application/x-dosexec,
2024-02-01,Payload delivery,md5,fe0a21992654393e9e3760103400440d,Malware payload
2024-02-01,Payload delivery,sha256,8ec88b7c9272f8ec8804e547eb92f0078f53e875b4ccdb3bcc895dbbe511f5ea,Malware payload
2024-02-01,Payload delivery,tlsh,t15d9196aa26095dbcca5497d7e4503ad7c76e0093b198dd2cd5fc9f08e1ef1f04276a,
2024-02-01,Payload delivery,ssdeep,48:YxY6wVdlpkofn16Ru+FzvDFU0NhtXN3rm/2xp9WhHp6Y2UHs1vhmObvK3moRteU9:VpkocRtp9hEA9Sr2Ss1vhPMeHL6vEMx,
2024-02-01,Other,size-in-bytes,4284,
2024-02-01,Payload delivery,mime-type,application/json,
2024-02-01,Payload delivery,md5,b7c7e4331ca1034917d7d5465da9ef01,Malware payload (RiseProStealer)
2024-02-01,Payload delivery,sha256,fd8b400c17b7d91cdf3c672ee37b6ec70ec4af6dbb12fa32a36d8bcaa928d2f1,Malware payload (RiseProStealer)
2024-02-01,Payload delivery,tlsh,t1424533b8ba498591f32ba67210d426cc51bc7b5d66557533c22f0b231f29cec136ba,
2024-02-01,Payload delivery,imphash,5ab723dc8d5af21b79dc301ed6a56a64,
2024-02-01,Payload delivery,ssdeep,24576:ylaELbteoygTICQy5zoOlhjM7eSlUq3wQiiyIakELJcdZ3v0lHl78Mk:ijLb3TIHOlhg7B68lXL8AZcHWJ,
2024-02-01,Other,size-in-bytes,1195520,
2024-02-01,Payload delivery,mime-type,application/x-dosexec,
2024-02-01,Payload delivery,md5,a13eec398e67940db7508b9337e82d72,Malware payload (BumbleBee)
2024-02-01,Payload delivery,sha256,e2f6666c3a6351df1177ff279ba04f66fd95b83d75e03836b8c373ea5f5b7adc,Malware payload (BumbleBee)
2024-02-01,Payload delivery,tlsh,t1ac45e111e6921ff8d4b651b681ab2a2fb7743e180324d377abc0d2377d933a45b1a7,
2024-02-01,Payload delivery,imphash,47e01530ad43ec939d1c47709a80a5c6,
2024-02-01,Payload delivery,ssdeep,24576:bDuxKmI0rJwMcB7T/HEbLtg25N9n9usMlBk1aIurzG+lbGzZrxGNV6IOfTEY:x1dTvEHtr5N94Zpu9wXmEY,
2024-02-01,Other,size-in-bytes,1222663,
2024-02-01,Payload delivery,mime-type,application/x-dosexec,
2024-02-01,Payload delivery,md5,e8fdfbc302fe0b6bcf10679ff94a0f19,Malware payload (RiseProStealer)
2024-02-01,Payload delivery,sha256,29d52c8d367a5da1ce4f1d5a1e7e21b272acb34b3be99993188f989ec693938e,Malware payload (RiseProStealer)
2024-02-01,Payload delivery,tlsh,t1d94533aa0f1e1f20c99117fa22c695946db93da34e1d6a16673f2e9b4c304dc138bf,
2024-02-01,Payload delivery,imphash,5ab723dc8d5af21b79dc301ed6a56a64,
2024-02-01,Payload delivery,ssdeep,24576:zgAQNbL1yX9Eo/6F7FZBwQZBaWnBCq1A5lZJPHHTe:zsbWl/6vlZBaWnt1A5lZRn6,
2024-02-01,Other,size-in-bytes,1195008,
2024-02-01,Payload delivery,mime-type,application/x-dosexec,
2024-02-01,Payload delivery,md5,64f67124f6f8a30580c4ffcbedf1439c,Malware payload
2024-02-01,Payload delivery,sha256,2c8f6064452f026a091cba62c09e40b9f01a2072c593d8e50dee5689740b5106,Malware payload
2024-02-01,Payload delivery,tlsh,t17ca1a6eb15681cbc871487c255d93a8787ec0103a2a8bc18fded5f0c82ff5b603669,
2024-02-01,Payload delivery,ssdeep,48:Yxg3SPhJSPdqKkY7EbnlUQl2Lhpk6nYK+zebDF4w0dM0tX8r82bp9WG9sYUfi1vA:QOxkBAKpg9nEi1v1/YYERP,
2024-02-01,Other,size-in-bytes,4971,
2024-02-01,Payload delivery,mime-type,application/json,
2024-02-01,Payload delivery,md5,509890795b3be214dbec9a9599d6ac09,Malware payload
2024-02-01,Payload delivery,sha256,5098a6dcaafbfd4e1fd8e5695bbb100134981382b16c8c0b32475d810f224e2d,Malware payload
2024-02-01,Payload delivery,tlsh,t1989172ebb1155eb9c61f85ea56a939cfcabd001390305c1ce5ae4b0b98fe1b51323d,
2024-02-01,Payload delivery,ssdeep,96:XGq9k0yan4wgaBSQcsTN9+BMOy0G1vRctHsz9UAeGZgR3VXr:y0049rVGmlORF,
2024-02-01,Other,size-in-bytes,4529,
2024-02-01,Payload delivery,mime-type,application/json,
2024-02-01,Payload delivery,md5,7d0e571d2b99b2b3ef0d247c7763cf96,Malware payload
2024-02-01,Payload delivery,sha256,d8f1a0a3ddf57e5aef1b01a0a9a5a90cc18b09ee8b19b5121cf31646c906055c,Malware payload
2024-02-01,Payload delivery,tlsh,t1d6a1b69b35654cbcc624c7eb94e23e8b53ad0073a1d4ed14e8ac5f5894ee8f1037ea,
2024-02-01,Payload delivery,ssdeep,48:Yxg3SPhJSPdqKkY7EbnlUQl2YRifk/n0+aWblFDF4w0biYtXqlNBT2Hp9Wt0mUx/:QOTkTaGuIT49YMG1veKAR9AlO,
2024-02-01,Other,size-in-bytes,4842,
2024-02-01,Payload delivery,mime-type,application/json,
2024-02-01,Payload delivery,md5,cf73b93b34b79cf2a52bb183a76f76d8,Malware payload (Amadey)
2024-02-01,Payload delivery,sha256,257536d9740de92cd74c1bb28a474c6b4aaabdfb4d950cdfd07a700dc02e14a3,Malware payload (Amadey)
2024-02-01,Payload delivery,tlsh,t1710533f699431355c910adb12dd7029c9bbd7aecb1e87c14442f86b24f6518eeb0bb,
2024-02-01,Payload delivery,imphash,7515ecf8c0dfa4d230ad835fe0acb57f,
2024-02-01,Payload delivery,ssdeep,24576:d/u/40nYwQOiyIakELBhG0MX00aC3r0H:Iw0nYlLL8WXYo0H,
2024-02-01,Other,size-in-bytes,810496,
2024-02-01,Payload delivery,mime-type,application/x-dosexec,
2024-02-01,Payload delivery,md5,2a5802c1c15157b6c48e403ba0cd9b31,Malware payload
2024-02-01,Payload delivery,sha256,21c10d5d0f49ca9d0199e599c3e35976754f7c471f2809784562c5e17b36abf4,Malware payload
2024-02-01,Payload delivery,tlsh,t1d8917426261c0cbdc7398a93905c76d76bae027790d4fd2888bd9f0ca5ff2b141769,
2024-02-01,Payload delivery,ssdeep,96:jjVekxq8pVFawTH9o2nTv71vzhHtsIZhSv7R+:jjVvguFaA9o2nbdhNsIrSv7R+,
2024-02-01,Other,size-in-bytes,4225,
2024-02-01,Payload delivery,mime-type,application/json,
2024-02-01,Payload delivery,md5,ade3892db41eb60f182298b432f45af8,Malware payload
2024-02-01,Payload delivery,sha256,4f1861e1b24f848eb8215b12ac00f24d5d4b5d4a6df3595a58f61d9c371d2027,Malware payload
2024-02-01,Payload delivery,tlsh,t14391c5b71a2c4cadca2487d395503b9356af4167e084ae68b9f98f08e0fe1f50137a,
2024-02-01,Payload delivery,ssdeep,48:Yx5AvwlYYwfqKbsJkmnh+0DFU0omOtXxR23p9WtY2UKJ1vybaKqRrC3wxioiz4wt:YAvwlsQkv0S7U9/2FJ1vu8iz4u8E,
2024-02-01,Other,size-in-bytes,4323,
2024-02-01,Payload delivery,mime-type,application/json,
2024-02-01,Payload delivery,md5,9092d7cecdbcabce33bcf4396545e040,Malware payload
2024-02-01,Payload delivery,sha256,bd17941ebc37bdb29bb6f130d1eb2cb2efd88346405ec2a077a2fac44f36f0ab,Malware payload
2024-02-01,Payload delivery,tlsh,t179a1959b31550cbc851887eb98e13e8b97bd00a7a084ac18b8ed5f4ca5fe4e103759,
2024-02-01,Payload delivery,ssdeep,48:Yxg3SPhJSPdqKkY7EbnlUQl2nJRifk/n0+aWKSPmDF4w0biYtXDSPGq2Hp9Wcsew:QOVWkTaUeuef49VEMG1vHRA/Wlt,
2024-02-01,Other,size-in-bytes,4922,
2024-02-01,Payload delivery,mime-type,application/json,
2024-02-01,Payload delivery,md5,1c4f108352fcf45f9b3d23c464dff9fd,Malware payload (BumbleBee)
2024-02-01,Payload delivery,sha256,0868da86becdc2a6648da3b7e077a4a857653f1f66b878ed910fa293f5395363,Malware payload (BumbleBee)
2024-02-01,Payload delivery,tlsh,t18745e011e6921ff4d466927680ab252fb7303e1c4725d3b7abc0c2377d927e46b1ab,
2024-02-01,Payload delivery,imphash,47e01530ad43ec939d1c47709a80a5c6,
2024-02-01,Payload delivery,ssdeep,24576:Lp2qJU4iIuB2cMh1Mgc17V/sCaGhRwQasBxUy0G4ITvVtQOZz0r/aahQIStkl:JmyD8R8QqKbQ8AmvKl,
2024-02-01,Other,size-in-bytes,1225224,
2024-02-01,Payload delivery,mime-type,application/x-dosexec,
2024-02-01,Payload delivery,md5,5760085ffae53424c9b248773553b9a8,Malware payload (AgentTesla)
2024-02-01,Payload delivery,sha256,3fd2c43afc9664c9ad20d4945411ccdf7f601433ebef469ab8e262290aeb39bc,Malware payload (AgentTesla)
2024-02-01,Payload delivery,tlsh,t199a4229cabecc209d6f13f75fe3b13a08b5ade964693ff4d1814278d1842b554ca62,
2024-02-01,Payload delivery,imphash,f34d5f2d4577ed6d9ceec516c1f5a744,
2024-02-01,Payload delivery,ssdeep,6144:bWTBciK3As8pEPe/bZtf+KzFkOLA8kTXeHZG5fE5C0Z16Rbpm1PeQkM00vH4gua:Sw/Q/f+KpN08MuHZksQ0ORbuDJYg,
2024-02-01,Other,size-in-bytes,454144,
2024-02-01,Payload delivery,mime-type,application/x-dosexec,
2024-02-01,Payload delivery,md5,a0585f914b61538a8713d390ac507e4e,Malware payload
2024-02-01,Payload delivery,sha256,310f8005a1891c2f8b0d149675e322a0d703f74197f76276253c86d2623c769b,Malware payload
2024-02-01,Payload delivery,tlsh,t10ba184eb65291cbcca1587c690d93b8797fc011352a4ec24a8ac5b0c93ff87143669,
2024-02-01,Payload delivery,ssdeep,48:Yxg3SPhJSPdqKkY7EbnlUQl2QKhpk6nYK+z1DF4w0dM0tXnGbZ2up9WSgyUfi1vo:QOvkBhKWbZz9BEi1vUb8pbbYmuBP,
2024-02-01,Other,size-in-bytes,5023,
2024-02-01,Payload delivery,mime-type,application/json,
2024-02-01,Payload delivery,md5,40e9de59436a7f6058b0f02ec6c9e327,Malware payload
2024-02-01,Payload delivery,sha256,73b643189379410413a761c663addcdcec0babc257ed245a3694ebc409ba34b7,Malware payload
2024-02-01,Payload delivery,tlsh,t1a2a1889716685cbccf14c7d654da3a9b87ed0013a2a8ac24eded5f0c91ff8b50266d,
2024-02-01,Payload delivery,ssdeep,48:Yxg3SPhJSPdqKkY7EbnlUQl2yohpk6nYK+zobgDF4w0dM0tXcg/i2up9WXibUfio:QOsskBtKCz93Ei1vnfY266mFP,
2024-02-01,Other,size-in-bytes,4788,
2024-02-01,Payload delivery,mime-type,application/json,
2024-02-01,Payload delivery,md5,6e7f5e234dad203f3e082ee2d8e6927d,Malware payload
2024-02-01,Payload delivery,sha256,c80c6fb5e6c5f41d286d0354de36cac15f2ca3e8e1f41dd695ae40f4aeac4c07,Malware payload
2024-02-01,Payload delivery,tlsh,t13d159e0273d1c062ffab92334b5af6515bbc69260123e61f13981db9be701b1563e7,
2024-02-01,Payload delivery,imphash,948cc502fe9226992dce9417f952fce3,
2024-02-01,Payload delivery,ssdeep,12288:dqDEvFo+yo4DdbbMWu/jrQu4M9lBAlKhQcDGB3cuBNGE6iOrpfe4JdaDga0TM:dqDEvCTbMWu7rQYlBQcBiT6rprG8aUM,
2024-02-01,Other,size-in-bytes,918528,
2024-02-01,Payload delivery,mime-type,application/x-dosexec,
2024-02-01,Payload delivery,md5,9fe2bbf1e07d144f0a5244f74b3ee048,Malware payload
2024-02-01,Payload delivery,sha256,d09f852f9c4e8139fae0110dc349bf84d1bbe5ba78ab10b71b792a6dcdb0491e,Malware payload
2024-02-01,Payload delivery,tlsh,t1dca1a7ab31664cbc862487ea98e13e8b57ac00b3a194dc14b9ed5f4c91fe8f143769,
2024-02-01,Payload delivery,ssdeep,48:Yxg3SPhJSPdqKkY7EbnlUQl2cGRifk/n0+aW0DF4w0biYtXnR2Hp9WO8ZUxG1v+b:QOOzkTa1uh49AMG1vSmAjB/ygtj,
2024-02-01,Other,size-in-bytes,4856,
2024-02-01,Payload delivery,mime-type,application/json,
2024-02-01,Payload delivery,md5,3e685fc818c67f96399ab315c7a830e0,Malware payload
2024-02-01,Payload delivery,sha256,392d65aa4331dab44c8c6c7645f94bbb2a7ad236d35ca37c352eba59a68530af,Malware payload
2024-02-01,Payload delivery,tlsh,t1809198b7162c4cbc8a2487d7a5a43bd7967f4167e084ad68b9b88f0ce0fe1f11136a,
2024-02-01,Payload delivery,ssdeep,96:YAvwlhkvQISnya0o9HT2FJ1vltPBiAbSHunE:YAvtXo9z2FBi+SHmE,
2024-02-01,Other,size-in-bytes,4339,
2024-02-01,Payload delivery,mime-type,application/json,
2024-02-01,Payload delivery,md5,79a78350ba71bbb9c59036974f0af82f,Malware payload
2024-02-01,Payload delivery,sha256,d8a3439f7927da25afbb6bdaa8549ea602fde2dce2e9092e00cff0c78afd6378,Malware payload
2024-02-01,Payload delivery,tlsh,t1c541dd7ccf29f8e0033db0a088492e2620949e57d6f58e24d9574ee62d7c34acf1b1,
2024-02-01,Payload delivery,ssdeep,48:LGfEFWuJqs9HZNjd+SfprcKyK0hE6S1FtfsC5P3RX5ZWiaoIhSNtj:LGfEFW87jd+Sfpbaq6S1FtfsC5P39EfG,
2024-02-01,Other,size-in-bytes,2219,
2024-02-01,Payload delivery,mime-type,text/plain,
2024-02-01,Payload delivery,md5,21590c449568c527c449bcd08e4467a6,Malware payload
2024-02-01,Payload delivery,sha256,c4006191f3d6f09027a1986065a684eaabca075d4077399513a1e1ba3e9e4be8,Malware payload
2024-02-01,Payload delivery,tlsh,t10fa1a5ab11395cbccb24c7c695c93a8397ed015363a8ac18fdad6f0c92ff8b142659,
2024-02-01,Payload delivery,ssdeep,48:Yxg3SPhJSPdqKkY7EbnlUQl2jGhpk6nYK+z1DF4w0dM0tXnT2up9WSFo8ZUfi1vd:QO52kB5KDz9vLEi1vYYYDaDjP,
2024-02-01,Other,size-in-bytes,4874,
2024-02-01,Payload delivery,mime-type,application/json,
2024-02-01,Payload delivery,md5,5df07b58a990adf3f6c82c79cf096f52,Malware payload
2024-02-01,Payload delivery,sha256,effd44b51ed2632bf415f17fee4815b0248d6fb627620410c3a8671330b7d60d,Malware payload
2024-02-01,Payload delivery,tlsh,t14fb533d7de7d5282e14b27b97a1f82035257bcdb526812a92df8fb52e33c5360923e,
2024-02-01,Payload delivery,imphash,baa93d47220682c04d92f7797d9224ce,
2024-02-01,Payload delivery,ssdeep,49152:1vMYL+8fvmyQ6PHX6s8wQcwEpfgyBL58kiI2rJdhyADne7r:1vdL+8fOUPIwQcwigKOLVyAin,
2024-02-01,Other,size-in-bytes,2380288,
2024-02-01,Payload delivery,mime-type,application/x-dosexec,
2024-02-01,Payload delivery,md5,0cf3d16c07dbc2e1daf71bc97dade017,Malware payload
2024-02-01,Payload delivery,sha256,87c771d1267075e21245f9f6d8d95460eaeef7750cbf6949cfff5226d94b17c4,Malware payload
2024-02-01,Payload delivery,tlsh,t123a1969b11641cbcc7148bc395d93a8787ed0113a2e8ad14fcad5f0c82ff8a603669,
2024-02-01,Payload delivery,ssdeep,48:Yxg3SPhJSPdqKkY7EbnlUQl2khpk6nYK+zebDF4w0dM0tX8r82bp9WG9sYUfi1vW:QO2kBAKpg9nEi1v1/Yz0X4P,
2024-02-01,Other,size-in-bytes,4981,
2024-02-01,Payload delivery,mime-type,application/json,
2024-02-01,Payload delivery,md5,095214a1c97c867f2d6ae251ae666b35,Malware payload
2024-02-01,Payload delivery,sha256,cdc7cbd920099a5c0165880b7a3d57ee78055bc6ad2e4c7a8926f1e53607b880,Malware payload
2024-02-01,Payload delivery,tlsh,t1cea1945732554cbc8b2487ea54e23e9f43ad00b7a4949c24a9ed5f4c91ff8f10276d,
2024-02-01,Payload delivery,ssdeep,48:Yxg3SPhJSPdqKkY7EbnlUQl2T4Rifk/n0+aWHbgDF4w0biYtXcgFi2Hp9WoibUxh:QOZVkTaRug49KMG1v5vAvcJlQ,
2024-02-01,Other,size-in-bytes,4770,
2024-02-01,Payload delivery,mime-type,application/json,
2024-02-01,Payload delivery,md5,3399a61eec91a87b847539c92efd25f1,Malware payload
2024-02-01,Payload delivery,sha256,209ca357345d9d363c24ad525ff058c714332879485899b35c2e1b3a99f6e2c0,Malware payload
2024-02-01,Payload delivery,tlsh,t18f91752561141dbd8728869be4443bf35bee05a391d4ec28c4be9f5ca0ff6f111769,
2024-02-01,Payload delivery,ssdeep,96:zOzOE+km7O8ZlOFKiwTH9DnT71vfihHxisoZ5nSd4+:8PHKT9TTx+RJoDnSd3,
2024-02-01,Other,size-in-bytes,4262,
2024-02-01,Payload delivery,mime-type,application/json,
2024-02-01,Payload delivery,md5,6ee582a6cfb0a6cc6c50bb365212d983,Malware payload
2024-02-01,Payload delivery,sha256,3eff114b19d786d2cda5386c0d532d6446f7a75c8b1de5b517019f283f02c003,Malware payload
2024-02-01,Payload delivery,tlsh,t17ea1a4ab15795c7ccb10cbc699c93a8797ed0153a3a8ac14bced6f0c82ef4b142659,
2024-02-01,Payload delivery,ssdeep,48:Yxg3SPhJSPdqKkY7EbnlUQl2Phpk6nYK+z1DF4w0dM0tXnT2up9WSFo8ZUfi1vA2:QONkB5KDz9vLEi1vYYYIJ5P,
2024-02-01,Other,size-in-bytes,4874,
2024-02-01,Payload delivery,mime-type,application/json,
2024-02-01,Payload delivery,md5,bf829c183a5086c2ac665702e2a6614b,Malware payload
2024-02-01,Payload delivery,sha256,6d83be1c58d0ffe3487ea36fc69feb5e24ff130afbf39a2123d15768b2bac46a,Malware payload
2024-02-01,Payload delivery,tlsh,t1bea1b7ab25795cbcc724c7d695d63e8357ed001363a8ac14ecac5f0c81ff871026aa,
2024-02-01,Payload delivery,ssdeep,48:Yxg3SPhJSPdqKkY7EbnlUQl27hpk6nYK+zMlFDF4w0dM0tXqlNjT2up9WMTv0mUR:QOVkB6KoTz9DEi1vgQY+J38P,
2024-02-01,Other,size-in-bytes,4850,
2024-02-01,Payload delivery,mime-type,application/json,
2024-02-01,Payload delivery,md5,f9d6cda91e73f7dabe624003ae706d28,Malware payload
2024-02-01,Payload delivery,sha256,dd25eb4c4f86296c25190f87da53361285740b190513954bdc11c0d7fbd10c8e,Malware payload
2024-02-01,Payload delivery,tlsh,t10a41cc7ccf29f8e0033db0a088492e2620949e57d6b58e24d9574ee62d7c30acf1b1,
2024-02-01,Payload delivery,ssdeep,48:LGfEFWuJqs9HZNjd+SfprcKyK0hE6S1FtfsC5P3RX5ZWiaoIhSNtl:LGfEFW87jd+Sfpbaq6S1FtfsC5P39EfY,
2024-02-01,Other,size-in-bytes,2219,
2024-02-01,Payload delivery,mime-type,text/plain,
2024-02-01,Payload delivery,md5,050069069f65c78dde9cc173092e89b9,Malware payload
2024-02-01,Payload delivery,sha256,a7eaed1e0d2ea1f1ff2e19d7ae54d411d4eddd6eb1044d3abace48bc33cc1cdc,Malware payload
2024-02-01,Payload delivery,tlsh,t182a1949732154cbccb2487ea94e63aaf47ae1073a0949c24e8ad5f4c91ff8f10376d,
2024-02-01,Payload delivery,ssdeep,48:Yxg3SPhJSPdqKkY7EbnlUQl2ERifk/n0+aWHbgDF4w0biYtXcgFi2Hp9WoibUxGd:QO3kTaRug49KMG1v5vApHuv,
2024-02-01,Other,size-in-bytes,4780,
2024-02-01,Payload delivery,mime-type,application/json,
2024-02-01,Payload delivery,md5,6290c4dfcd9262566c382585e99ead78,Malware payload
2024-02-01,Payload delivery,sha256,d155d08b114e5bd295924a7cdb2f1e641e0c55251a94a6c37c81e808b921e88b,Malware payload
2024-02-01,Payload delivery,tlsh,t1f99186aa26095dbcc64497d3e5903ad7876e0493b198de2ce4fd9f08e1ef1f04276e,
2024-02-01,Payload delivery,ssdeep,48:YxY6w2dlpkofn16Ru+FzvDFU0NhtXN3rm/2xp9WhHp6Y2UHs1vhmObvK3moRteUH:WpkocRtp9hEA9Sr2Ss1vhPMeHLktx,
2024-02-01,Other,size-in-bytes,4274,
2024-02-01,Payload delivery,mime-type,application/json,
2024-02-01,Payload delivery,md5,7c7ac52a46e22f2c0764733459f54856,Malware payload
2024-02-01,Payload delivery,sha256,ff2540e4d2f2f8bde4d7cb81f3af111da8d8d8be687fc664065eb04f27c1a14c,Malware payload
2024-02-01,Payload delivery,tlsh,t148a1a65b31151cac852447fb98e13e8b97bd00b3a194ac28b8ec5f5c96fe4f103769,
2024-02-01,Payload delivery,ssdeep,48:Yxg3SPhJSPdqKkY7EbnlUQl2zRifk/n0+aWKSPmDF4w0biYtXDSPGq2Hp9WcseNk:QOCkTaUeuef49VEMG1vHRABKpa8t,
2024-02-01,Other,size-in-bytes,4922,
2024-02-01,Payload delivery,mime-type,application/json,
2024-02-01,Payload delivery,md5,baa2e3d37ada9ceb87041c923c93475b,Malware payload
2024-02-01,Payload delivery,sha256,c9d22f6306fa8d420bd5e9582f50d3dc7db5130eb8ecd5d269826fa4b4a6862a,Malware payload
2024-02-01,Payload delivery,tlsh,t165159e0273d1c062ffab92334b5af6515bbc69260123e61f13a81d79be701b1563e7,
2024-02-01,Payload delivery,imphash,948cc502fe9226992dce9417f952fce3,
2024-02-01,Payload delivery,ssdeep,12288:XqDEvFo+yo4DdbbMWu/jrQu4M9lBAlKhQcDGB3cuBNGE6iOrpfe4JdaDga7Tn:XqDEvCTbMWu7rQYlBQcBiT6rprG8a/n,
2024-02-01,Other,size-in-bytes,918528,
2024-02-01,Payload delivery,mime-type,application/x-dosexec,
2024-02-01,Payload delivery,md5,511198a539bdf768b794affb8dda6a6a,Malware payload
2024-02-01,Payload delivery,sha256,fe5542bf3dae0f272c7bcd0bfa10fbec03ede70737056624ad2095ffa87ecdc1,Malware payload
2024-02-01,Payload delivery,tlsh,t146a165ab31550cacc52987da94e53f8b97bd00b39494dc24a49c9f5c92ff8f1437ad,
2024-02-01,Payload delivery,ssdeep,48:Yxg3SPhJSPdqKkY7EbnlUQl2HRifk/n0+aWCDF4w0biYtXnQbZ2Hp9WjyUxG1vCQ:QO6kTa1uAbZ49bMG1vCb8vbJAx1ud,
2024-02-01,Other,size-in-bytes,5005,
2024-02-01,Payload delivery,mime-type,application/json,
2024-02-01,Payload delivery,md5,1e586cc841e3070f0b81de6e49c2ff5e,Malware payload
2024-02-01,Payload delivery,sha256,f0ba117fcb7f0c5118899b235de19dfe2be54e5e9f3d48041f85e67e4f47c3fc,Malware payload
2024-02-01,Payload delivery,tlsh,t181a1b8ab32664c7c8a2487ea94e53e8b57ad01b39194ec18b9ad5f4881fe4f103759,
2024-02-01,Payload delivery,ssdeep,48:Yxg3SPhJSPdqKkY7EbnlUQl2j/Rifk/n0+aW0DF4w0biYtXnR2Hp9WO8ZUxG1v+8:QOJMkTa1uh49AMG1vSmAjsufE,
2024-02-01,Other,size-in-bytes,4856,
2024-02-01,Payload delivery,mime-type,application/json,
2024-02-01,Payload delivery,md5,ee401f6072ce606af192ddae2def4d73,Malware payload
2024-02-01,Payload delivery,sha256,02730500cf81cd740070b9bf5bfed5f09bb88ab1d416721511205b5754cadb99,Malware payload
2024-02-01,Payload delivery,tlsh,t1af91646a26095dbdcb9496d3d5843ac7d7ae0053e194ed2ce8fdcf08a1ef1f10276a,
2024-02-01,Payload delivery,ssdeep,48:YxY6w4dlpkofn16Ru+FvDF4w0NhtXpk2Kp9Wo6sUHs1vFbvKzRteU3wxioorbfm+:wpkocRtxYyH97Ss1vdTHWuIx,
2024-02-01,Other,size-in-bytes,4402,
2024-02-01,Payload delivery,mime-type,application/json,
2024-02-01,Payload delivery,md5,1be01568201dde97716fbfce20a082b4,Malware payload (RiseProStealer)
2024-02-01,Payload delivery,sha256,c01e13ec427f8c6227512df7199813f7496b8b6f50735503d75058ef7bec0c7d,Malware payload (RiseProStealer)
2024-02-01,Payload delivery,tlsh,t1bc4533ac161ae570cb3199f681ca4eb11f5f7c5885423b56239f06b54890fbc33aba,
2024-02-01,Payload delivery,imphash,5ab723dc8d5af21b79dc301ed6a56a64,
2024-02-01,Payload delivery,ssdeep,24576:+3/aSQqcncI6NJ94XguUQlUwQwRHW/nSp//xyq8i7gKw:6aSQqccI6NJuf2lwR2/SpXUq8i,
2024-02-01,Other,size-in-bytes,1195008,
2024-02-01,Payload delivery,mime-type,application/x-dosexec,
2024-02-01,Payload delivery,md5,cac47296fd73fb58563a336f2c9327e1,Malware payload
2024-02-01,Payload delivery,sha256,d323759d6157bf6905b2bfedcc36afecb727bad9fe4ddc6abbb941c67305327c,Malware payload
2024-02-01,Payload delivery,tlsh,t117916466261c0cbdc3394b92945c76d76bae027390c4fd2888bd4f4ca5ff2b141b69,
2024-02-01,Payload delivery,ssdeep,96:jj/ekxq8pVFawTH9o2nTv71vzhHtsIZh9wZR+:jj/vguFaA9o2nbdhNsIr9wZR+,
2024-02-01,Other,size-in-bytes,4215,
2024-02-01,Payload delivery,mime-type,application/json,
2024-02-01,Payload delivery,md5,1a250fa6764da2f4cc4613f1aacb93b9,Malware payload (Amadey)
2024-02-01,Payload delivery,sha256,0118786769bdeffb97b02a72d9f60bffd1faf75f3ce1a2d5273b4540d712dea2,Malware payload (Amadey)
2024-02-01,Payload delivery,tlsh,t16905233c91988aface0429b7439a16b93dec7d43f3880d53119f15e60a35b8fab479,
2024-02-01,Payload delivery,imphash,7515ecf8c0dfa4d230ad835fe0acb57f,
2024-02-01,Payload delivery,ssdeep,12288:M4s8gom5rWc3KYf0zn6o7YNQQDzdYD/jGW/nSiIfLRyl/eyyraNHjhb0lvzniPXS:MLlnBKYcznbwQ+RHW/nSXNydiI4W6,
2024-02-01,Other,size-in-bytes,809984,
2024-02-01,Payload delivery,mime-type,application/x-dosexec,
2024-02-01,Payload delivery,md5,6ac04ee9d58aacfdb511c32bb8594ad0,Malware payload
2024-02-01,Payload delivery,sha256,02b0f3b73cfaf8533bb820eeaf53ad804f739fb27d0a991f86d72db06eb6ef7a,Malware payload
2024-02-01,Payload delivery,tlsh,t1b9b533f621319922db530f74db4f8b86a9d3be53916a2a242a04fc09c7bd7f1d166f,
2024-02-01,Payload delivery,imphash,baa93d47220682c04d92f7797d9224ce,
2024-02-01,Payload delivery,ssdeep,49152:gNkGldMSPW9yNA2Gae8P1Gsn0shux9ANENJlx1V:cdR4yNtGabPv0qux9pLL,
2024-02-01,Other,size-in-bytes,2354176,
2024-02-01,Payload delivery,mime-type,application/x-dosexec,
2024-02-01,Payload delivery,md5,6603d09d444a2bfb5a5bfed1c00b3e81,Malware payload
2024-02-01,Payload delivery,sha256,3c2010b69ed37efa2957c785c98211daf74bf4fcf03e1b6589a1c443dc22c5ca,Malware payload
2024-02-01,Payload delivery,tlsh,t11091859a26085ebdca5496d3e5903ad7c76e1493b0d4ed2ce8fd9f08e1ef1f002759,
2024-02-01,Payload delivery,ssdeep,48:YxY6wldlpkofn16Ru+FkDFU0NhtXeV2Qp9We6T2UHs1vibvKqRteU3wxioLBfALI:FpkocRtG9U/9K2Ss1veiHLBfALVO5xx,
2024-02-01,Other,size-in-bytes,4284,
2024-02-01,Payload delivery,mime-type,application/json,
2024-02-01,Payload delivery,md5,0e1bb765161a1d6b8ed88ed5348a83fd,Malware payload
2024-02-01,Payload delivery,sha256,62015c792becf8a874f568289594ccf26e45858bec2612a81c4f1c64319c92fd,Malware payload
2024-02-01,Payload delivery,tlsh,t1e091a5b7152c4cbc8a2487d7e9943bd7567f4163e084ad68b9b88f0ce0fe1b10136a,
2024-02-01,Payload delivery,ssdeep,96:YAvwlmkvQISnya0o9HT2FJ1vltPBiviy/2nE:YAvcXo9z2FBiviCuE,
2024-02-01,Other,size-in-bytes,4329,
2024-02-01,Payload delivery,mime-type,application/json,
2024-02-01,Payload delivery,md5,539611e822ee821978fd7ba389b70448,Malware payload
2024-02-01,Payload delivery,sha256,a00dd58b8f92bfd64115db66601dda9acb4d33d9d497f7b72fa5fb967bea5d9e,Malware payload
2024-02-01,Payload delivery,tlsh,t1f39195e7b0155eb9c51fc5ea959939cfcabd001390306c2ce59d4b4b98fe1b51323d,
2024-02-01,Payload delivery,ssdeep,96:XGT9k0yan4wgaBSQcsTN9+BMOy0G1vRctHsz9UAeG/ASVXr:/0049rVGml/Aw,
2024-02-01,Other,size-in-bytes,4529,
2024-02-01,Payload delivery,mime-type,application/json,
2024-02-01,Payload delivery,md5,40d6f71f3b325ec826223ca5cec50877,Malware payload
2024-02-01,Payload delivery,sha256,d092137837223ed0047bd4f71edb043b0b07519710550bcc6ce65e5e4f8a6ea8,Malware payload
2024-02-01,Payload delivery,tlsh,t10291752662141cbd8628869be4443bb35bee05a39194ec28c4be9f5cb1ff6f111769,
2024-02-01,Payload delivery,ssdeep,96:zOzOV+km7O8ZlOFKiwTH9DnT71vfihHxisoZ5qzm4+:9PHKT9TTx+RJoDqzm3,
2024-02-01,Other,size-in-bytes,4262,
2024-02-01,Payload delivery,mime-type,application/json,
2024-02-01,Payload delivery,md5,2e228a0af8e5322feaa403dfdf16c365,Malware payload
2024-02-01,Payload delivery,sha256,c2124cf802857e34b8d7dbe2212c11740f17beea47e02853fb64177acaac9384,Malware payload
2024-02-01,Payload delivery,tlsh,t17da1b6ab35654cbcc624c7ea54e13e4b53ad0073a5d4ec18e8ad4f5891ee8f1037ea,
2024-02-01,Payload delivery,ssdeep,48:Yxg3SPhJSPdqKkY7EbnlUQl2oKRifk/n0+aWblFDF4w0biYtXqlNBT2Hp9Wt0mUo:QOokTaGuIT49YMG1veKAIHbr,
2024-02-01,Other,size-in-bytes,4832,
2024-02-01,Payload delivery,mime-type,application/json,
2024-02-01,Payload delivery,md5,b176557dfcb858e380f11ba90b66e7cf,Malware payload (RiseProStealer)
2024-02-01,Payload delivery,sha256,f02e227fe65741dc7dcaf148bcc16435a22753b43b6bb04e62b380fc121f4255,Malware payload (RiseProStealer)
2024-02-01,Payload delivery,tlsh,t12c4533f517ad5812ca7c8ffd004ed1a46d747e848a096b2a963b7990190c05fb7bbc,
2024-02-01,Payload delivery,imphash,5ab723dc8d5af21b79dc301ed6a56a64,
2024-02-01,Payload delivery,ssdeep,24576:SgGc3XfzffIVjFAOazwQiBaWnBCqy01uK9TLy536:ffrwVjLAliBaWnty01jTLyY,
2024-02-01,Other,size-in-bytes,1195520,
2024-02-01,Payload delivery,mime-type,application/x-dosexec,
2024-02-01,Payload delivery,md5,ba81487d5c629d108179656fcf292d46,Malware payload
2024-02-01,Payload delivery,sha256,4591a2e8c819209449d73150b50062c1e71cfcb084a9533549ed8465cd6b351c,Malware payload
2024-02-01,Payload delivery,tlsh,t138a1899712545cbccf14c7d654da3aa747fd005392a4ac18eded5f0c92ff8b602269,
2024-02-01,Payload delivery,ssdeep,48:Yxg3SPhJSPdqKkY7EbnlUQl2rhpk6nYK+zobgDF4w0dM0tXcg/i2up9WXibUfi1Z:QOFkBtKCz93Ei1vnfYqtP,
2024-02-01,Other,size-in-bytes,4788,
2024-02-01,Payload delivery,mime-type,application/json,
2024-02-01,Payload delivery,md5,b7d13082c4a4b66bb00e36514ccb50c3,Malware payload
2024-02-01,Payload delivery,sha256,27b7cdf7a446cf0f632e9775e0734a2021ea92f6723713f963102badd50bb346,Malware payload
2024-02-01,Payload delivery,tlsh,t1e6a185af21692cbc871487d259d53e8797ed0153a2d8ac18bced6f0c92ff8b103659,
2024-02-01,Payload delivery,ssdeep,48:Yxg3SPhJSPdqKkY7EbnlUQl2Vhpk6nYK+z9SPmDF4w0dM0tXDSPGo2up9WvseNEm:QO3kBIeKezz9EEEi1vZhYt/dP,
2024-02-01,Other,size-in-bytes,4940,
2024-02-01,Payload delivery,mime-type,application/json,
2024-02-01,Payload delivery,md5,1f017027cffd030c8830460f8d9ef285,Malware payload
2024-02-01,Payload delivery,sha256,867990f4ce0ecddddb3a3220c816038cf842ecfd42fc0351aa0c32fef477f531,Malware payload
2024-02-01,Payload delivery,tlsh,t11fa1a5ab31550cbc86248bea95e13e8b47ad0173a094ed28f4ed4f4c95ff8f5037a9,
2024-02-01,Payload delivery,ssdeep,48:Yxg3SPhJSPdqKkY7EbnlUQl2TJRifk/n0+aW/bDF4w0biYtX8rG2xp9WoKsYUxG6:QO9WkTakuNe9yMG1vbDA99wd2r,
2024-02-01,Other,size-in-bytes,4953,
2024-02-01,Payload delivery,mime-type,application/json,
2024-02-01,Payload delivery,md5,a18c1db2f8c68c29948d2861c69e8be1,Malware payload
2024-02-01,Payload delivery,sha256,cec75c5f7d8919dd411ec47c7c2ff3d95e9f9604353a1e967a2d8edb804f9eea,Malware payload
2024-02-01,Payload delivery,tlsh,t100b533e68573a279e4271330a7512c895b27ddeb453102505eacf70a9ffe9f7c40ae,
2024-02-01,Payload delivery,imphash,baa93d47220682c04d92f7797d9224ce,
2024-02-01,Payload delivery,ssdeep,49152:7NDucF5+BA9qXQdv4r7EZeuqSvXsVIFXvxrdl2O9wofkZ:h5+BAh/eptSFJrT2DMkZ,
2024-02-01,Other,size-in-bytes,2317824,
2024-02-01,Payload delivery,mime-type,application/x-dosexec,
2024-02-01,Payload delivery,md5,63c05827e4470719448a533e6f2739db,Malware payload
2024-02-01,Payload delivery,sha256,70c08047a4da6ee4915183c02ce79528e9653e0b9647de23f7af9b964882546e,Malware payload
2024-02-01,Payload delivery,tlsh,t14376333b504a2874f4005c72e972e239d5e5532c8867903879cbba5bf9130b4af7f9,
2024-02-01,Payload delivery,imphash,884310b1928934402ea6fec1dbd3cf5e,
2024-02-01,Payload delivery,ssdeep,196608:GhNp78kS6ii6IVUCVQhIllS7Etj1U2xT+R3FIiLsg/wiX:Kp782iiBhqOHtO2Zy3P4q,
2024-02-01,Other,size-in-bytes,7712370,
2024-02-01,Payload delivery,mime-type,application/x-dosexec,
2024-02-01,Payload delivery,md5,a708c3dc9ed5c086cf34460cf369ef89,Malware payload (BumbleBee)
2024-02-01,Payload delivery,sha256,137b9ca9938003571dcdee17b3d31bb71236fe7b96292367a4abe968ab064831,Malware payload (BumbleBee)
2024-02-01,Payload delivery,tlsh,t1fb45e011e6921ff4d466927680ab252fb7303e1c4725d3b7abc0c2377d927e46b1ab,
2024-02-01,Payload delivery,imphash,47e01530ad43ec939d1c47709a80a5c6,
2024-02-01,Payload delivery,ssdeep,24576:Lp2qJU4iIuB2cMh1Mgc17V/sCaGhRwQasBxUy0G4ITvVtQOZz0r/aahQIStkX:JmyD8R8QqKbQ8AmvKX,
2024-02-01,Other,size-in-bytes,1225229,
2024-02-01,Payload delivery,mime-type,application/x-dosexec,
2024-02-01,Payload delivery,md5,6a22c23e35e4855666620db89a0fd4d6,Malware payload
2024-02-01,Payload delivery,sha256,59151e8af0810ed11acfaf29d8858e0ad9c98fa77df4936ab264ac24b630b643,Malware payload
2024-02-01,Payload delivery,tlsh,t11791b4b716284c7cca2487d395903b97567f41a7e084ae68b9fc8f0ce0fe1f51136a,
2024-02-01,Payload delivery,ssdeep,48:Yx5AvwlYYwyJKbsJkmnh+0DFU0omOtXxR23p9WtY2UKJ1vybaKqRrC3wxioi4PuM:YAvwlBkv0S7U9/2FJ1vu8igubEFn6E,
2024-02-01,Other,size-in-bytes,4323,
2024-02-01,Payload delivery,mime-type,application/json,
2024-02-01,Payload delivery,md5,0212cab4f3b8ad792d3f1a4cab5c03c0,Malware payload
2024-02-01,Payload delivery,sha256,4090a7bc689a7f53dbd63f558b3802f1a5bb98d6243ba5455a2301a5c28e405f,Malware payload
2024-02-01,Payload delivery,tlsh,t19b41cc7ccf29f8e0033db1a088492e2620949e57d6b58e24d9574ee62d7c20acf1b1,
2024-02-01,Payload delivery,ssdeep,48:LGfEFWuJqs9HZNjd+SfprcKyK0hE6S1FtfsC5P3RX5ZWiaoIhSNtY:LGfEFW87jd+Sfpbaq6S1FtfsC5P39EfF,
2024-02-01,Other,size-in-bytes,2219,
2024-02-01,Payload delivery,mime-type,text/plain,
2024-02-01,Payload delivery,md5,49521bd245445eb28b5a0f7bb1a3e4f8,Malware payload
2024-02-01,Payload delivery,sha256,688ab16a6038134a2fbebe059c7093ba6e46ba9ec4e0f5c3fde7169cc5a6b547,Malware payload
2024-02-01,Payload delivery,tlsh,t1ee7633b5d205f232d122d7720f33f60d1a9dfe32da7a7a49729c841d0fa42499abd5,
2024-02-01,Payload delivery,imphash,884310b1928934402ea6fec1dbd3cf5e,
2024-02-01,Payload delivery,ssdeep,196608:8AMoYD7pa22cm688j/GJ267Bg6QKQK6FzNbpaQpiX:co6Ht/QLdEKQfpbpaQpq,
2024-02-01,Other,size-in-bytes,7533565,
2024-02-01,Payload delivery,mime-type,application/x-dosexec,
2024-02-01,Payload delivery,md5,039531c890ba02e375d5b7d058eef5e6,Malware payload
2024-02-01,Payload delivery,sha256,694ea3c911443786de3efae04c2b2b94fb056e54811f85ba20e612260848d0e1,Malware payload
2024-02-01,Payload delivery,tlsh,t10991517222180c7e863482d6a4557ad767be0267a0d4ec28a8ad4f0ca6ef1f205b69,
2024-02-01,Payload delivery,ssdeep,48:YxCwt2fbZkvnY+Cs+DF4w0nltXPSjeUT2Gp9WnTUd81vdE7b/KcRezbC3wxioorB:TbZknCs+w/05TH9I681vdEHAbpZcxaO,
2024-02-01,Other,size-in-bytes,4238,
2024-02-01,Payload delivery,mime-type,application/json,
2024-02-01,Payload delivery,md5,77db6a0b40d4ba7867e9ce79ec405130,Malware payload
2024-02-01,Payload delivery,sha256,5a5aa5781164a691d74ed569a718d06fef89e69741ba1f4a5f79c75f7ec5475b,Malware payload
2024-02-01,Payload delivery,tlsh,t159b533c9077bd9c8d0e75b3816986a825dd36c8b080752e925e0f48f63bd27d71ead,
2024-02-01,Payload delivery,imphash,baa93d47220682c04d92f7797d9224ce,
2024-02-01,Payload delivery,ssdeep,49152:j1PbwUmzkDWJnJSkyKjw1C99o6mVNu4iH2lE8FLBu0g:jVgzkKfLLdSN02lEIBu0g,
2024-02-01,Other,size-in-bytes,2343424,
2024-02-01,Payload delivery,mime-type,application/x-dosexec,
2024-02-01,Payload delivery,md5,cad135b00445d0e1c432d0d23b5625fe,Malware payload
2024-02-01,Payload delivery,sha256,d77485a03fcf20e3cb018780462991e6e100b639783ada879d56570de77b2082,Malware payload
2024-02-01,Payload delivery,tlsh,t1d1a1959b31550cbc862887e694e13e8b47ad0173a094ad28f4ed4f4c95ff8f6037a9,
2024-02-01,Payload delivery,ssdeep,48:Yxg3SPhJSPdqKkY7EbnlUQl2cRifk/n0+aW/bDF4w0biYtX8rG2xp9WoKsYUxG1L:QOfkTakuNe9yMG1vbDAjUl,
2024-02-01,Other,size-in-bytes,4953,
2024-02-01,Payload delivery,mime-type,application/json,
2024-02-01,Payload delivery,md5,be95d8f6350c4b217cadf525ac34cb4f,Malware payload
2024-02-01,Payload delivery,sha256,f0ac394f0d2e48fd88236c52c24f3073a7168350a3640e252e55949a1520490f,Malware payload
2024-02-01,Payload delivery,tlsh,t1d9a1a8ab11651cbccb14cbd255d93a8797ed0113a294ad18fced5f0c81ff4b60366a,
2024-02-01,Payload delivery,ssdeep,48:Yxg3SPhJSPdqKkY7EbnlUQl2au/hpk6nYK+zebDF4w0dM0tX8r82bp9WG9sYUfim:QO1DkBAKpg9nEi1v1/YjVP,
2024-02-01,Other,size-in-bytes,4971,
2024-02-01,Payload delivery,mime-type,application/json,
2024-02-01,Payload delivery,md5,d54b729a5e9ed50c35fa88d453ff86ce,Malware payload
2024-02-01,Payload delivery,sha256,5da30e7e6038ed48162e8c381fc4f94eca2487c5dfa654cc6debdab8cad7d645,Malware payload
2024-02-01,Payload delivery,tlsh,t129a1b7ab31550cbcc62487ea94e23e8b57ad0073a594ed14a8ac4f5894fe8f1027ea,
2024-02-01,Payload delivery,ssdeep,48:Yxg3SPhJSPdqKkY7EbnlUQl2BRifk/n0+aWblFDF4w0biYtXqlNBT2Hp9Wt0mUxV:QOgkTaGuIT49YMG1veKAzh+M,
2024-02-01,Other,size-in-bytes,4842,
2024-02-01,Payload delivery,mime-type,application/json,
2024-02-01,Payload delivery,md5,bfe0efce94cae002267fa35c0d28e4aa,Malware payload
2024-02-01,Payload delivery,sha256,7a8f72b530002a467d873803f4c9544c8eee2eff37e9ebad03b1ebe8b6f3abe4,Malware payload
2024-02-01,Payload delivery,tlsh,t196b533fbeeb5d6f1d62f87b5d1953614e0dbae47912102ac0428f651cbbc1f4c22ae,
2024-02-01,Payload delivery,imphash,baa93d47220682c04d92f7797d9224ce,
2024-02-01,Payload delivery,ssdeep,49152:5GX4qX/+IYdH8Opi1AVph2sdxQwlm6CMsQuFWytK/UR4d:5GXj/vYdcAEs21MyESK/UR4,
2024-02-01,Other,size-in-bytes,2331136,
2024-02-01,Payload delivery,mime-type,application/x-dosexec,
2024-02-01,Payload delivery,md5,155a4c4ac6f87406cf3eab907aafe43b,Malware payload
2024-02-01,Payload delivery,sha256,366df550370f603a5ba21acc0afde67b54164a567c5da8154a58b03907abc422,Malware payload
2024-02-01,Payload delivery,tlsh,t1ed91422615386c7ccb5889ca98fc3d4f567e005bf1649c14a5ee8e0ae2ff1f183a65,
2024-02-01,Payload delivery,ssdeep,96:eyJrkYOhDH5R0DWfrfT594ds1Y7g1vUreHTMsgiFEgBjfJeR:eyJQThr5RIWfrt94ds1Y7FrezMsgiFE9,
2024-02-01,Other,size-in-bytes,4614,
2024-02-01,Payload delivery,mime-type,application/json,
2024-02-01,Payload delivery,md5,4eab702b71d4fd6d6494c91caa35c0f4,Malware payload
2024-02-01,Payload delivery,sha256,1011cc971fb5eabe294733b842cb272205a7802c6305689969f2d095a12a8595,Malware payload
2024-02-01,Payload delivery,tlsh,t1e79175aa26095dbcca5496e3d5903ad7876e1093b198ed2ce8fd9f0ce1ef1f002759,
2024-02-01,Payload delivery,ssdeep,48:YxY6wedlpkofn16Ru+FkDFU0NhtXeV2Qp9We6T2UHs1vibvKqRteU3wxioLFomsd:epkocRtG9U/9K2Ss1veiHLFoc/O5x,
2024-02-01,Other,size-in-bytes,4284,
2024-02-01,Payload delivery,mime-type,application/json,
2024-02-01,Payload delivery,md5,e2548f63ee1fa0ec06ba29a4c6501c50,Malware payload
2024-02-01,Payload delivery,sha256,3ea022738d47b56ab699530c10a6de7244c1880e515fd1af14c39b8860e6650c,Malware payload
2024-02-01,Payload delivery,tlsh,t1d8a1759b51692cbcc614c7d298d93e9797ed0053a298bc18bced5f0c92fe4a203659,
2024-02-01,Payload delivery,ssdeep,48:Yxg3SPhJSPdqKkY7EbnlUQl2+/hpk6nYK+z9SPmDF4w0dM0tXDSPGo2up9WvseNZ:QOgDkBIeKezz9EEEi1vZhYDAcldP,
2024-02-01,Other,size-in-bytes,4940,
2024-02-01,Payload delivery,mime-type,application/json,
2024-02-01,Payload delivery,md5,faf2cab3dc02e9d73cb7992a6327ac41,Malware payload
2024-02-01,Payload delivery,sha256,077d54ad9bd06929582a65ed31be93bf8149853fd17f0bb38c77babee483bb51,Malware payload
2024-02-01,Payload delivery,tlsh,t16b9195e771155e78c61fc9ea969939cecabd001390305c2ce5ae4b0b98fe1b52363d,
2024-02-01,Payload delivery,ssdeep,96:XGQ9k0yan4wgaBSQcsTN9+BMOy0G1vRctHsz9UAeGNVJGVXr:40049rVGmlNVJ8,
2024-02-01,Other,size-in-bytes,4529,
2024-02-01,Payload delivery,mime-type,application/json,
2024-02-01,Payload delivery,md5,b082ff425a87156484810e46fd85b67f,Malware payload
2024-02-01,Payload delivery,sha256,5f62fe5a5ea1619b8913bf3f60ab56b1a9be9eaf111f929b130a4d790f194d31,Malware payload
2024-02-01,Payload delivery,tlsh,t12aa1a7ab15681cbcc714cbc295d93a9397ed0113a298ac18fced5f0c82ff5b603669,
2024-02-01,Payload delivery,ssdeep,48:Yxg3SPhJSPdqKkY7EbnlUQl2Gohpk6nYK+zebDF4w0dM0tX8r82bp9WG9sYUfi1s:QOlkBAKpg9nEi1v1/YgUXP,
2024-02-01,Other,size-in-bytes,4971,
2024-02-01,Payload delivery,mime-type,application/json,
2024-02-01,Payload delivery,md5,896d54ef1353b6d0f2fcaf8f7f96785e,Malware payload
2024-02-01,Payload delivery,sha256,411e20a93794a597af136bf9629122ee3f051e74bf5bffbe564225ae4d4c18d9,Malware payload
2024-02-01,Payload delivery,tlsh,t1b391b67715284cbc8a2487d795943bd7467f4167e084ad58b9bc8f0ce0fe1f10136a,
2024-02-01,Payload delivery,ssdeep,96:YAvwlkJkvQISnya0o9HT2FJ1vltPBiTizoOnE:YAv9mXo9z2FBiGzoGE,
2024-02-01,Other,size-in-bytes,4339,
2024-02-01,Payload delivery,mime-type,application/json,
2024-02-01,Payload delivery,md5,3685de03d2618092542c7865ffcb4999,Malware payload
2024-02-01,Payload delivery,sha256,476ec8b8243be564ff15cb2ea3fbdea72e1ed9792fd9ba064a8b5a73bd8fc7d8,Malware payload
2024-02-01,Payload delivery,tlsh,t10591417672180c7e863486c6b4557ad367ae0267a0d4ec28a8ed4f0ca7ff1f205b69,
2024-02-01,Payload delivery,ssdeep,96:mbZknCs+w/05TH9I681vdEHAbpZcM2oG3O:mb21R0B9I6KEgbp+hoG3O,
2024-02-01,Other,size-in-bytes,4238,
2024-02-01,Payload delivery,mime-type,application/json,
2024-02-01,Payload delivery,md5,cf8cd899ac0fed2641672d69fbff16e4,Malware payload
2024-02-01,Payload delivery,sha256,c579a4a07d347503f841e51ce673e3d9831733eefb7faee63cb5c5183390d047,Malware payload
2024-02-01,Payload delivery,tlsh,t1c8a176eb61691cbcca1987c694d93b9797fc011352a4ec24a89c5b0cd3ff87152669,
2024-02-01,Payload delivery,ssdeep,48:Yxg3SPhJSPdqKkY7EbnlUQl2/hpk6nYK+z1DF4w0dM0tXnGbZ2up9WSgyUfi1vU5:QORkBhKWbZz9BEi1vUb8pbbYZPtLP,
2024-02-01,Other,size-in-bytes,5022,
2024-02-01,Payload delivery,mime-type,application/json,
2024-02-01,Payload delivery,md5,57d952302fb886bcf4bd4f52cc83d4e9,Malware payload (RiseProStealer)
2024-02-01,Payload delivery,sha256,e54e79bc5ade7c3f4a96bb7fcb996e9f2a3243643a0ccf3cb4d0d4f8acce9d95,Malware payload (RiseProStealer)
2024-02-01,Payload delivery,tlsh,t1b04533e9161ae634c26559322961b44e77f6fe7ce24e0a83d85f1a932c310cf335a7,
2024-02-01,Payload delivery,imphash,5ab723dc8d5af21b79dc301ed6a56a64,
2024-02-01,Payload delivery,ssdeep,24576:BDHULJ4VEzlgA7zCAgwQzUyEvOQpoSfvUinQ3v0lHeSQeKEat:lH8xBg+Cdl3QpLfvZQcHeSHK,
2024-02-01,Other,size-in-bytes,1196032,
2024-02-01,Payload delivery,mime-type,application/x-dosexec,
2024-02-01,Payload delivery,md5,f9ab702619157ed48e009ac66453c48b,Malware payload
2024-02-01,Payload delivery,sha256,3c8413abcef5c41de5cd69e1a3481571730950da0b41d12d3ed03ef722f1643b,Malware payload
2024-02-01,Payload delivery,tlsh,t156a184ab15395cbccb14cbc695c93a8757ed0153a3a4ac18fded6f0c82fe8a142659,
2024-02-01,Payload delivery,ssdeep,48:Yxg3SPhJSPdqKkY7EbnlUQl2lhpk6nYK+z1DF4w0dM0tXnT2up9WSFo8ZUfi1vAH:QOHkB5KDz9vLEi1vYYYZHEwBP,
2024-02-01,Other,size-in-bytes,4872,
2024-02-01,Payload delivery,mime-type,application/json,
2024-02-01,Payload delivery,md5,f04eecaa93fd338c1f3852ba6f0a8262,Malware payload (RiseProStealer)
2024-02-01,Payload delivery,sha256,58f7f99b1c6b805f9dce823eabd9098ed96f5fb582938808e544013de6911232,Malware payload (RiseProStealer)
2024-02-01,Payload delivery,tlsh,t1bab533fa8af95838f2079f70e266d66d000b6e2f110985e82955fd8acffd534db68c,
2024-02-01,Payload delivery,imphash,baa93d47220682c04d92f7797d9224ce,
2024-02-01,Payload delivery,ssdeep,49152:8Qe92lQri6VP9HjATXRk1CI8Wk1vvQO1i5eTnhfLuEKN0r58:bKO6JpsOJ8JvvFEuLuEik58,
2024-02-01,Other,size-in-bytes,2360320,
2024-02-01,Payload delivery,mime-type,application/x-dosexec,
2024-02-01,Payload delivery,md5,9fd48d86590604dde5b405ea765d7e31,Malware payload
2024-02-01,Payload delivery,sha256,e434fdd3d5a73d94901f8e4d8f7ca94824ff0d4c95c7a406f85caa504a8be1a9,Malware payload
2024-02-01,Payload delivery,tlsh,t1f4159e0273d1c062ffab92334b5af6515bbc69260123e62f13981d79be701b1563e7,
2024-02-01,Payload delivery,imphash,948cc502fe9226992dce9417f952fce3,
2024-02-01,Payload delivery,ssdeep,24576:yqDEvCTbMWu7rQYlBQcBiT6rprG8aooz3:yTvC/MTQYxsWR7ao,
2024-02-01,Other,size-in-bytes,918528,
2024-02-01,Payload delivery,mime-type,application/x-dosexec,
2024-02-01,Payload delivery,md5,052094366856b161144f84892fbe0490,Malware payload
2024-02-01,Payload delivery,sha256,6d750506b26d6ee08c726ce49277f4081120fe02763cab06251cd0bd1b62d117,Malware payload
2024-02-01,Payload delivery,tlsh,t1b3a1a7ab31664c7cca2487ea98d13e8b57ad01b3a194ec14b9ed5f4cc1ee4f143759,
2024-02-01,Payload delivery,ssdeep,48:Yxg3SPhJSPdqKkY7EbnlUQl2GRifk/n0+aW0DF4w0biYtXnR2Hp9WO8ZUxG1v+bt:QOtkTa1uh49AMG1vSmAzzxr,
2024-02-01,Other,size-in-bytes,4856,
2024-02-01,Payload delivery,mime-type,application/json,
2024-02-01,Payload delivery,md5,5f04fd575af846f585c9aa815faa9220,Malware payload
2024-02-01,Payload delivery,sha256,776f16a92791e6518d664bebf4045ba75120ea1fd43f88afb49cee6ba9bd32a1,Malware payload
2024-02-01,Payload delivery,tlsh,t14d531a0973879321ca940ab580e3d4250bf2b74b2673db8d2d9952c90f237e69f4b7,
2024-02-01,Payload delivery,imphash,f34d5f2d4577ed6d9ceec516c1f5a744,
2024-02-01,Payload delivery,ssdeep,768:eU8/1Q80uIPhQkS8AEL/BiYcehbHxeSKf8IE41ojpYsTgVmGJDUDyMBK9mLOKVNi:DK9fIPhQ3INiW4m3lG1myMBwm5w/,
2024-02-01,Other,size-in-bytes,61952,
2024-02-01,Payload delivery,mime-type,application/x-dosexec,
2024-02-01,Payload delivery,md5,128b43625a5592e354ebe216961fb6c5,Malware payload
2024-02-01,Payload delivery,sha256,2a6a43acec75aadb877cea62f3e0462bb21cd8649d1bbe43294fd9d920efd9a9,Malware payload
2024-02-01,Payload delivery,tlsh,t15991653662580cbdc628869be4447ae36bee059391d4ac28c4ae9f5cb1ff5f101769,
2024-02-01,Payload delivery,ssdeep,96:zOzOv+km7O8ZlOFKiwTH9DnT71vfihHxisoZ5S04+:XPHKT9TTx+RJoDS03,
2024-02-01,Other,size-in-bytes,4272,
2024-02-01,Payload delivery,mime-type,application/json,
2024-02-01,Payload delivery,md5,1cea01c8c24d329ccfa373d0b7102eb3,Malware payload
2024-02-01,Payload delivery,sha256,b0009a4972380fdf8bf5a12eee0df366434f8dbc42e6512ca202f65881d3a89d,Malware payload
2024-02-01,Payload delivery,tlsh,t1efa164ab32550cbcc62987da94e53b8b87bc01635494dc24b4ec9f58d2ff8f1437a9,
2024-02-01,Payload delivery,ssdeep,48:Yxg3SPhJSPdqKkY7EbnlUQl2CRifk/n0+aWCDF4w0biYtXnQbZ2Hp9WjyUxG1vCd:QONkTa1uAbZ49bMG1vCb8vbJAz/,
2024-02-01,Other,size-in-bytes,5005,
2024-02-01,Payload delivery,mime-type,application/json,
2024-02-01,Payload delivery,md5,4934771bbb4bf696b023d0137b72d318,Malware payload
2024-02-01,Payload delivery,sha256,618214550a6b065477b2e12323743e87ab72031dbca600e6f0d0d0a73743cb87,Malware payload
2024-02-01,Payload delivery,tlsh,t1eda1879715585cbccf14c7d684da3a9b87ed0053a2a8ac18eded5f0c91ff8b502659,
2024-02-01,Payload delivery,ssdeep,48:Yxg3SPhJSPdqKkY7EbnlUQl21hpk6nYK+zobgDF4w0dM0tXcg/i2up9WXibUfi1m:QObkBtKCz93Ei1vnfYIBNKP,
2024-02-01,Other,size-in-bytes,4798,
2024-02-01,Payload delivery,mime-type,application/json,
2024-02-01,Payload delivery,md5,dee78b513d5302d61692df4f60542db4,Malware payload
2024-02-01,Payload delivery,sha256,bb43ef5220c8d92cfa2277a79871b9fb731b87f9c549b9112c88640a72711b69,Malware payload
2024-02-01,Payload delivery,tlsh,t115a1b66b31654cbcc524c7ea95e23e4757bc00b3a194ec14a8ac4f5c95fe8f1437ea,
2024-02-01,Payload delivery,ssdeep,48:Yxg3SPhJSPdqKkY7EbnlUQl2zRifk/n0+aWblFDF4w0biYtXqlNBT2Hp9Wt0mUxT:QOOkTaGuIT49YMG1veKAxds+lAK,
2024-02-01,Other,size-in-bytes,4832,
2024-02-01,Payload delivery,mime-type,application/json,
2024-02-01,Payload delivery,md5,74535529a9f2f282ec3543813b5f98a7,Malware payload
2024-02-01,Payload delivery,sha256,528995479e1b2cc5c873421827a9b7fe92c46211e52b85b4e5978f1ced7f0916,Malware payload
2024-02-01,Payload delivery,tlsh,t1d7a1b9ab65b95cbccb24c7c655d53e4357ed005363a4ac54ecad5f0c82fe4b1027aa,
2024-02-01,Payload delivery,ssdeep,48:Yxg3SPhJSPdqKkY7EbnlUQl2Xhpk6nYK+zMlFDF4w0dM0tXqlNjT2up9WMTv0mUb:QO1kB6KoTz9DEi1vgQYvNVTP,
2024-02-01,Other,size-in-bytes,4850,
2024-02-01,Payload delivery,mime-type,application/json,
2024-02-01,Payload delivery,md5,ec3687ae33234ff826fd31b876a10c2e,Malware payload
2024-02-01,Payload delivery,sha256,76d74d0b1115730feeaeeea130f04eba0b672ebd85bf0fcbf9596a99d29f6d7b,Malware payload
2024-02-01,Payload delivery,tlsh,t1fba1849732554cbccb2487eb94e63eab47ad10a3a0d49c24a9ed5f4c91ff8f10276d,
2024-02-01,Payload delivery,ssdeep,48:Yxg3SPhJSPdqKkY7EbnlUQl2eRifk/n0+aWHbgDF4w0biYtXcgFi2Hp9WoibUxGD:QOpkTaRug49KMG1v5vAWbEmq4,
2024-02-01,Other,size-in-bytes,4780,
2024-02-01,Payload delivery,mime-type,application/json,
2024-02-01,Payload delivery,md5,b388a53376441e28154eaf5bd5afc8ca,Malware payload
2024-02-01,Payload delivery,sha256,ef2d6a9ef4e753f8c4ca540b2a41c9c80d442fbb27809d9bdfa57a2a9da08d52,Malware payload
2024-02-01,Payload delivery,tlsh,t13391525a26095dbdcb9496d3e4943ac7976e1053e094ed28e8fdcf08e1ff1f10276a,
2024-02-01,Payload delivery,ssdeep,48:YxY6wtdlpkofn16Ru+FvDF4w0NhtXpk2Kp9Wo6sUHs1vFbvKzRteU3wxioorbXXj:tpkocRtxYyH97Ss1vdTHWXFeutRx,
2024-02-01,Other,size-in-bytes,4403,
2024-02-01,Payload delivery,mime-type,application/json,
2024-02-01,Payload delivery,md5,fba932e31af0b79fa117f7f0764ce4f1,Malware payload
2024-02-01,Payload delivery,sha256,5cbed236db33d15ad7c8423b3f58907dd4a2a6386ce8e4df3b1caa16f573d097,Malware payload
2024-02-01,Payload delivery,tlsh,t12291b4b7162c4c6cca1487d7d6903b9796af41a7f0849e58f9b88f0ce0fe1b51136a,
2024-02-01,Payload delivery,ssdeep,48:Yx5AvwlYYw6KbsJkmnh+0DFU0omOtXxR23p9WtY2UKJ1vybaKqRrC3wxioivJAuY:YAvwl1kv0S7U9/2FJ1vu8iv6ubE,
2024-02-01,Other,size-in-bytes,4323,
2024-02-01,Payload delivery,mime-type,application/json,
2024-02-01,Payload delivery,md5,a470ce70487a260c8b085e43af667b97,Malware payload (BumbleBee)
2024-02-01,Payload delivery,sha256,279b5d39ab68f39b7a7a50d8d48d632ba325bb8037eb9e20bed395d325064d79,Malware payload (BumbleBee)
2024-02-01,Payload delivery,tlsh,t17845e011e2921ff9c4769176816b262f7b703e5c4724d3bbabc0d2373d927a05b0ab,
2024-02-01,Payload delivery,imphash,47e01530ad43ec939d1c47709a80a5c6,
2024-02-01,Payload delivery,ssdeep,24576:RvRuGh6hGMiKe5pZtBB8CwbQDHXTDEIWOSqpkzwCnh:aNsNBB8RaEcCnh,
2024-02-01,Other,size-in-bytes,1224200,
2024-02-01,Payload delivery,mime-type,application/x-dosexec,
2024-02-01,Payload delivery,md5,144baad334574a139d0342a636725bc8,Malware payload
2024-02-01,Payload delivery,sha256,ddde95c4acf508c171b82b87b81326c0eb9b783213476cb056b43f37a06b784f,Malware payload
2024-02-01,Payload delivery,tlsh,t179a1b5ab31664c7cca2487ea98d13e8b57ac01b39194ec18b9ec5f4c81fe8f143769,
2024-02-01,Payload delivery,ssdeep,48:Yxg3SPhJSPdqKkY7EbnlUQl27Rifk/n0+aW0DF4w0biYtXnR2Hp9WO8ZUxG1v+bt:QOmkTa1uh49AMG1vSmAWAlA8,
2024-02-01,Other,size-in-bytes,4856,
2024-02-01,Payload delivery,mime-type,application/json,
2024-02-01,Payload delivery,md5,e67e9ab9cc0b8563e39277711f575a5b,Malware payload
2024-02-01,Payload delivery,sha256,f1bdfe6818c997b63b393dc668bc0a9bbe786f8bd1e17975563f32e8ce3117a2,Malware payload
2024-02-01,Payload delivery,tlsh,t1fe91417522180c7e863482d6a4557ad767ae0267a0d4ec28a8fd4f4cbaff1f205b59,
2024-02-01,Payload delivery,ssdeep,96:4bZknCs+w/05TH9I681vdEHAbpZcnZEWO:4b21R0B9I6KEgbp+ZEWO,
2024-02-01,Other,size-in-bytes,4238,
2024-02-01,Payload delivery,mime-type,application/json,
2024-02-01,Payload delivery,md5,3dc3e7dcc8d3bf547794679ec897034c,Malware payload
2024-02-01,Payload delivery,sha256,74a626b459fd945f44283aca7f87193443c5259f6569fe9212f5b70a86a83ad8,Malware payload
2024-02-01,Payload delivery,tlsh,t10eb533e698364a6cd8b38b7b8374528040fbfe23951a024d9d51f5a9f7be7f16072d,
2024-02-01,Payload delivery,imphash,baa93d47220682c04d92f7797d9224ce,
2024-02-01,Payload delivery,ssdeep,49152:aEFE5zheSuJwm18YIMZinbG4bSaZKzZKC1+JDTRBxA3qXn7nq:/4oJwml4nzZZKzl+XtX7,
2024-02-01,Other,size-in-bytes,2303488,
2024-02-01,Payload delivery,mime-type,application/x-dosexec,
2024-02-01,Payload delivery,md5,c12471c905166858b1b59e230f41d361,Malware payload
2024-02-01,Payload delivery,sha256,426228224864cbd3be27044d2590c32b19d3e01590de83a5d0c397222673d1c7,Malware payload
2024-02-01,Payload delivery,tlsh,t137633a7ae70e0965de99e5bb424d874e0afcb33e328540d179bc96343b2d40f4b629,
2024-02-01,Payload delivery,ssdeep,1536:5VIsZhsIz5UxK7yjPSTxtQEUaTx/QI0TiweezsIj:5VlyjPSTMEUAJQewe5U,
2024-02-01,Other,size-in-bytes,69348,
2024-02-01,Payload delivery,mime-type,text/plain,
2024-02-01,Payload delivery,md5,5493c415a5cfd964a8e9e1e5f91eb3ce,Malware payload
2024-02-01,Payload delivery,sha256,68569e4e08ed2b64acf95822d1b13dbe98cf0e32a1830ab83272e60e8a70f444,Malware payload
2024-02-01,Payload delivery,tlsh,t17fe1e92135faa10c72b3be621be9b6f94a6ff7727935905d2448030b4b53d80cea17,
2024-02-01,Payload delivery,ssdeep,192:GtHWzTkeKmPjttH9tHNtH5sjAtHq5rjwkY72Yy:iesmPjvfP5sjAq1jAw,
2024-02-01,Other,size-in-bytes,7090,
2024-02-01,Payload delivery,mime-type,text/plain,
2024-02-01,Payload delivery,md5,356633a68c0852b6eb6835c5cdf7ba3f,Malware payload
2024-02-01,Payload delivery,sha256,7bdf1fedd41ef4ba545142eafd5ce6178b2e9477cdaa232a6844250c544667fb,Malware payload
2024-02-01,Payload delivery,tlsh,t1fa233f446869e2d0462cdb3ba04b844490d55bf1935c8ad3ac724dafcee7eb419f24,
2024-02-01,Payload delivery,ssdeep,768:dNPgNKNINKNmNKNUiNKNRNKNQNKN7PNKNJ+NKNzNKNUNKNi7a4NKNpNKNgNKNbpU:dNINKNINKNmNKNjNKNRNKNQNKN7NKN4Z,
2024-02-01,Other,size-in-bytes,48461,
2024-02-01,Payload delivery,mime-type,text/plain,
2024-02-01,Payload delivery,md5,878d8d43fa747754545db9ad96fb07f7,Malware payload
2024-02-01,Payload delivery,sha256,1469e66a7fcba92b6e53138fac75c74afd6fc6a158fbff9a96f7be1482e616e7,Malware payload
2024-02-01,Payload delivery,tlsh,t13a34126c914838fc35ac6dbed3ff0e87a5b0c62eea4d1625d648d381310eea2f1579,
2024-02-01,Payload delivery,ssdeep,6144:/ESJaaxDK/Y092gdq1J2iVRjUT7cgflbFRFXg:/naMOt98bVRjUT7RflZRFQ,
2024-02-01,Other,size-in-bytes,240192,
2024-02-01,Payload delivery,mime-type,application/octet-stream,
2024-02-01,Payload delivery,md5,993efab5b679a51ea8b70663299e8ee5,Malware payload (RiseProStealer)
2024-02-01,Payload delivery,sha256,bbb2a6db43bbe5629383dedaa00de7e386517763078b22b5c9d38cc3bed77800,Malware payload (RiseProStealer)
2024-02-01,Payload delivery,tlsh,t11d4533f421ab9b81de2934f065c5bfa81730c9c820485e6ea13749994da97ee374ed,
2024-02-01,Payload delivery,imphash,5ab723dc8d5af21b79dc301ed6a56a64,
2024-02-01,Payload delivery,ssdeep,24576:ovSAXPxeQBVk36IEJ+DfW1cfxYwxcHM2kdxwQu6icoECMi0UoymLKZ/irf:DAZeOyKZJ6YcfywxcBml9oElizmLKJ+,
2024-02-01,Other,size-in-bytes,1195520,
2024-02-01,Payload delivery,mime-type,application/x-dosexec,
2024-02-01,Payload delivery,md5,3249754e79c27fe3914857708ba55c48,Malware payload
2024-02-01,Payload delivery,sha256,b27236ab0d7a15abab6521eb201a6c60df0d51dce608c57148da6ad4bbf88d65,Malware payload
2024-02-01,Payload delivery,tlsh,t161f22f113aff500c72b37f955be576d98a7bfbb15a2aa15d1045030b4b63d80cda2b,
2024-02-01,Payload delivery,ssdeep,768:9u+mXa8YjY9MWPfPQPPPXPxJOqPwcmXa2YLYzuPgYcYHkPwHNRUCkGKq+Hye:QnY3vJJOqosAONtkGKtd,
2024-02-01,Other,size-in-bytes,36220,
2024-02-01,Payload delivery,mime-type,text/plain,
2024-02-01,Payload delivery,md5,c009264e8ae7d31a84ac7619370329e7,Malware payload
2024-02-01,Payload delivery,sha256,6cd6c6bcf9f30f37c30d5d7eea66e4fb69d535ba3b72a97d873f3d8bf78f4bce,Malware payload
2024-02-01,Payload delivery,tlsh,t12d918426251c0cbdc7394b83a05c769767ae0273a094fd2888bd4f4ca5ff2f141769,
2024-02-01,Payload delivery,ssdeep,96:jjhekxq8pVFawTH9o2nTv71vzhHtsIZhjvptR+:jjhvguFaA9o2nbdhNsIrjhtR+,
2024-02-01,Other,size-in-bytes,4215,
2024-02-01,Payload delivery,mime-type,application/json,
2024-02-01,Payload delivery,md5,f9b8edcc35535f999dc349b3f45c41ba,Malware payload
2024-02-01,Payload delivery,sha256,9aecfe9247b47ba5b116a301e2e6ffc217e2399aefc377bd1615c983b70a638b,Malware payload
2024-02-01,Payload delivery,tlsh,t1b8a183ab15295cbccb10c7c695c93a8797ed016393a8ac18fced6f0c82fe4a102659,
2024-02-01,Payload delivery,ssdeep,48:Yxg3SPhJSPdqKkY7EbnlUQl2wkhpk6nYK+z1DF4w0dM0tXnT2up9WSFo8ZUfi1va:QOFkB5KDz9vLEi1vYYYsylP,
2024-02-01,Other,size-in-bytes,4874,
2024-02-01,Payload delivery,mime-type,application/json,
2024-02-01,Payload delivery,md5,cb9325121c8b31209a8e2174d389854d,Malware payload
2024-02-01,Payload delivery,sha256,2c5a806065517eed0fffdc8185c3311b3c8febf5fc032f7d1bc0683c28b1b1ab,Malware payload
2024-02-01,Payload delivery,tlsh,t153a195eb61292cbccb15c7c690d93b8397fc011352a4ec28acac5b0c93ff97152669,
2024-02-01,Payload delivery,ssdeep,48:Yxg3SPhJSPdqKkY7EbnlUQl2Vhpk6nYK+z1DF4w0dM0tXnGbZ2up9WSgyUfi1vUx:QObkBhKWbZz9BEi1vUb8pbbYPgKxP,
2024-02-01,Other,size-in-bytes,5023,
2024-02-01,Payload delivery,mime-type,application/json,
2024-02-01,Payload delivery,md5,0db924689fe8c05f3cfc95b6cdff2080,Malware payload
2024-02-01,Payload delivery,sha256,272f7d69bcb98deeb3bd3a5f407d293244533de732ef59fcdb58868102d959d0,Malware payload
2024-02-01,Payload delivery,tlsh,t12ae12c213aef900871b37fa11bd579e58e6fbbb16979506e1008020b8f23e40cde5b,
2024-02-01,Payload delivery,ssdeep,192:+lpxZbq6wuyLRjlpMlpDlpvuyLR0lpIP3DauyLRzP3DoFZmpIBFZmpV:8pjHwRnpupBpvRApILaRVLINTg,
2024-02-01,Other,size-in-bytes,7090,
2024-02-01,Payload delivery,mime-type,text/plain,
2024-02-01,Payload delivery,md5,8e2e0d4407b210350fddb0bf9fb3165f,Malware payload
2024-02-01,Payload delivery,sha256,f00fe865e490162d5d844af8df03b9ca1ca508e6854a483e2881e5718c3fd4d1,Malware payload
2024-02-01,Payload delivery,tlsh,t1d273996ae70f0965de95d6bb4249474e4afcb33e3285409179bca738372d80f4b628,
2024-02-01,Payload delivery,ssdeep,1536:2Rk8kHl9lvAh5lFTs9vJgYjCgf0Guc2k9Oqgaz:ykfmTT+vFRsGuc2k9Oqgaz,
2024-02-01,Other,size-in-bytes,78831,
2024-02-01,Payload delivery,mime-type,text/plain,
2024-02-01,Payload delivery,md5,6eb02802ce5f7f1c60068921348a40de,Malware payload
2024-02-01,Payload delivery,sha256,9baf302b261cf825bd61dd2284b2b8c92376743fa050ce44858daa48286524d1,Malware payload
2024-02-01,Payload delivery,tlsh,t183a1849732554dbc8b2487ea94e23eab47ad0077a094dc24b9ad5f4c91ff8f10226d,
2024-02-01,Payload delivery,ssdeep,48:Yxg3SPhJSPdqKkY7EbnlUQl2KKRifk/n0+aWHbgDF4w0biYtXcgFi2Hp9WoibUxS:QO8fkTaRug49KMG1v5vAaFJ,
2024-02-01,Other,size-in-bytes,4770,
2024-02-01,Payload delivery,mime-type,application/json,
2024-02-01,Payload delivery,md5,aaefef99e8e634eecf1c4c2a830dbe15,Malware payload
2024-02-01,Payload delivery,sha256,69bc8f463f92601a5c6278353d086f962b371d9a5acc18c53356e87cfa9e8eb5,Malware payload
2024-02-01,Payload delivery,tlsh,t14591666662180cbd8628868be4547bf36bee056391d4ec28c4be5f5cb0ff6f101769,
2024-02-01,Payload delivery,ssdeep,96:zOzOU+km7O8ZlOFKiwTH9DnT71vfihHxisoZ5iq0R4+:8PHKT9TTx+RJoDiqm3,
2024-02-01,Other,size-in-bytes,4262,
2024-02-01,Payload delivery,mime-type,application/json,
2024-02-01,Payload delivery,md5,c8f8deb2da35c0c97489b0049c3621f5,Malware payload
2024-02-01,Payload delivery,sha256,af3c61cf5be6dfcc752583a343868b121cdcb623959fab2f3c9a000404642dc7,Malware payload
2024-02-01,Payload delivery,tlsh,t1af33b685500621bd5b4dcecc6a8812867bb839b171adc16e41e1833bf7f6f816963d,
2024-02-01,Payload delivery,ssdeep,768:6bqHcgMT7aU3HGlJjWYkjfmVZ88DNpFYVpK5pxpDpCpBpepmpfpopipwpfpNpqpo:sqyaUjgzNpKw,
2024-02-01,Other,size-in-bytes,51506,
2024-02-01,Payload delivery,mime-type,text/plain,
2024-02-01,Payload delivery,md5,fbd23faa0d7f563ea77bb841d69f2e1e,Malware payload (Amadey)
2024-02-01,Payload delivery,sha256,2a43be4ed8bf8b9898f83a58bbfe9875d01de463cf99a0f573935226703d354c,Malware payload (Amadey)
2024-02-01,Payload delivery,tlsh,t1410523fe512492b3c330da3bc20f41e0afad784a27d59a521aafc8d2c911a5fbf554,
2024-02-01,Payload delivery,imphash,7515ecf8c0dfa4d230ad835fe0acb57f,
2024-02-01,Payload delivery,ssdeep,24576:IDCav6njenmwQKRHW/nS9lWerbDbmNrUvW/JB0D9:IDCS6n6nmlKR2/SJDSga30D9,
2024-02-01,Other,size-in-bytes,809984,
2024-02-01,Payload delivery,mime-type,application/x-dosexec,
2024-02-01,Payload delivery,md5,649c5f49f1c211b6da477991f24fd86b,Malware payload
2024-02-01,Payload delivery,sha256,448f5f38249347e363d39459cfd00e0ab4f1e8c47527fa28bd09bd4d2bab270e,Malware payload
2024-02-01,Payload delivery,tlsh,t1a3b4239fcc6ad40717188c3aff54b229babc49953c8a035ac4d5e3146719bafb803d,
2024-02-01,Payload delivery,ssdeep,12288:lh09VQybAPL3QD84WsM5AAJg5bwE5PU9X95xNuN/w:kxITQD84Rr5u9N5ru9w,
2024-02-01,Other,size-in-bytes,494656,
2024-02-01,Payload delivery,mime-type,application/octet-stream,
2024-02-01,Payload delivery,md5,06a3ac9e04a5a89ae0fd63186400f038,Malware payload
2024-02-01,Payload delivery,sha256,30dde4a38f9ae7c43bc205645b1bfef12781f4734e89122956a0d86b5f5e7908,Malware payload
2024-02-01,Payload delivery,tlsh,t1d0f4ad43ee0e9e0974d6b7604c746b625aeae94cb7107fd5e05a83a1e254cfe02353,
2024-02-01,Payload delivery,ssdeep,12288:y03nY5ZUgWDo1y4oQfKlTUaScQbVEnW7+frrfhc0fxr/pV8Mi+zuWk+Wf+:yjWb0E4odlTrPcEnW7WrfhcUV8MiW22,
2024-02-01,Other,size-in-bytes,772820,
2024-02-01,Payload delivery,mime-type,application/octet-stream,
2024-02-01,Payload delivery,md5,300b39d82f463e4d42e10fdc86d0db70,Malware payload (GuLoader)
2024-02-01,Payload delivery,sha256,55343d28a70c1a0bd29c763e0c582ea43227b94513176ead473e3cab9c505cc6,Malware payload (GuLoader)
2024-02-01,Payload delivery,tlsh,t1e822beaabab2533bbef048f87d63bdc7a712b3051716191647b30858a61c54e06ce0,
2024-02-01,Payload delivery,ssdeep,192:wnALzDrETC/wIwdxrqTDIE2c0EcocOTK3pzM6UTk6M/mstNKU33+7DvxeQD9:wnoETpIwbqTDCgcHOTgpzM9TkLNKo+7d,
2024-02-01,Other,size-in-bytes,10504,
2024-02-01,Payload delivery,mime-type,application/x-lzh-compressed,
2024-02-01,Payload delivery,md5,fc2366468a604b7560953f2b0ac94342,Malware payload
2024-02-01,Payload delivery,sha256,987358f6e7ea929a54d1aa4ea52fd76da6dce8d9f59575f141604c492cf2d493,Malware payload
2024-02-01,Payload delivery,tlsh,t1e5f48d885457da992cadf73c121aeb984227a9cce9ffc1575e3898cfc7fc46381626,
2024-02-01,Payload delivery,ssdeep,12288:QAMv/7m6WnczBE4dHsEW6WJkUqNUuH7gfhYTdLSFcLPwvE1:QAkSxoBCEW6akUMvbU6TdLSuLPp1,
2024-02-01,Other,size-in-bytes,772777,
2024-02-01,Payload delivery,mime-type,application/octet-stream,
2024-02-01,Payload delivery,md5,1713cfce1a21bdd62d72ac84e8d9eea4,Malware payload (RemcosRAT)
2024-02-01,Payload delivery,sha256,0d919a62eb4400976394d1e2169a18870c435787b3c1ee731472c18a81591080,Malware payload (RemcosRAT)
2024-02-01,Payload delivery,tlsh,t19515238460ac8b27c535bbfa5ca78c805bfaeb191776d63fcdd111de2399b8420817,
2024-02-01,Payload delivery,imphash,f34d5f2d4577ed6d9ceec516c1f5a744,
2024-02-01,Payload delivery,ssdeep,24576:tG17PK/7KJcB+UBKEIGXV/5g4OXP1xrK7:EBKa++UBfV/5g4mdxQ,
2024-02-01,Other,size-in-bytes,890880,
2024-02-01,Payload delivery,mime-type,application/x-dosexec,
2024-02-01,Payload delivery,md5,a24a1af636d138fcf1bca60ad858f22e,Malware payload
2024-02-01,Payload delivery,sha256,9999625627321f01eff79427a0052aa703205bc607e45914bd8ea51fd12fb414,Malware payload
2024-02-01,Payload delivery,tlsh,t1cd455be2a354dc71f06a3978d84ab2d0382b7ced693a9ccd566c794a1a73751782c0,
2024-02-01,Payload delivery,imphash,beefa6546dd4570bf21020f1082d8b97,
2024-02-01,Payload delivery,ssdeep,24576:ORTaL+A2f8Zhp8bYm1EnyWjkf0eFuPD+4m:gTaKsh,
2024-02-01,Other,size-in-bytes,1243648,
2024-02-01,Payload delivery,mime-type,application/x-dosexec,
2024-02-01,Payload delivery,md5,d3ff60155eeee683da285766d2a44128,Malware payload
2024-02-01,Payload delivery,sha256,1d520fbefbada00bea444e108a2262c37bf73a4e24dd3d262bb0f56b1a5f3ae9,Malware payload
2024-02-01,Payload delivery,tlsh,t17e91532625386c7cc758c5ca98fc7d4e567e005bf2649c18a5ed8e0ae2ff1f183a65,
2024-02-01,Payload delivery,ssdeep,96:ey5rkYOhDH5R0DWfrfT594ds1Y7g1vUreHTMsgiFENpFJeR:ey5QThr5RIWfrt94ds1Y7FrezMsgiFEO,
2024-02-01,Other,size-in-bytes,4614,
2024-02-01,Payload delivery,mime-type,application/json,
2024-02-01,Payload delivery,md5,03ee7a47965bdb0faec2301507a2b600,Malware payload
2024-02-01,Payload delivery,sha256,9c83726b076309c818f3a481adff04a5fbce421c5d65c09b57514c9635f61b58,Malware payload
2024-02-01,Payload delivery,tlsh,t1eba1855b31551cbc861487eb98e13e9b87ad00a3a194ec28f8ed5f4896fe8f103799,
2024-02-01,Payload delivery,ssdeep,48:Yxg3SPhJSPdqKkY7EbnlUQl2/Rifk/n0+aWKSPmDF4w0biYtXDSPGq2Hp9WcseNN:QOykTaUeuef49VEMG1vHRAgAt,
2024-02-01,Other,size-in-bytes,4922,
2024-02-01,Payload delivery,mime-type,application/json,
2024-02-01,Payload delivery,md5,f5d43df5d09b4571ef82b79822cc934d,Malware payload
2024-02-01,Payload delivery,sha256,60d0c357696e59be0dff72e0a3309a4c784d45414a4f6ef0a477c258b580fb71,Malware payload
2024-02-01,Payload delivery,tlsh,t173a1b5ab36550cbc86248be694e53e8b47ad00a3a0d4ec18f4ed4f4c95ff8f5037a9,
2024-02-01,Payload delivery,ssdeep,48:Yxg3SPhJSPdqKkY7EbnlUQl27Rifk/n0+aW/bDF4w0biYtX8rG2xp9WoKsYUxG15:QOikTakuNe9yMG1vbDAAQe,
2024-02-01,Other,size-in-bytes,4953,
2024-02-01,Payload delivery,mime-type,application/json,
2024-02-01,Payload delivery,md5,5413be134444c6967596fc7daa2a6542,Malware payload
2024-02-01,Payload delivery,sha256,59330888427ec5bb18c5f20ee6d1f8a11fa5211e1583def0f27a9ff407ae7915,Malware payload
2024-02-01,Payload delivery,tlsh,t1d491b7b7152c4cbc8a2487e7a9943bd756bf4563e094ad58f9bc8f08e0fe1f10136a,
2024-02-01,Payload delivery,ssdeep,96:YAvwlAkvQISnya0o9HT2FJ1vltPBiq5nE:YAvWXo9z2FBiqpE,
2024-02-01,Other,size-in-bytes,4339,
2024-02-01,Payload delivery,mime-type,application/json,
2024-02-01,Payload delivery,md5,ca1daa83583b2553ad85c74e760c4027,Malware payload
2024-02-01,Payload delivery,sha256,83e6eba4c350c2ade38d09b9e7b414ae1243c313cb0b8d5d1f94a4d7310b01d8,Malware payload
2024-02-01,Payload delivery,tlsh,t166a1979712685cbccf14c7d744da3aab87ed0053a2a4ac14eded5f0c91ff8b50266a,
2024-02-01,Payload delivery,ssdeep,48:Yxg3SPhJSPdqKkY7EbnlUQl2Xhpk6nYK+zobgDF4w0dM0tXcg/i2up9WXibUfi1/:QO5kBtKCz93Ei1vnfYTqP,
2024-02-01,Other,size-in-bytes,4788,
2024-02-01,Payload delivery,mime-type,application/json,
2024-02-01,Payload delivery,md5,3cd2124dd9d0bf2a1f8e15648704ce70,Malware payload
2024-02-01,Payload delivery,sha256,e63287852ea80d19d8a3211acc1becb0feeade8ee6e3084285a6d39c3376bbba,Malware payload
2024-02-01,Payload delivery,tlsh,t1a953190db7c79361caa90ab5c0e3d51506f29b4b21b3da9f3e8446c51e127e2d9c27,
2024-02-01,Payload delivery,imphash,f34d5f2d4577ed6d9ceec516c1f5a744,
2024-02-01,Payload delivery,ssdeep,768:fyuDoJ20suBdyvvo0Wv7NC1uSq4Y2/A6GEmU0/y8FU8vBA/zTvOhttIO1QdmS8/P:TBKLe3Ue6xvGqp3XYjo4DJ/c,
2024-02-01,Other,size-in-bytes,62464,
2024-02-01,Payload delivery,mime-type,application/x-dosexec,
2024-02-01,Payload delivery,md5,d25ccfba87ed84f4653dd3474edb87f8,Malware payload (BumbleBee)
2024-02-01,Payload delivery,sha256,251a0c1003d892fdc0a5ca2cc6390afb5feea6c97509a54209a7de06b1f5ded2,Malware payload (BumbleBee)
2024-02-01,Payload delivery,tlsh,t1fe45f011e2920ff9d472927a816b262fbb307e5c4714d377abc0d2377d927e05b1aa,
2024-02-01,Payload delivery,imphash,47e01530ad43ec939d1c47709a80a5c6,
2024-02-01,Payload delivery,ssdeep,24576:3e7b256IJI5tQO48+LnlOSN9QlIlnxXpcmL4fyYzJ9D:mhoP8+ZOS7lnxXC3x,
2024-02-01,Other,size-in-bytes,1223183,
2024-02-01,Payload delivery,mime-type,application/x-dosexec,
2024-02-01,Payload delivery,md5,e8c7a457ffefd16480e3e614ae7fbc9c,Malware payload
2024-02-01,Payload delivery,sha256,fea44847e31c43c90487cfd7c7d2eaa5a934ff6f68abf796a2947f1760adb224,Malware payload
2024-02-01,Payload delivery,tlsh,t1bba1956b31551cac861487eb98e13e8b97bd00b3a1c8ec18b8ed5f5896fe8f103759,
2024-02-01,Payload delivery,ssdeep,48:Yxg3SPhJSPdqKkY7EbnlUQl2zRifk/n0+aWKSPmDF4w0biYtXDSPGq2Hp9WcseN3:QOSkTaUeuef49VEMG1vHRAyqZB79t,
2024-02-01,Other,size-in-bytes,4922,
2024-02-01,Payload delivery,mime-type,application/json,
2024-02-01,Payload delivery,md5,5218dc5fd21bf5c9460b4ec1691133fb,Malware payload
2024-02-01,Payload delivery,sha256,6534769a3ba8a581348c4b87044fa9182424c3f17e0fbdf31a3f661e7692d223,Malware payload
2024-02-01,Payload delivery,tlsh,t11e159e0273d1c062ffab92334b5af6515bbc69260123e61f13981db9be701b1563e7,
2024-02-01,Payload delivery,imphash,948cc502fe9226992dce9417f952fce3,
2024-02-01,Payload delivery,ssdeep,12288:IqDEvFo+yo4DdbbMWu/jrQu4M9lBAlKhQcDGB3cuBNGE6iOrpfe4JdaDgaETi:IqDEvCTbMWu7rQYlBQcBiT6rprG8aki,
2024-02-01,Other,size-in-bytes,918016,
2024-02-01,Payload delivery,mime-type,application/x-dosexec,
2024-02-01,Payload delivery,md5,9c5cfcd969dcd7d567f579c1d7859efb,Malware payload
2024-02-01,Payload delivery,sha256,647baff9df769a59fd6178783967d00fcb667e2ee2507f0f78a69fa20c23a51d,Malware payload
2024-02-01,Payload delivery,tlsh,t19f91745926085dbdcb54d6d3d9843ac797ae1053b094ed28d8bddf08e1ff1f102b6a,
2024-02-01,Payload delivery,ssdeep,48:YxY6w0dlpkofn16Ru+FvDF4w0NhtXpk2Kp9Wo6sUHs1vFbvKzRteU3wxioorbUTd:8pkocRtxYyH97Ss1vdTHWUTm4x,
2024-02-01,Other,size-in-bytes,4413,
2024-02-01,Payload delivery,mime-type,application/json,
2024-02-01,Payload delivery,md5,edb47230bb1554d9261f4a39c4983777,Malware payload
2024-02-01,Payload delivery,sha256,83d59a5299bee6fe5774f5fd3612f5e01126e59f6b96de3f8004331165b77d4b,Malware payload
2024-02-01,Payload delivery,tlsh,t1c1a1859b61682cbcc714c7d699d53e8797fd0057a298ac18fced5f0c92fe8a203655,
2024-02-01,Payload delivery,ssdeep,48:Yxg3SPhJSPdqKkY7EbnlUQl29hpk6nYK+z9SPmDF4w0dM0tXDSPGo2up9WvseNEK:QOrkBIeKezz9EEEi1vZhYCdg3TdP,
2024-02-01,Other,size-in-bytes,4940,
2024-02-01,Payload delivery,mime-type,application/json,
2024-02-01,Payload delivery,md5,a45a106bb01bdd85072eb40c116722ed,Malware payload (RiseProStealer)
2024-02-01,Payload delivery,sha256,2ff733c03b670834e1c0cbf5659745fed3d94dc5ae0a6bea45147eb3cf3ccbc3,Malware payload (RiseProStealer)
2024-02-01,Payload delivery,tlsh,t1af4533378556d2e1ce300afe87a65191bfd971044ac2a503616f16d389706cff7abc,
2024-02-01,Payload delivery,imphash,5ab723dc8d5af21b79dc301ed6a56a64,
2024-02-01,Payload delivery,ssdeep,24576:8fecnl9Av9C3O6dCQ2knSWILOCoWnrni0DfAJ+wQoRHW/nSIAE74OacO7:8feol9WkgQ2kSNzDf1loR2/SIrnm,
2024-02-01,Other,size-in-bytes,1195520,
2024-02-01,Payload delivery,mime-type,application/x-dosexec,
2024-02-01,Payload delivery,md5,30ced67aa55676b8861963cc014a9bb9,Malware payload
2024-02-01,Payload delivery,sha256,f374a6feaedc51568726343ffe4654b44a92ab8e98877d7c34e3312a5bb67dac,Malware payload
2024-02-01,Payload delivery,tlsh,t1119175a926095dbcca4496d3e8503ad7c76e0093b098dd2cd8fd9f08e1ef0f04276e,
2024-02-01,Payload delivery,ssdeep,48:YxY6wbdlpkofn16Ru+FzvDFU0NhtXN3rm/2xp9WhHp6Y2UHs1vhmObvK3moRteUB:DpkocRtp9hEA9Sr2Ss1vhPMeHLuowGgx,
2024-02-01,Other,size-in-bytes,4274,
2024-02-01,Payload delivery,mime-type,application/json,
2024-02-01,Payload delivery,md5,4ba304124db6dc22b33190fb9a351534,Malware payload (GCleaner)
2024-02-01,Payload delivery,sha256,784f8bc6834baad274631d92ab649703daa95c4f5461db15670c5d08cce2fef4,Malware payload (GCleaner)
2024-02-01,Payload delivery,tlsh,t11624d03176f1d072e5a346741d74c6a06d3bbca25b74c58f32982f6f1e226d18eb23,
2024-02-01,Payload delivery,imphash,999e15d9eecf40cb7ae06b8e7363d002,
2024-02-01,Payload delivery,ssdeep,3072:DhzuLVx62KNUR+sZGef+NMBBBdrY/9r8TbZwX2NweyRAMQB5Or6VB:lzuL7pTvlOahK9r8+X2Seor6,
2024-02-01,Other,size-in-bytes,219136,
2024-02-01,Payload delivery,mime-type,application/x-dosexec,
2024-02-01,Payload delivery,md5,5f14d7f432e083fad7bf3875ef5b8f5b,Malware payload
2024-02-01,Payload delivery,sha256,436df38bcbf0bbc94685297e7070e8b1a92ba88a93102b7922d55e178d4b1345,Malware payload
2024-02-01,Payload delivery,tlsh,t1c3a1a7ab25695cbccb24c7c655d63a8797ed001363a8ad14ecac5f0c81fe8b54279a,
2024-02-01,Payload delivery,ssdeep,48:Yxg3SPhJSPdqKkY7EbnlUQl2vhpk6nYK+zMlFDF4w0dM0tXqlNjT2up9WMTv0mUq:QOZkB6KoTz9DEi1vgQYXSP,
2024-02-01,Other,size-in-bytes,4860,
2024-02-01,Payload delivery,mime-type,application/json,
2024-02-01,Payload delivery,md5,9c9d098b47e486f6609a475586c7176e,Malware payload
2024-02-01,Payload delivery,sha256,394fbc826e48056e5880f8ff73cfb356bac5f4a5137d78661f466777eb4031ab,Malware payload
2024-02-01,Payload delivery,tlsh,t142918652261c0cbec3294b83a05c76d76bae02739094fd2898bd9f0ca5ff2b141769,
2024-02-01,Payload delivery,ssdeep,96:jjPekxq8pVFawTH9o2nTv71vzhHtsIZhL33R+:jjPvguFaA9o2nbdhNsIrL33R+,
2024-02-01,Other,size-in-bytes,4215,
2024-02-01,Payload delivery,mime-type,application/json,
2024-02-01,Payload delivery,md5,851da46b278480be34578ccf686af757,Malware payload
2024-02-01,Payload delivery,sha256,1e50bf2913a4a75deeb393a0af79802bf40b3469c31cd3c3173c9716c2676b8a,Malware payload
2024-02-01,Payload delivery,tlsh,t17aa174ab31550cacc62987da94e13b8b97bc01a39494ec24a4ac5f5c92ff8f1437ad,
2024-02-01,Payload delivery,ssdeep,48:Yxg3SPhJSPdqKkY7EbnlUQl2bqRifk/n0+aWCDF4w0biYtXnQbZ2Hp9WjyUxG1v6:QOVkTa1uAbZ49bMG1vCb8vbJAsLBEIA,
2024-02-01,Other,size-in-bytes,5005,
2024-02-01,Payload delivery,mime-type,application/json,
2024-02-01,Payload delivery,md5,d202f2fa2e4e5b9e5cc4163f2f258bcf,Malware payload
2024-02-01,Payload delivery,sha256,a4adaf812ced11ed849275d2ae9206d97535cfac7143a94e986830647072dedd,Malware payload
2024-02-01,Payload delivery,tlsh,t15191749a26095dbcc65496e3e5803ad7876e1093b098dd2ce4fc9f08f1ff1f04276a,
2024-02-01,Payload delivery,ssdeep,48:YxY6wE8dlpkofn16Ru+FzvDFU0NhtXN3rm/2xp9WhHp6Y2UHs1vhmObvK3moRteq:NpkocRtp9hEA9Sr2Ss1vhPMeHLKeSBx,
2024-02-01,Other,size-in-bytes,4284,
2024-02-01,Payload delivery,mime-type,application/json,
2024-02-01,Payload delivery,md5,0a75882ffcaf090db1ad274d17515925,Malware payload (Amadey)
2024-02-01,Payload delivery,sha256,cacf3bfc28d0506469de491a450e74ae2ded5be5dfb2e1fbd73684cf353c74c0,Malware payload (Amadey)
2024-02-01,Payload delivery,tlsh,t12f0533b40f1fd351d21aadb4058ed1a45cb878b0ab00f675872f8d964d88acf2b53b,
2024-02-01,Payload delivery,imphash,7515ecf8c0dfa4d230ad835fe0acb57f,
2024-02-01,Payload delivery,ssdeep,24576:zih9m1J77wnVwQIBaWnBCqmZMO8tbmNrU0W0RCuwnJbWQ:ziUznwnVlIBaWntGV8tSgucbJbW,
2024-02-01,Other,size-in-bytes,810496,
2024-02-01,Payload delivery,mime-type,application/x-dosexec,
2024-02-01,Payload delivery,md5,430c5689ac23cfe06816ae35d5dee009,Malware payload
2024-02-01,Payload delivery,sha256,99a9485e7249f7753edbc3272f8cdcee7ef879223e653b27d864af007640008d,Malware payload
2024-02-01,Payload delivery,tlsh,t1f291649a27095dbcca5496d3e5803ad7c76e0493b098ed2cd9fd9f08e2ef1f102759,
2024-02-01,Payload delivery,ssdeep,48:YxY6wRdlpkofn16Ru+FkDFU0NhtXeV2Qp9We6T2UHs1vibvKqRteU3wxioLeD9dK:RpkocRtG9U/9K2Ss1veiHLu9d8x,
2024-02-01,Other,size-in-bytes,4274,
2024-02-01,Payload delivery,mime-type,application/json,
2024-02-01,Payload delivery,md5,fc0103d962c29339fadfad4520bd1e24,Malware payload
2024-02-01,Payload delivery,sha256,51f90efe5021c2ee24f39f18c9a8beac87a3e270e565ca8ae429231f042fd1b6,Malware payload
2024-02-01,Payload delivery,tlsh,t1d5b423076bf4647cd6b33e79ca9bf410c3140a9068f7745b34fe60979389ac699a4e,
2024-02-01,Payload delivery,ssdeep,12288:2vUiXQD+P4u40vJmWnRxweQj/UvzYLNkUIlvRLtPh+hK:TiP4SvJTR+b7FLNkUIlvNt0M,
2024-02-01,Other,size-in-bytes,494656,
2024-02-01,Payload delivery,mime-type,application/octet-stream,
2024-02-01,Payload delivery,md5,ef715d048fb35afec46ca28ca1a5a783,Malware payload
2024-02-01,Payload delivery,sha256,2370c4a81a2872fa16e31a2ba499bc1f14f432c2afbfdd5ab408080b33bc9cbd,Malware payload
2024-02-01,Payload delivery,tlsh,t1a9b4232c8acc66ae81474a0bfcf1af6ea4146d71f60bb189587dc2c01249d1f7eb71,
2024-02-01,Payload delivery,ssdeep,12288:eWCXgFaTqhCScvkwxsM3SRvlmVh2la3OeGSZCEmo:eWCcaTqhax7CRvwOlwOeEo,
2024-02-01,Other,size-in-bytes,494656,
2024-02-01,Payload delivery,mime-type,application/octet-stream,
2024-02-01,Payload delivery,md5,743ba97da3b6a41981554fe6966972a6,Malware payload
2024-02-01,Payload delivery,sha256,d3931565fe52309baa938e906a39065ca46c7bf6e8be82ee91dcc579a5543d6d,Malware payload
2024-02-01,Payload delivery,tlsh,t1104423469b646e40db17f99f5c42ad2a2851ccce07c67670745e8dbfaf3af4360a07,
2024-02-01,Payload delivery,ssdeep,6144:3P3tzMRLyEF3n3Q0jHZ6CvyLbGaAovGd6sWICIWrj4nD1c2ybUGJ:31z6JF3DvvyLbve6snCJrjadGJ,
2024-02-01,Other,size-in-bytes,259136,
2024-02-01,Payload delivery,mime-type,application/octet-stream,
2024-02-01,Payload delivery,md5,79e6b937033f5ae1423bbc420dc4f8dc,Malware payload
2024-02-01,Payload delivery,sha256,3e779a1bb504e60bddb5841831c9604aa135f2c2f04ad9d12516dbc1a4164274,Malware payload
2024-02-01,Payload delivery,tlsh,t150442386619c80e8ff5ab59a1e1c187cf1109fb60ef988faae24165c89f3d01973d3,
2024-02-01,Payload delivery,ssdeep,6144:e++vRrXRbOHR0x9tQoiR5Ys9RwzMYFOlHQKxBjUe7tm:e++vJIH4dE5rRUiwK3ge7g,
2024-02-01,Other,size-in-bytes,259136,
2024-02-01,Payload delivery,mime-type,application/octet-stream,
2024-02-01,Payload delivery,md5,23d9cdc65cf9c64d593b2037e33d67d1,Malware payload
2024-02-01,Payload delivery,sha256,913b589e1b15d30cff7758a1f3ffe1cf641e4c1da05a63e61f6a4852d055e0d7,Malware payload
2024-02-01,Payload delivery,tlsh,t1d1b533d585351b78df13ebb5c949ac403297bd53c6bdc4181888fd8a4bfd6bb8801c,
2024-02-01,Payload delivery,imphash,baa93d47220682c04d92f7797d9224ce,
2024-02-01,Payload delivery,ssdeep,49152:xZxFc3ZIJ1+UzIiA9ACeNiMaxzk/xvwEUXILzjTIooQ:fc3ZIv+7iA9Nth2/B80j,
2024-02-01,Other,size-in-bytes,2306048,
2024-02-01,Payload delivery,mime-type,application/x-dosexec,
2024-02-01,Payload delivery,md5,80d9df63bdc12a581c24df0d7345a398,Malware payload
2024-02-01,Payload delivery,sha256,3f019e3464610afec3bfe5ef505a90d4efb43f7d668d17c46becc1c776ea3eb6,Malware payload
2024-02-01,Payload delivery,tlsh,t1a79185e771155eb9c51fc5ea55e939cecabd001390305c6ce5ad4b0b88fe1b61323d,
2024-02-01,Payload delivery,ssdeep,96:XG29k0yan4wgaBSQcsTN9+BMOy0G1vRctHsz9UAeG/pHWVXr:C0049rVGmlpM,
2024-02-01,Other,size-in-bytes,4529,
2024-02-01,Payload delivery,mime-type,application/json,
2024-02-01,Payload delivery,md5,0f2ee798b98f5cef79f3a758761602fb,Malware payload
2024-02-01,Payload delivery,sha256,ac3b9fa5220d4634c9aa33113fddd4cad77a5db598cc6e9109b2187b0d89bf04,Malware payload
2024-02-01,Payload delivery,tlsh,t1f0a174eb61691cbccb19c7c690d93b8797fc015352a4ec28a8dc6b0c93ff97152669,
2024-02-01,Payload delivery,ssdeep,48:Yxg3SPhJSPdqKkY7EbnlUQl2vhpk6nYK+z1DF4w0dM0tXnGbZ2up9WSgyUfi1vU1:QONkBhKWbZz9BEi1vUb8pbbYkZyvP,
2024-02-01,Other,size-in-bytes,5023,
2024-02-01,Payload delivery,mime-type,application/json,
2024-02-01,Payload delivery,md5,1f7b35b9ded5e9557f94059acbbe720c,Malware payload
2024-02-01,Payload delivery,sha256,08ab827e0d283600088bf025367a7927403e9d61db4fe6cf3df4a21f652bf0cd,Malware payload
2024-02-01,Payload delivery,tlsh,t164a1989b25651cbcc714c7c255d93a8787ed0153a298ac14fced5f0c82ff9b50366a,
2024-02-01,Payload delivery,ssdeep,48:Yxg3SPhJSPdqKkY7EbnlUQl2ahpk6nYK+zebDF4w0dM0tX8r82bp9WG9sYUfi1vS:QOYkBAKpg9nEi1v1/Y3zP,
2024-02-01,Other,size-in-bytes,4971,
2024-02-01,Payload delivery,mime-type,application/json,
2024-02-01,Payload delivery,md5,c69c4e2d23136d140a60d2bb53fb61ab,Malware payload
2024-02-01,Payload delivery,sha256,2a7dfbb16c5ac35744e7b6e50febf1217a1d9d70eec06ef96c492f08ae6fa813,Malware payload
2024-02-01,Payload delivery,tlsh,t10891b4b716288cacca1487d395903b8756bf41a7f0849e68b9f88f0ce0fe1f51136b,
2024-02-01,Payload delivery,ssdeep,48:Yx5AvwlYYwwKbsJkmnh+0DFU0omOtXxR23p9WtY2UKJ1vybaKqRrC3wxioiRyqUQ:YAvwlvkv0S7U9/2FJ1vu8iRIxdE,
2024-02-01,Other,size-in-bytes,4323,
2024-02-01,Payload delivery,mime-type,application/json,
2024-02-01,Payload delivery,md5,3afabbe94c3de59158aa6ec3460168d2,Malware payload
2024-02-01,Payload delivery,sha256,93b21740dcd8434e249e31f08546179a0316136ea66c2a435ce7f2c8aaea207f,Malware payload
2024-02-01,Payload delivery,tlsh,t11f14d0c6727118b78fc45ad6894f69403962f5a6c9203f2077ced9ffb8861ba10c4d,
2024-02-01,Payload delivery,ssdeep,3072:FgwsDaqhv9U4Uz5JncPvoLOYBBjEZnqeuhpB9agmiowWX:SwShv9UVnjJjOuLBIiOX,
2024-02-01,Other,size-in-bytes,192516,
2024-02-01,Payload delivery,mime-type,application/octet-stream,
2024-02-01,Payload delivery,md5,6f3cc73a6c16ec393f30eda64a6b588f,Malware payload
2024-02-01,Payload delivery,sha256,ccf3fc8d8470aa0d0300aee3569cf66ec15ade0abbc69908f255276bb20c5c54,Malware payload
2024-02-01,Payload delivery,tlsh,t1a95633fc9c6240b1cbafdcf0654720b53560fc1a409c54ab09a653e7ae8a3da51eb4,
2024-02-01,Payload delivery,ssdeep,98304:cVdkCWJQCvXS4TJ/UagWUWkV/IZ03fmSQCn1Tv8jfB0HR8fz7KgBM6NfrfuyuUeI:c6Kj4FhghW1Sb1iEebBNNz9E5a3A4,
2024-02-01,Other,size-in-bytes,6174812,
2024-02-01,Payload delivery,mime-type,application/octet-stream,
2024-02-01,Payload delivery,md5,a44bdf9d927d48a38cdd9370cd2e33a8,Malware payload (Socks5Systemz)
2024-02-01,Payload delivery,sha256,11d15f44b44c5ffd7208dfafe16dfdc9bf0bfc402f0ed0b311c06ede51fc7e42,Malware payload (Socks5Systemz)
2024-02-01,Payload delivery,tlsh,t1357633767ea38172e96cfff05ec10990632e39d61a04b019b41e9cddcfaec106559a,
2024-02-01,Payload delivery,imphash,884310b1928934402ea6fec1dbd3cf5e,
2024-02-01,Payload delivery,ssdeep,98304:NXQJ/mzWC9VVLHZjrBhEKZ6UIRf1hD0Qs6Mh31VUasrILPekvTadozD:BQJEWUVLHZ3BFQ90Qsvh3pdPesmiX,
2024-02-01,Other,size-in-bytes,7544593,
2024-02-01,Payload delivery,mime-type,application/x-dosexec,
2024-02-01,Payload delivery,md5,11fd58f39131cf6218dcad45ac9d706e,Malware payload
2024-02-01,Payload delivery,sha256,b8688b905cbf5fcd445c29858162fc7b6de1ea52fb7cd9faed6e700fd8dcbe35,Malware payload
2024-02-01,Payload delivery,tlsh,t1eb91b7b7152c0cbc8a2487e3a9943bd7567f4567e084ad58b9bc8f0ce0fe1f61136a,
2024-02-01,Payload delivery,ssdeep,96:YAvwlwkvQISnya0o9HT2FJ1vltPBiwPkXnE:YAv4Xo9z2FBiwPmE,
2024-02-01,Other,size-in-bytes,4328,
2024-02-01,Payload delivery,mime-type,application/json,
2024-02-01,Payload delivery,md5,7096701c3b79d777c92e17c87dac9cdb,Malware payload
2024-02-01,Payload delivery,sha256,854fe2674ce6dc41520c2e4ad7b8da1318b4cbc15e90cc585776eeb97dd4dcc5,Malware payload
2024-02-01,Payload delivery,tlsh,t14491c5b715284c6dca1487e395903b8756bf416be0849e68faf88f0cd0ff1b51136b,
2024-02-01,Payload delivery,ssdeep,48:Yx5AvwlYYwgKbsJkmnh+0DFU0omOtXxR23p9WtY2UKJ1vybaKqRrC3wxioiuwNf1:YAvwltkv0S7U9/2FJ1vu8ivfzyUwE,
2024-02-01,Other,size-in-bytes,4322,
2024-02-01,Payload delivery,mime-type,application/json,
2024-02-01,Payload delivery,md5,9c5b50639762d551a3da1db568b5141e,Malware payload
2024-02-01,Payload delivery,sha256,3bd6c7e5732ba32d7c3bbdd3226afb41d4beaff02298b61909b905da449066f2,Malware payload
2024-02-01,Payload delivery,tlsh,t1d19196ebb1155eb8c51fc5ea56e939cecabc001390745c5ce5ad4b0b88fe1b52323e,
2024-02-01,Payload delivery,ssdeep,96:XG99k0yan4wgaBSQcsTN9+BMOy0G1vRctHsz9UAeGkqd4rAVXr:p0049rVGmlY+,
2024-02-01,Other,size-in-bytes,4529,
2024-02-01,Payload delivery,mime-type,application/json,
2024-02-01,Payload delivery,md5,26c6c4639fa0b7c68f709b05b930ee6e,Malware payload
2024-02-01,Payload delivery,sha256,04159b183831670412f3827c4413f1eb5b73d4ae40040c793545f26bd1da892d,Malware payload
2024-02-01,Payload delivery,tlsh,t1db416fca32d3057cbc60f52b31954900bbd5a4ca31c9ff496aecf5d5478cf4436925,
2024-02-01,Payload delivery,ssdeep,12:Gn0F0qFEi0F0qky0F0qzww0F0qISKCjF0F0qk3S0F0qMNcepu0F0qwnm/rjMw0F/:1I000EQRpr8m/rIho4QYX,
2024-02-01,Other,size-in-bytes,1911,
2024-02-01,Payload delivery,mime-type,text/plain,
2024-02-01,Payload delivery,md5,58193852a4651fd9bb55be8360fa73c3,Malware payload (Gafgyt)
2024-02-01,Payload delivery,sha256,214996c475243973d572a5fb50ee68ab420ff5a0e1e1df288b5634cc1e96ef3d,Malware payload (Gafgyt)
2024-02-01,Payload delivery,tlsh,t1d5147225991ad217c4d2eefdffc5baca661df2838bc6a3027590605d0fe5e94242f8,
2024-02-01,Payload delivery,ssdeep,3072:rB/7zBkws3JNsmTscCvP3JkGvH12m1frDuOK0fKLa:FOZJNsmTcP3x2m1frDuOK0fKLa,
2024-02-01,Other,size-in-bytes,198125,
2024-02-01,Payload delivery,mime-type,application/x-executable,
2024-02-01,Payload delivery,md5,59902c5a74dae988b9d805038a7f8069,Malware payload (Loki)
2024-02-01,Payload delivery,sha256,fbfb7a147846abdc2dcb3c04ea599ee0a97702edbd5e789c08756bb4ded1a4ec,Malware payload (Loki)
2024-02-01,Payload delivery,tlsh,t16e64ce58ef98d3dec6e0367cfd2b1773469daddaf1aabd8f11c0928d2841a100751a,
2024-02-01,Payload delivery,imphash,f34d5f2d4577ed6d9ceec516c1f5a744,
2024-02-01,Payload delivery,ssdeep,6144:33TBciK3As8pEPezTOp4ieiRdF4l2nzp5RZNY00vH42uae:nw/5p4ieiRdtn5PYJY2h,
2024-02-01,Other,size-in-bytes,320512,
2024-02-01,Payload delivery,mime-type,application/x-dosexec,
2024-02-01,Payload delivery,md5,ea73b9563574dab49dc9b87f93672c19,Malware payload
2024-02-01,Payload delivery,sha256,f631d4e5ccdfe3a7bfae84fea21a5278eef9950f3e719c0cfebf9ef92d717c37,Malware payload
2024-02-01,Payload delivery,tlsh,t1970461364a1ad127c4d6edf8fed6bae38509f1a74e96920273c0244e0ef5d85681fd,
2024-02-01,Payload delivery,ssdeep,3072:s/COnF174hux7W6YIoFpT7My6lvJmMCWd8A4pZYJ:gBf74hMq/T6/mMCWd8A4pZYJ,
2024-02-01,Other,size-in-bytes,176724,
2024-02-01,Payload delivery,mime-type,application/x-executable,
2024-02-01,Payload delivery,md5,ae7902f0eacd21e61499e814aff72af8,Malware payload (Gafgyt)
2024-02-01,Payload delivery,sha256,f409c9ae6769c5e48a207cbee7bbc1e1b438be87be3d12c4d2715ccdfecb92be,Malware payload (Gafgyt)
2024-02-01,Payload delivery,tlsh,t117f31f215a1ae123c496ecf9bed2bad78519f1978e8a8702b3d420ad0df5d85701fd,
2024-02-01,Payload delivery,ssdeep,3072:T7k4oECdEV8xkQZxhVx1T7cCcfM4m1QVd51GHvCY:T+FdE+9xLrTMf1m1QVd51GHvCY,
2024-02-01,Other,size-in-bytes,161520,
2024-02-01,Payload delivery,mime-type,application/x-executable,
2024-02-01,Payload delivery,md5,4d6a941240d8153ae777d33de3bc856d,Malware payload (Gafgyt)
2024-02-01,Payload delivery,sha256,c5665c42d40d563786557df4b4d915128208c8123ddecd74f46d87842a628607,Malware payload (Gafgyt)
2024-02-01,Payload delivery,tlsh,t166045226492ae623c0d5ecf9bee1bda2470df1834e8a870275d4519d0afadd9701fd,
2024-02-01,Payload delivery,ssdeep,3072:NyXSXCmXIWam77puT7cC0oBNomztVllYqHoFa:NflDag7kTkGNomztVllYqHoFa,
2024-02-01,Other,size-in-bytes,173808,
2024-02-01,Payload delivery,mime-type,application/x-executable,
2024-02-01,Payload delivery,md5,c83e5fe3ad52e4e366ef78fd12317468,Malware payload (Gafgyt)
2024-02-01,Payload delivery,sha256,fd2845d50582869f0e0df170e65e05bb2902c6f00ebbaa3a6e9479b7a4bf62ac,Malware payload (Gafgyt)
2024-02-01,Payload delivery,tlsh,t1b8042127592ed217c49bedf8bee27be6874df1934ac6824271c4518d0af5da1201fe,
2024-02-01,Payload delivery,ssdeep,3072:AxN/pVSM99Iu6WATKcCtZHdm4tVlw3wHowa:AxN/pVSM99IKATgRdm4tVlw3wHowa,
2024-02-01,Other,size-in-bytes,181799,
2024-02-01,Payload delivery,mime-type,application/x-executable,
2024-02-01,Payload delivery,md5,5e548d5a16c15eb1e5006ee82a2c7979,Malware payload (Gafgyt)
2024-02-01,Payload delivery,sha256,66c826b9eea2e1475bdf02f0fca31d23583b3ceb08ec1d9f65e606ac073f8e21,Malware payload (Gafgyt)
2024-02-01,Payload delivery,tlsh,t12124003a6916e73fd0a9ddb59bf2bfa28649b1835a818302f19cd10d0df558c285fe,
2024-02-01,Payload delivery,ssdeep,6144:rU7ra+d+d+Z+8+h+y+bYHjwmWTSYBmdXWF0so1Hna:CYUmNYBmdXWF0so1Hna,
2024-02-01,Other,size-in-bytes,223150,
2024-02-01,Payload delivery,mime-type,application/x-executable,
2024-02-01,Payload delivery,md5,21808954b6d1cf67e9340d3e3b588901,Malware payload (Gafgyt)
2024-02-01,Payload delivery,sha256,75295231467924b1cf3c923015adb8844cde0f492ea9607e1175576bd265e632,Malware payload (Gafgyt)
2024-02-01,Payload delivery,tlsh,t1632464356a26de77c89addb7a9d57983004cf1834ac99b17b2e0d00d8be6d4e14dbc,
2024-02-01,Payload delivery,ssdeep,6144:VrO6atj8bJf6M/UH3YkQjHySRTiGeBmdXWF0so1Hna:U1tj8bJft/UH3YkQjHySgpBmdXWF0sog,
2024-02-01,Other,size-in-bytes,223134,
2024-02-01,Payload delivery,mime-type,application/x-executable,
2024-02-01,Payload delivery,md5,d2ad5ada95de18bc3e078fed7d1fed0a,Malware payload (Gafgyt)
2024-02-01,Payload delivery,sha256,f132cba35f2e558b8d3834d96f327dd857f1fa3640c7688865e559568ab3ee27,Malware payload (Gafgyt)
2024-02-01,Payload delivery,tlsh,t1a0047536a91be627d49aedf9bdd2be979119f6834e86830272c1204e0df59d0341fd,
2024-02-01,Payload delivery,ssdeep,3072:UcEa1DBOuf/cgHZDyA9cUtGoTnSMN/kum/tVlwAGHowa:UkYuf/5hyAHtLTdsum/tVlwAGHowa,
2024-02-01,Other,size-in-bytes,180311,
2024-02-01,Payload delivery,mime-type,application/x-executable,
2024-02-01,Payload delivery,md5,632e23c4a71661be097970ab04dadabc,Malware payload
2024-02-01,Payload delivery,sha256,bc7c7b01dc22185ab533be48d10771dbc618353e39c7526bf8c8b55f52c2a297,Malware payload
2024-02-01,Payload delivery,tlsh,t1e4f33e259a1bd273c896ddf9bed2bad78509f2834e8a8702b2c4245d0ef5d94701fd,
2024-02-01,Payload delivery,ssdeep,3072:FcIpVcMvq5HIIV4CT7cCTqpmtQVd51GHvCY:F81IIHTD8mtQVd51GHvCY,
2024-02-01,Other,size-in-bytes,161968,
2024-02-01,Payload delivery,mime-type,application/x-executable,
2024-02-01,Payload delivery,md5,1842ac0ec31729d811a1226d2a67779c,Malware payload (Gafgyt)
2024-02-01,Payload delivery,sha256,182020e04bb6a5bb46f562262a8c149b87ca8d3e0a285764e3a92278a8eae9dc,Malware payload (Gafgyt)
2024-02-01,Payload delivery,tlsh,t144146025991ad217c4d2eefdffc5baca561df2838bc6a30276a4105d0fe5e94242f8,
2024-02-01,Payload delivery,ssdeep,3072:x1H7rwUApn4C1sTBcCHa3ca1fjEJmMqqD6sFhfuLa:bv64C1sT1a3UmMqqD6sFhfuLa,
2024-02-01,Other,size-in-bytes,190579,
2024-02-01,Payload delivery,mime-type,application/x-executable,
2024-02-01,Payload delivery,md5,4b78c755234a575e63f70e48eaf426b3,Malware payload (Gafgyt)
2024-02-01,Payload delivery,sha256,697ad23eac864e0ead768ff101b59e491d89e09b02ce079bee3b2cef41ce6f43,Malware payload (Gafgyt)
2024-02-01,Payload delivery,tlsh,t164148425891ad217c4d2eefdffc5bace6219f6838bc6a3027590516d0fe1e95242fc,
2024-02-01,Payload delivery,ssdeep,3072:/yKTZVR74sLBNgxaleUTpcCFz/rEfEwFXmlD4ZK+Jab:a4ViscxaQUTDz/4cIXmlD4ZzJab,
2024-02-01,Other,size-in-bytes,208494,
2024-02-01,Payload delivery,mime-type,application/x-executable,
2024-02-01,Payload delivery,md5,d6beeafc703b4ea4db10e74aedc5ffa6,Malware payload (Gafgyt)
2024-02-01,Payload delivery,sha256,81b5942bbf50cdcdf0de19a5b9f9832402332c6d97a3789bee08a00b884c29f5,Malware payload (Gafgyt)
2024-02-01,Payload delivery,tlsh,t1d734b624c91ad217c4e2eefdfec576cb631af2835bc6a3027594516d1fe1e94282f8,
2024-02-01,Payload delivery,ssdeep,6144:InqD3Y3YauowSXKaXrThlTf1M/9I3mj7LOfeLb:1Y3Yau3KKap1y/S3mj/OfeLb,
2024-02-01,Other,size-in-bytes,245951,
2024-02-01,Payload delivery,mime-type,application/x-executable,
2024-02-01,Payload delivery,md5,b34f535d66e7b6e195c0422f8e77c2ee,Malware payload
2024-02-01,Payload delivery,sha256,297fafbf33c3bfc275ffe71f6539c48f8ee5e1519bf6fb8f08cae7670c973d07,Malware payload
2024-02-01,Payload delivery,tlsh,t1f791859a260d5dbcca4497e3e44036d7876e0493b198ed2ce4fd9f08e1ef1f04276a,
2024-02-01,Payload delivery,ssdeep,48:YxY6wddlpkofn16Ru+FzvDFU0NhtXN3rm/2xp9WhHp6Y2UHs1vhmObvK3moRteU5:9pkocRtp9hEA9Sr2Ss1vhPMeHLv2x,
2024-02-01,Other,size-in-bytes,4273,
2024-02-01,Payload delivery,mime-type,application/json,
2024-02-01,Payload delivery,md5,7fbebd91cecac17ceca72bfcdafc1357,Malware payload
2024-02-01,Payload delivery,sha256,2be900e02ed3ee6313f2d7f67df8117d99d735efe8be06e3e6029168d32cd616,Malware payload
2024-02-01,Payload delivery,tlsh,t1eec4231e9d4b6a29efd497709908821d1197ef33be74e35b0340b61e637f6872c66c,
2024-02-01,Payload delivery,imphash,af02ce4a4548e322a95ca15cb9608683,
2024-02-01,Payload delivery,ssdeep,12288:8HLUMuiv9RgfSjAzRty26xGJeMTE3Z2ap4srKWLZO:WtARD6EAMC41J,
2024-02-01,Other,size-in-bytes,587192,
2024-02-01,Payload delivery,mime-type,application/x-dosexec,
2024-02-01,Payload delivery,md5,a1407dae223d87cf348df49082bf84da,Malware payload
2024-02-01,Payload delivery,sha256,93ddc043086daa202f4dbc043b122644635e39a09211f2bc613baf0ed816543e,Malware payload
2024-02-01,Payload delivery,tlsh,t1c0763317dbd62c3add80c273aa07fb1438663ed91e7532a497e934069f273170a097,
2024-02-01,Payload delivery,imphash,884310b1928934402ea6fec1dbd3cf5e,
2024-02-01,Payload delivery,ssdeep,196608:jwdwS0j4mftDubuPh5qQggyNuqLhSyGiX:LS0j/ftJPhryNlcq,
2024-02-01,Other,size-in-bytes,7549311,
2024-02-01,Payload delivery,mime-type,application/x-dosexec,
2024-02-01,Payload delivery,md5,cf854488fb2af83248abea1129a12ca9,Malware payload
2024-02-01,Payload delivery,sha256,3d53de8c359dbc228d14ada1228a538a45cf99f19dc5cfc689b9abd12585ff88,Malware payload
2024-02-01,Payload delivery,tlsh,t17b91642561180cbe8728869be0443ae35bee05a391d4ec28c4be5f5ca1ff6f101769,
2024-02-01,Payload delivery,ssdeep,96:zOzOV+km7O8ZlOFKiwTH9DnT71vfihHxisoZ5jfhtm4+:9PHKT9TTx+RJoDjfHm3,
2024-02-01,Other,size-in-bytes,4272,
2024-02-01,Payload delivery,mime-type,application/json,
2024-02-01,Payload delivery,md5,cf22f38a1b18b7c5b0e105749ac24dd8,Malware payload
2024-02-01,Payload delivery,sha256,1901d0a27ee137d4d720c64750b1c17201bf9e5023f8d06ebe6308f46516327c,Malware payload
2024-02-01,Payload delivery,tlsh,t11cb423fe5eeeec4eceb2c5471a8db34e1f9901c3219578a937607c343e28aa5e5c81,
2024-02-01,Payload delivery,ssdeep,12288:1e4womrGnzuFnKLpJurn0D8ee8VRQtgYlpIxvHZakW1lrA:s4jHzmK1JucJe8XvYlcvHgkWzA,
2024-02-01,Other,size-in-bytes,494656,
2024-02-01,Payload delivery,mime-type,application/octet-stream,
2024-02-01,Payload delivery,md5,18b0203ee3d705dd01f09df1e34a879e,Malware payload
2024-02-01,Payload delivery,sha256,33b5d1aa5aaa61099666b64a9e88df98ac9294ffe92bdf15c308bd1efe157aec,Malware payload
2024-02-01,Payload delivery,tlsh,t1e4a1a5ab31550cbc86248be695e13e4b87ad0163a0d4ac18f4ad4f4c95ff8f5037a9,
2024-02-01,Payload delivery,ssdeep,48:Yxg3SPhJSPdqKkY7EbnlUQl2+Rifk/n0+aW/bDF4w0biYtX8rG2xp9WoKsYUxG1x:QO1kTakuNe9yMG1vbDAKdH,
2024-02-01,Other,size-in-bytes,4963,
2024-02-01,Payload delivery,mime-type,application/json,
2024-02-01,Payload delivery,md5,41dea2f93b89d1e076206a6040e053dc,Malware payload (CoinMiner)
2024-02-01,Payload delivery,sha256,cd5e2d104e89da7256d9fa58a25cccad08c7646915fa7fb45a08920bb5aa2053,Malware payload (CoinMiner)
2024-02-01,Payload delivery,tlsh,t196d396db0724c22d1b00c641abc8d4983616d996c4f6d718a5ef541bfeb90ee4aec2,
2024-02-01,Payload delivery,ssdeep,3072:/jL+dKMubHspZQ513Rqyy7XZOg0mY04yC:/HkKtbcZyy7XAgU,
2024-02-01,Other,size-in-bytes,130817,
2024-02-01,Payload delivery,mime-type,text/plain,
2024-02-01,Payload delivery,md5,9c0721aa7ae8c83e76512516359f33f9,Malware payload
2024-02-01,Payload delivery,sha256,397e30e4762ab6a021b6b2d6aeb1ceca7a357adc2e890d2da92a399d5091301d,Malware payload
2024-02-01,Payload delivery,tlsh,t15ea1759b21692cbc871487d659d93e8797ed0053a2d8ac18fded6f0c92fe8a103759,
2024-02-01,Payload delivery,ssdeep,48:Yxg3SPhJSPdqKkY7EbnlUQl2xhpk6nYK+z9SPmDF4w0dM0tXDSPGo2up9WvseNEI:QOfkBIeKezz9EEEi1vZhYFf4J8dP,
2024-02-01,Other,size-in-bytes,4940,
2024-02-01,Payload delivery,mime-type,application/json,
2024-02-01,Payload delivery,md5,3226f6a1eb7a6a7d24d4598eb5561cca,Malware payload (BumbleBee)
2024-02-01,Payload delivery,sha256,cc8f725ced21895a6368dacdcd9607717acd1e3f4e3e83f5cf2daf5e17985eb4,Malware payload (BumbleBee)
2024-02-01,Payload delivery,tlsh,t18d45f011e2920ff4c472517781ab262bb7747e584325d3bbebd0d2373d927a09b19b,
2024-02-01,Payload delivery,imphash,47e01530ad43ec939d1c47709a80a5c6,
2024-02-01,Payload delivery,ssdeep,24576:hurBQwSCJul5A16u4B43RcGO6KH4uDcYM8wjUPdPL3pPAgMCw0wBR1UAd3:j0iB+3QZYPsaCw0W4S,
2024-02-01,Other,size-in-bytes,1223180,
2024-02-01,Payload delivery,mime-type,application/x-dosexec,
2024-02-01,Payload delivery,md5,743d67ef9809f344022552cf48940e6b,Malware payload
2024-02-01,Payload delivery,sha256,977a904f1a5bede2fc85d3731375b269dbcb2b8cd85ed6a93101bc937eb318ae,Malware payload
2024-02-01,Payload delivery,tlsh,t1f3a195ab11695cbccb14c7c699c93a8797ed015353a8ac14fded6f0c82ef8b102659,
2024-02-01,Payload delivery,ssdeep,48:Yxg3SPhJSPdqKkY7EbnlUQl2shpk6nYK+z1DF4w0dM0tXnT2up9WSFo8ZUfi1vAn:QOikB5KDz9vLEi1vYYY5jBP,
2024-02-01,Other,size-in-bytes,4874,
2024-02-01,Payload delivery,mime-type,application/json,
2024-02-01,Payload delivery,md5,51c09dd30d770a116ff17939a319fa3e,Malware payload
2024-02-01,Payload delivery,sha256,bb3d5dd84e34bf63873e725a575937d97aa6d8339aad0a49426723a724649f68,Malware payload
2024-02-01,Payload delivery,tlsh,t12a91569a26095dbcc65496d3d5803ad7c76e0493b194dd2cd9fd9f0ce1ef1f002759,
2024-02-01,Payload delivery,ssdeep,48:YxY6wgdlpkofn16Ru+FkDFU0NhtXeV2Qp9We6T2UHs1vibvKqRteU3wxioLOHUxT:4pkocRtG9U/9K2Ss1veiHLO0mwx,
2024-02-01,Other,size-in-bytes,4274,
2024-02-01,Payload delivery,mime-type,application/json,
2024-02-01,Payload delivery,md5,ed535d2b9d6af93672100c5784d42596,Malware payload
2024-02-01,Payload delivery,sha256,848d9865182d9ecd17eae67d86857cd7ddce94b0576f108d07af7c60ddc014e7,Malware payload
2024-02-01,Payload delivery,tlsh,t14141424b73dfb721aea3d4b2759520702282c689d0edda4cf6d835ddd06dc90726a5,
2024-02-01,Payload delivery,ssdeep,48:KAfgNezbKzAHN/4tCZcLc5qETERBY1J1A1V1a1hWBaX1mZwFqOYg1fvYNI:KAfgNezuzAHN/4tCZcLc5qETERS1J1A6,
2024-02-01,Other,size-in-bytes,2005,
2024-02-01,Payload delivery,mime-type,text/x-shellscript,
2024-02-01,Payload delivery,md5,651058fc2145eee20c5591e6118bafc0,Malware payload
2024-02-01,Payload delivery,sha256,f04c0e776b9defafd8b9509e3632cef2a74509fef0552b630e00bb3a4863bf1c,Malware payload
2024-02-01,Payload delivery,tlsh,t1f7a1a66b35664cac8624c7da94e23e4757ac0073a194ed14a8ac5f5c95fe8f1037ea,
2024-02-01,Payload delivery,ssdeep,48:Yxg3SPhJSPdqKkY7EbnlUQl2IRifk/n0+aWblFDF4w0biYtXqlNBT2Hp9Wt0mUxT:QOrkTaGuIT49YMG1veKAE8,
2024-02-01,Other,size-in-bytes,4832,
2024-02-01,Payload delivery,mime-type,application/json,
2024-02-01,Payload delivery,md5,2254f2b4dff5cdd455ee89ce3432e02b,Malware payload
2024-02-01,Payload delivery,sha256,9fce8ece53acb52591b527666df169c30f1ee22a618da2e3e229449bfd59e50e,Malware payload
2024-02-01,Payload delivery,tlsh,t158a1c8ab31664c7cca2487db98e13e8b57ad01b39194dc14f9ac5f4c85fe8f1037a9,
2024-02-01,Payload delivery,ssdeep,48:Yxg3SPhJSPdqKkY7EbnlUQl2+Rifk/n0+aW0DF4w0biYtXnR2Hp9WO8ZUxG1v+bl:QOVkTa1uh49AMG1vSmAPo2dSu,
2024-02-01,Other,size-in-bytes,4856,
2024-02-01,Payload delivery,mime-type,application/json,
2024-02-01,Payload delivery,md5,28ef820e422813b73730416a276fd060,Malware payload (Gafgyt)
2024-02-01,Payload delivery,sha256,be06c7663d5c2a24ab07d534de204c08d157076a0fb4100a9c47cb547b8d0504,Malware payload (Gafgyt)
2024-02-01,Payload delivery,tlsh,t1e1848613d9154592e1568cf2266b3391ad4b83fb88e732d3ed164aa0ff3152b41baf,
2024-02-01,Payload delivery,ssdeep,6144:kpizf+QagaibXn+3LN5hhdO1j3sE6rOmVc07BwOBl8l:vzxFFkN5hOj8E6rOmVc07BwOBl8l,
2024-02-01,Other,size-in-bytes,382284,
2024-02-01,Payload delivery,mime-type,application/x-executable,
2024-02-01,Payload delivery,md5,5b90eea00eebe881d897b3bb3459dd70,Malware payload (Gafgyt)
2024-02-01,Payload delivery,sha256,89bb3e6756a3dadcf3de2d47b99432490494df3d9ab68cb976335ad0e697753f,Malware payload (Gafgyt)
2024-02-01,Payload delivery,tlsh,t18884a727e9164552d0548cf212673356ac47c3ff98e622e3ee965da4ff2041f22bae,
2024-02-01,Payload delivery,ssdeep,6144:0LMjXGvphamPFeVD3BOXGf4EJmVcE7tTQB3vl:/XGvph+DJpJmVcE7tTQB3vl,
2024-02-01,Other,size-in-bytes,404347,
2024-02-01,Payload delivery,mime-type,application/x-executable,
2024-02-01,Payload delivery,md5,f2b636c82e3d2776c9d7f0406d447956,Malware payload (Gafgyt)
2024-02-01,Payload delivery,sha256,9f1f2aec5dd09494d5e1fd2e08523f2b1a373f8a242e9cb03ef179a15c3d7f9e,Malware payload (Gafgyt)
2024-02-01,Payload delivery,tlsh,t161848413d81545a2e1614cf222673389bd4783bb89eb32d3ed2a4da0bf6061f11bed,
2024-02-01,Payload delivery,ssdeep,6144:speKRIrPmk5hhdO1j3ev8WFrmy1DQFlmdRlJl:speKRePV5hOjiBmy1DmlmdRlJl,
2024-02-01,Other,size-in-bytes,387338,
2024-02-01,Payload delivery,mime-type,application/x-executable,
2024-02-01,Payload delivery,md5,93c8eb149171cb78e547b42404898949,Malware payload (Gafgyt)
2024-02-01,Payload delivery,sha256,518c59a6ac03f6ff9f0e35d92c6bdc51694ea40572538036334207944b65ded2,Malware payload (Gafgyt)
2024-02-01,Payload delivery,tlsh,t160847423ea158495d0108cb313a77795dc43a3bf88a732d3ea564ea0ff2551b52baf,
2024-02-01,Payload delivery,ssdeep,6144:7yjy49tUmWcmzj1phamPFe7D3BefH7HmW9VTLTqrekl:Wu4vnWcmFphUDWbHmW9VTLTqrekl,
2024-02-01,Other,size-in-bytes,395849,
2024-02-01,Payload delivery,mime-type,application/x-executable,
2024-02-01,Payload delivery,md5,0f13b39cb4fb1fe825bcbe07c32bf16a,Malware payload (Gafgyt)
2024-02-01,Payload delivery,sha256,d563dec440e2d6f5008a6ed87574a701f700de408165a6baac6e1d008f58ab22,Malware payload (Gafgyt)
2024-02-01,Payload delivery,tlsh,t1ba848613d8154592e1615cf222673389ad4783bb89eb32e3ed2a4db0bf6061f11bed,
2024-02-01,Payload delivery,ssdeep,6144:Z6xeJy0ykZ1D5hhdO1j33ZWPBmhGQQTvD0R/bl:Z6xeJy7Gt5hOjHOmhGQQvD0R/bl,
2024-02-01,Other,size-in-bytes,394692,
2024-02-01,Payload delivery,mime-type,application/x-executable,
2024-02-01,Payload delivery,md5,002a12c0a155c4b6c9850490b7318cf5,Malware payload (Gafgyt)
2024-02-01,Payload delivery,sha256,bfed3aa4bfb8c4e7a6f952ba7eb1431d695417e02d4ef61242719bec79bbde3e,Malware payload (Gafgyt)
2024-02-01,Payload delivery,tlsh,t1d8949713c8154992e1614cf222673389b94783bb8ad732e3ed2a4db0bf6161f51bed,
2024-02-01,Payload delivery,ssdeep,6144:B2oI5BaUKV+PF5hhdO1j34OdHyCzm2QBkHnF4:B2oIrar+N5hOjIkpzm2ykHnF4,
2024-02-01,Other,size-in-bytes,409564,
2024-02-01,Payload delivery,mime-type,application/x-executable,
2024-02-01,Payload delivery,md5,7bf3e6aad5d396fd44ea202ffa065397,Malware payload (Gafgyt)
2024-02-01,Payload delivery,sha256,fe40ebdbd176363032119a6fb668bd6b4d4266e5ad10e4fa206fcb1a50cdad86,Malware payload (Gafgyt)
2024-02-01,Payload delivery,tlsh,t19b9466279a214db6e4198db316a73242584e83bb85da3be3fa658d60ff5240f41f7d,
2024-02-01,Payload delivery,ssdeep,6144:YWuqpC82SIg5hhdO1j3qH76pa6fymv7Rq6r3Wsfl:9o8T5hOj6HMymv7Rq6r3Wsfl,
2024-02-01,Other,size-in-bytes,435401,
2024-02-01,Payload delivery,mime-type,application/x-executable,
2024-02-01,Payload delivery,md5,4466ae2bcd28dfc75532a3d67c709467,Malware payload (Gafgyt)
2024-02-01,Payload delivery,sha256,d6b9549d000cc5bd9ac7f4b5a22eda63fea990f4862a98e0cc5107afca025c28,Malware payload (Gafgyt)
2024-02-01,Payload delivery,tlsh,t11a947327a9218679e0248cb213f73795d94742fb95d222e3e92d8a90bf3151f05bfe,
2024-02-01,Payload delivery,ssdeep,6144:IryTiOh5hhdO1j3KzCxyhymv7Rq6r3Wsfl:SyTFh5hOjaO8ymv7Rq6r3Wsfl,
2024-02-01,Other,size-in-bytes,435401,
2024-02-01,Payload delivery,mime-type,application/x-executable,
2024-02-01,Payload delivery,md5,73a12809243b3720a9d8c23c2b33872e,Malware payload (Gafgyt)
2024-02-01,Payload delivery,sha256,29770ce75707f9172e268326b7a46bca2583e45b875581cacfd7c6b67b027ba0,Malware payload (Gafgyt)
2024-02-01,Payload delivery,tlsh,t12a94c813d9154592e1614cf222673389b94783bb8ae732d3ed2a4eb0bf6061f51bbd,
2024-02-01,Payload delivery,ssdeep,6144:SUsq3ycaY4MNdTWv1Vg5hhdO1j3hE3rpM/9Oxm+wm7FUg4:SUsSycaY4MNdT2q5hOjRe+/Gm+T7FUg4,
2024-02-01,Other,size-in-bytes,448175,
2024-02-01,Payload delivery,mime-type,application/x-executable,
2024-02-01,Payload delivery,md5,4792f39920cb6564374f2f611a4b9660,Malware payload
2024-02-01,Payload delivery,sha256,292e7ecc310a423bd62d936083af551d259b00903e85452bb29eebd18a9bc53a,Malware payload
2024-02-01,Payload delivery,tlsh,t16541cb7ccf29f8e0033db0a088492e2620949e57d6f58e24d9574ee62d7c30acf2b1,
2024-02-01,Payload delivery,ssdeep,48:LGfEFWuJqs9HZNjd+SfprcKyK0hE6S1FtfsC5P3RX5ZWiaoIhSNt/:LGfEFW87jd+Sfpbaq6S1FtfsC5P39Efu,
2024-02-01,Other,size-in-bytes,2219,
2024-02-01,Payload delivery,mime-type,text/plain,
2024-02-01,Payload delivery,md5,9b1a8afdacc05fdc170db8c4a2d853bf,Malware payload (RiseProStealer)
2024-02-01,Payload delivery,sha256,9addeb42cd1ef2b4e6a26f12cf303a7a0b46ea14a75ae66d08c4a043f988cd87,Malware payload (RiseProStealer)
2024-02-01,Payload delivery,tlsh,t1b94533b2c106d618d0b452be245291cabb5cb4fd89095b37caef43ab1ca41de174fe,
2024-02-01,Payload delivery,imphash,5ab723dc8d5af21b79dc301ed6a56a64,
2024-02-01,Payload delivery,ssdeep,24576:QrQhVp8Rko08AlA+QrzclSh1q6TY/wQUyEvO0/L79FHWye:QrQhVp8So0c9zgSh1q6Tolz01VW,
2024-02-01,Other,size-in-bytes,1195520,
2024-02-01,Payload delivery,mime-type,application/x-dosexec,
2024-02-01,Payload delivery,md5,26502d9283d73908062399dd0e80641c,Malware payload
2024-02-01,Payload delivery,sha256,a17505ab0670b934906e83db83bccaac6b9c85e01c122e3027aa3144f8f3bfea,Malware payload
2024-02-01,Payload delivery,tlsh,t122a1865b31551cac862487eb98e13e8b87bd00b3a1c4ac28f4ed5f5c96fe4f103759,
2024-02-01,Payload delivery,ssdeep,48:Yxg3SPhJSPdqKkY7EbnlUQl2YRifk/n0+aWKSPmDF4w0biYtXDSPGq2Hp9WcseN3:QOHkTaUeuef49VEMG1vHRAkPxQt,
2024-02-01,Other,size-in-bytes,4922,
2024-02-01,Payload delivery,mime-type,application/json,
2024-02-01,Payload delivery,md5,4b562662bed82aaaa3c3f909d0d95ff6,Malware payload
2024-02-01,Payload delivery,sha256,0e7441c7be8b8ac0f0e79ac2d7f42cc0d08aff122bb6b325a65dd131e963ab37,Malware payload
2024-02-01,Payload delivery,tlsh,t170a197a712685dbccb14c7d784da3aa787ed0057a2a4ac14fded5f0c91ff8b502229,
2024-02-01,Payload delivery,ssdeep,48:Yxg3SPhJSPdqKkY7EbnlUQl2Fhpk6nYK+zobgDF4w0dM0tXcg/i2up9WXibUfi1j:QODkBtKCz93Ei1vnfYYlP,
2024-02-01,Other,size-in-bytes,4798,
2024-02-01,Payload delivery,mime-type,application/json,
2024-02-01,Payload delivery,md5,7a255174a862c4eaf5962ad9c5704fdc,Malware payload
2024-02-01,Payload delivery,sha256,d4a3cbd25468e97d6ec038d15e7c7c6d9b390fac4be28be8e3aa34ee66f34475,Malware payload
2024-02-01,Payload delivery,tlsh,t129916566651c0cbdc6294b92a05c76d767ee027390c4fd28c8bd9f0ca5ff2b141b69,
2024-02-01,Payload delivery,ssdeep,96:jj7Cekxq8pVFawTH9o2nTv71vzhHtsIZh8eyR+:jjevguFaA9o2nbdhNsIr8BR+,
2024-02-01,Other,size-in-bytes,4225,
2024-02-01,Payload delivery,mime-type,application/json,
2024-02-01,Payload delivery,md5,737e5d94f1b39133f75538fb17596dc1,Malware payload
2024-02-01,Payload delivery,sha256,8ea50aed8fc287d425cc0e7c1ca193c8cfaf9ac00ecfae802d8a170e2925e3a4,Malware payload
2024-02-01,Payload delivery,tlsh,t19da195ab31550cbcc52987da94e13f8b87bd00639494dc24a49c9f5c92fe8f1437a9,
2024-02-01,Payload delivery,ssdeep,48:Yxg3SPhJSPdqKkY7EbnlUQl2MRifk/n0+aWCDF4w0biYtXnQbZ2Hp9WjyUxG1vCL:QOPkTa1uAbZ49bMG1vCb8vbJA8Do6mfN,
2024-02-01,Other,size-in-bytes,5015,
2024-02-01,Payload delivery,mime-type,application/json,
2024-02-01,Payload delivery,md5,71c7ff9c4d21858392ae494849f4cb74,Malware payload (Mirai)
2024-02-01,Payload delivery,sha256,8459dcccc75f3a5ee56579ffdc93c8fb31c4b724e462163818a35f4f11bebcfc,Malware payload (Mirai)
2024-02-01,Payload delivery,tlsh,t12e13f985b981da16cad0137bfe0e83dd372967d8e2de7303de152f51378a92a0d6b0,
2024-02-01,Payload delivery,ssdeep,768:i5g4AoHmzoEFm0wDkKEt732AMlQrD8PBjV3IQQBF55h94bedLWnQLvrn1G8WfO7:2bNmo0x1MtPBhYQQBv5IQzDXV7,
2024-02-01,Other,size-in-bytes,43552,
2024-02-01,Payload delivery,mime-type,application/x-executable,
2024-02-01,Payload delivery,md5,a9decd56928234148507cdcb2cc3a625,Malware payload (Mirai)
2024-02-01,Payload delivery,sha256,d9480b0d08680e22ffb08b4430a0c800bd20b99a3fee904ed5f3c3ff1bed1345,Malware payload (Mirai)
2024-02-01,Payload delivery,tlsh,t194130a81b31c044bd1662eb0353f1be1d7aeaa9222f4e389750f9b4ad071e339546d,
2024-02-01,Payload delivery,ssdeep,768:3zeBBxe8dnGR+JxRzB5CiJqYCvS8H5sLx0OXjPIskM87s:3zCe8dnLJxRCiJqXrZsl0KPIu87s,
2024-02-01,Other,size-in-bytes,42144,
2024-02-01,Payload delivery,mime-type,application/x-executable,
2024-02-01,Payload delivery,md5,68b000c3c874fc5b57f7bf06455ff732,Malware payload (Mirai)
2024-02-01,Payload delivery,sha256,d4c9a629f5e1d733a2497bde3b10da44de29aa3eb66853c632f4f43f0b43ae02,Malware payload (Mirai)
2024-02-01,Payload delivery,tlsh,t127034a63cc3a2e68d1154570f5299f3c9ba3e915da976ef980238366d003e9cf9293,
2024-02-01,Payload delivery,ssdeep,768:EUcnGI4Irqsh9+wuYQJ6Eq3bzo3B9BjC7K7:ED5zmsywA2bE3BjC7K7,
2024-02-01,Other,size-in-bytes,37944,
2024-02-01,Payload delivery,mime-type,application/x-executable,
2024-02-01,Payload delivery,md5,3e0fb1fec87a0e26ae70856613be3465,Malware payload (Mirai)
2024-02-01,Payload delivery,sha256,3fcf7cc3c01763a88ce28592fad69ff6edd7cd183a8370f69ce79f7b683e2cba,Malware payload (Mirai)
2024-02-01,Payload delivery,tlsh,t1531329d6f404fd3dfc0ae77a81174a09f531b29859920637a363bda76c321e84927e,
2024-02-01,Payload delivery,ssdeep,768:6cFlKviYoQdaCemkQWhAM8/Kv4un8++uHbVO1jGE32h57HcF1:6sMVdaCe4WhmSvRn8++uxO1jGs2T4F1,
2024-02-01,Other,size-in-bytes,43664,
2024-02-01,Payload delivery,mime-type,application/x-executable,
2024-02-01,Payload delivery,md5,b7a179771b2c59ddee187bbf6e573b9b,Malware payload (Mirai)
2024-02-01,Payload delivery,sha256,b4fdaf7119d56ffdad7d297f0243c8dbc706da9c1e24e8c27e5318a5b97264d1,Malware payload (Mirai)
2024-02-01,Payload delivery,tlsh,t14543840abf604ffbe86bcd3745a91b4534cca11a21e87fb56934d518fa1a14f06e3c,
2024-02-01,Payload delivery,ssdeep,1536:NukjrVfrgUL50+4FF3Tu0KZVQ80Lq7Ad:Nu2rNrgUO7K,
2024-02-01,Other,size-in-bytes,59636,
2024-02-01,Payload delivery,mime-type,application/x-executable,
2024-02-01,Payload delivery,md5,27b34b9523ee2623e7265f5280b2f7fe,Malware payload (Mirai)
2024-02-01,Payload delivery,sha256,2519ed0499c5a319d8079282c854a0a85b286bc00f0dcd77f38f343c574401cf,Malware payload (Mirai)
2024-02-01,Payload delivery,tlsh,t1eb13f985b981da16cad0137bfe0e83dd372967d8e2de7303de152f51378a92a0d6b0,
2024-02-01,Payload delivery,ssdeep,768:Y5g4AoHmzoEFm0wDkKEt732AMlQrD8PBjV3IQQBF55h94bedLWnQLvrn1G8WfO7:4bNmo0x1MtPBhYQQBv5IQzDXV7,
2024-02-01,Other,size-in-bytes,43552,
2024-02-01,Payload delivery,mime-type,application/x-executable,
2024-02-01,Payload delivery,md5,81d6affeace06acd7f2443d8c6e127d5,Malware payload (Mirai)
2024-02-01,Payload delivery,sha256,f99b784f895a4c31de09f7e8d4d6f2b27f8c54ee569dc7ea966f686e9de8f257,Malware payload (Mirai)
2024-02-01,Payload delivery,tlsh,t120132a036951c4fcc959c2b09a7fba66c533f07d2272b65e33d47e26bd4ae241e1b6,
2024-02-01,Payload delivery,ssdeep,768:AUKZWVHOBxrBncMB+8t8SPm2YT5CvlPsdm7kPoLgz0WWyHUyDOrFEXLLLLLLLLL7:+xH6MB+5SPm2Yysdm7kQLgz06UyDOrF,
2024-02-01,Other,size-in-bytes,41984,
2024-02-01,Payload delivery,mime-type,application/x-executable,
2024-02-01,Payload delivery,md5,5c0a45da332396a9b46615d89fee7909,Malware payload (Mirai)
2024-02-01,Payload delivery,sha256,f4a79700a1b1165ac0f2206b78300dfd850d73c5f0384ed2f74232fbdcc18af5,Malware payload (Mirai)
2024-02-01,Payload delivery,tlsh,t13e233a39ba35292bc4d9a43e26f70764f5f9534a28f8c71b7d320e4dbf2068065272,
2024-02-01,Payload delivery,ssdeep,768:s/1wjhY+WPJ8Myc741exiC+ds6H2+iIM8vXO+3jhXp90WQ:s/KFzWP5yg7xiC+dvW+C8TThXwWQ,
2024-02-01,Other,size-in-bytes,48456,
2024-02-01,Payload delivery,mime-type,application/x-executable,
2024-02-01,Payload delivery,md5,f4d8140eebda0fe88eb84db5574046f3,Malware payload (Mirai)
2024-02-01,Payload delivery,sha256,0b1f2ecd17594bec2b68ebf9a9788790d61eee58067cbf757abeb2e2708cbe04,Malware payload (Mirai)
2024-02-01,Payload delivery,tlsh,t10ba3b64df964ab29c3e232fefb89128e33271ba8b3f670159e315b5533c8b9655351,
2024-02-01,Payload delivery,ssdeep,3072:/jvIPNAmJq12sQl8VsiaKvawffeeuyaJ3G:rXuHXKvawffeRyqG,
2024-02-01,Other,size-in-bytes,98344,
2024-02-01,Payload delivery,mime-type,application/x-executable,
2024-02-01,Payload delivery,md5,ba256f2326b2debae574c28136202c8f,Malware payload (Mirai)
2024-02-01,Payload delivery,sha256,413a443676555d16a78cfa30c983a773b781d4ab62614647d2a15ce0da8a086e,Malware payload (Mirai)
2024-02-01,Payload delivery,tlsh,t1b943944a2e318fedf7ac863847b74e319759338622e1c684d15ce9011fb034ea55fb,
2024-02-01,Payload delivery,ssdeep,1536:xxUl6YB2LpoxVnXtujL+zny3HldZIlFh65vj0qwE057R:xY2LpMXtujL+6jX63,
2024-02-01,Other,size-in-bytes,59636,
2024-02-01,Payload delivery,mime-type,application/x-executable,
2024-02-01,Payload delivery,md5,4a7bbd09b7c95d00cf543a4dfe4b2ea2,Malware payload
2024-02-01,Payload delivery,sha256,95ec4971fb50e41aeea9a811b87dcd42f303a140e0517d107da5a98d94b120e1,Malware payload
2024-02-01,Payload delivery,tlsh,t10a5633e94cb10b32829ffcf0699768f67470ca26448c5913498d962f6e14af7e1670,
2024-02-01,Payload delivery,ssdeep,98304:X+TX92wE5vLpfyA01MwDgZgN2G4wBr9stYAmcfPrpMDfb+ml/O4741rJAD+kwCoN:X+TN2w2v9fEMwlz4amtZPrpMf/PiJ6DE,
2024-02-01,Other,size-in-bytes,6200924,
2024-02-01,Payload delivery,mime-type,application/octet-stream,
2024-02-01,Payload delivery,md5,1c815aa0faffda5ea697e4fd6551e96f,Malware payload (Stealc)
2024-02-01,Payload delivery,sha256,abad45e43d89c9015092fff7d7563eac66ecdca07aaeb50491458b8fd1dcf22b,Malware payload (Stealc)
2024-02-01,Payload delivery,tlsh,t1c914b02439f0c077e6e7497459b5d2a099fffca6aa75848f32482b1f2d323d19a613,
2024-02-01,Payload delivery,imphash,999e15d9eecf40cb7ae06b8e7363d002,
2024-02-01,Payload delivery,ssdeep,3072:CJCjhLfDwY5yu8Ls8h/pZC4suFc0FqkYimMsCAcsTm8B57jhsVB:sC1L8Y5/Cse75c0vmRFNs,
2024-02-01,Other,size-in-bytes,192512,
2024-02-01,Payload delivery,mime-type,application/x-dosexec,
2024-02-01,Payload delivery,md5,70ed914b580f7dbbe4242a92548a6d95,Malware payload (GCleaner)
2024-02-01,Payload delivery,sha256,5fdcbe6ee72322a9f32cdfd8b7fe9b8a9b41f7f6159ba600fed27c9dca08a713,Malware payload (GCleaner)
2024-02-01,Payload delivery,tlsh,t10f24cf203ae0c476e5a746744970c3a46d3bfca29bb4854f36683b1f3d227d29a763,
2024-02-01,Payload delivery,imphash,999e15d9eecf40cb7ae06b8e7363d002,
2024-02-01,Payload delivery,ssdeep,3072:OhzRL1IjG+ORGOYce5jK328si8P+awHIZ2VWgQ9VTBiH5jZnVB:ozRLCC7YcEjkMDmaZZ2IgQ9VTgZn,
2024-02-01,Other,size-in-bytes,219136,
2024-02-01,Payload delivery,mime-type,application/x-dosexec,
2024-02-01,Payload delivery,md5,a6ed96cbb042bfab404bc99455ce5401,Malware payload (Mirai)
2024-02-01,Payload delivery,sha256,77323acb3070589f6d088cbca0a380b3820399e4c0dbe3cb2371e6dd76833fa0,Malware payload (Mirai)
2024-02-01,Payload delivery,tlsh,t1c8b2d1d1a23a7f92dabaae760ddac95c36b21fcd3752dca224d84b919603130012de,
2024-02-01,Payload delivery,ssdeep,384:bZ9y5xLj5ettPk1KzUtd6nn4CXmXD9Ur4LzhmP2WBt/NfkJM4uVcqgw05VxJM:be55oc1YsphOdNfkm4uVcqgw09a,
2024-02-01,Other,size-in-bytes,24592,
2024-02-01,Payload delivery,mime-type,application/x-executable,
2024-02-01,Payload delivery,md5,a41194cbbc723370717840ed787650f3,Malware payload (Mirai)
2024-02-01,Payload delivery,sha256,6146501ef2d1ac3362b217b0f9ef029c0b15980a396af888f2476aeab2987d7a,Malware payload (Mirai)
2024-02-01,Payload delivery,tlsh,t12fa2d061613aa9a0ce64243e8d6b848c2b63127cc6de3373170682fc7bdd68967f94,
2024-02-01,Payload delivery,ssdeep,384:KtokYCcut7jOioa2M7vk6E6uKk4qaDC0vhZjE4L/mU4Nmcp8376afGcVZ8hymdG+:KOkYCcWoa28EtV4qke4LOUkmcpe2aeTl,
2024-02-01,Other,size-in-bytes,22812,
2024-02-01,Payload delivery,mime-type,application/x-executable,
2024-02-01,Payload delivery,md5,cb41047b5b07690fba3376d58fee676f,Malware payload (Mirai)
2024-02-01,Payload delivery,sha256,a980400b4f50af7e870bd696c38f0b1ddbcdbe484766e3d30de7d60f8ccff5c0,Malware payload (Mirai)
2024-02-01,Payload delivery,tlsh,t138b2d0f96ba678f6cc1492339b0c5daf00b1f3d0d78ea186634e8163607215f69a4f,
2024-02-01,Payload delivery,ssdeep,384:MM80AgOXe89Nqu4vJpKr6SPmIErdrkoH5ev/bb90S9XD+ePd8udOE+4wtNyk:unLR9NqueJp8mR9koH1S18uEB4wmk,
2024-02-01,Other,size-in-bytes,25480,
2024-02-01,Payload delivery,mime-type,application/x-executable,
2024-02-01,Payload delivery,md5,2ca8596df48acb64d25f2419ddfb382e,Malware payload
2024-02-01,Payload delivery,sha256,de035b3e3a8e4ed916165a22b7e0b7d8b13ef615cf3870adae44a4cfab9092d3,Malware payload
2024-02-01,Payload delivery,tlsh,t1f8c2d078874148c8c721e8f905a847120f590f6abd53ce4bb94afdf75e8d1b8a8977,
2024-02-01,Payload delivery,ssdeep,768:vLhTTJzbTX1jAnJvv34Lcv+nc2JgGlzDpbuR1J5:vVTTRbLFm44WnHVJu/,
2024-02-01,Other,size-in-bytes,26496,
2024-02-01,Payload delivery,mime-type,application/x-executable,
2024-02-01,Payload delivery,md5,83e71b341005e1ce5154aff7fdc14e5e,Malware payload (Mirai)
2024-02-01,Payload delivery,sha256,21ec740c63c6d1460ea3dd73855f98e0c9ce0a6b430a58b9bf3e393709aff0d5,Malware payload (Mirai)
2024-02-01,Payload delivery,tlsh,t103434cd6b4019d7df58be6fd80360d0dbc25212160a31b27bba7fc93bd731689925e,
2024-02-01,Payload delivery,ssdeep,768:nPcWOQzYLJe7VQ1aGVyAMGFpFHQCkJgFHc6Lswxuu0qdpqAQ1FJ81DCO2L89KlTV:ndzKJWVg2oFc6Lswgu0KqAQ1n81D08uV,
2024-02-01,Other,size-in-bytes,58644,
2024-02-01,Payload delivery,mime-type,application/x-executable,
2024-02-01,Payload delivery,md5,6aa35238ce864a32b970760c224845d9,Malware payload
2024-02-01,Payload delivery,sha256,1039933f6742d473b61b3c46fdccd4a8e7a6c9e4562dcc696f811d30088a6508,Malware payload
2024-02-01,Payload delivery,tlsh,t1fd23f9d3f950febdf41be33f8816040ab230bb9641a146736767345b9c3b295486be,
2024-02-01,Payload delivery,ssdeep,768:ShxLEwWFEdXnVJwdAF9GsB848d/cjJrYGyxVQ6hxlYV3LTZ:S+FEdYdAnd848d/arYGyxi6hxlY5LV,
2024-02-01,Other,size-in-bytes,46736,
2024-02-01,Payload delivery,mime-type,application/x-executable,
2024-02-01,Payload delivery,md5,ab884331d7b9f21e5d57fd771010413d,Malware payload (Mirai)
2024-02-01,Payload delivery,sha256,c313ed9f91203d6d44f53c1fe0a7049f4fa063522d1d398d713c329a8ddc777f,Malware payload (Mirai)
2024-02-01,Payload delivery,tlsh,t106230ac98472aefad114f4b07c3a6fa8035f66516a4f0dea693d8a50434f0dfe04f6,
2024-02-01,Payload delivery,ssdeep,768:d1i1RdkAWTuJvgGKKrvI7TXb38Vh0547LgxKqX+50gAXPktUo6zgarCQCzmG:d1WvJtgHmh9J2+5nAXctD6frCQCz3,
2024-02-01,Other,size-in-bytes,47240,
2024-02-01,Payload delivery,mime-type,application/x-executable,
2024-02-01,Payload delivery,md5,df02f23bdcc77f40027784191abda46b,Malware payload (Mirai)
2024-02-01,Payload delivery,sha256,4c476a5e9377229d6ffd850fa805b5417479c514c9a938d51a209025fadacd66,Malware payload (Mirai)
2024-02-01,Payload delivery,tlsh,t165636c24ad792e16c1d4653a62f78325f2e6330e25b4d71d3cb60f8fff24684a8162,
2024-02-01,Payload delivery,ssdeep,1536:07Z3E+Ui1a8xJqChecjQw6stAvuZH7vAh2NBzG:0VlqChecd6pvuJ7oqzG,
2024-02-01,Other,size-in-bytes,66860,
2024-02-01,Payload delivery,mime-type,application/x-executable,
2024-02-01,Payload delivery,md5,19aa666c713e59bdb6b0f2d760b9a66f,Malware payload (Mirai)
2024-02-01,Payload delivery,sha256,f3e0d9be60c79b20701b3eaf32b4c8ec98834635c9499e516a231d798a2871ed,Malware payload (Mirai)
2024-02-01,Payload delivery,tlsh,t111c2e0e452bf7b61d21ca4311329555d487f8624c7fc56e23dd2380e360aefca491c,
2024-02-01,Payload delivery,ssdeep,768:jGNUjZBDFk+bt77UxQVZF4Ijr7YqJKqrVzS2WZgNeMh:Se/DO+h7IKF5jPKAVm2Sg8Mh,
2024-02-01,Other,size-in-bytes,26668,
2024-02-01,Payload delivery,mime-type,application/x-executable,
2024-02-01,Payload delivery,md5,ae3f976fb96abe83827a82329caae2ef,Malware payload (Mirai)
2024-02-01,Payload delivery,sha256,1135cd148f6327fcf49c617e1c0749b77383fc2ebc0db00c3904bd6ddd7ae888,Malware payload (Mirai)
2024-02-01,Payload delivery,tlsh,t16223f2f4523dfafadd206831e9ed099bac585d3ce2e1253e200498744ad34e6466ef,
2024-02-01,Payload delivery,ssdeep,768:y9gdMMupTaEnpus556iNU33xZmpdzk/8bS9q3UELyJJByOYKTRfXtXTk:wgdMMupSs3UxUjk/8bHLcLyOXTk,
2024-02-01,Other,size-in-bytes,49416,
2024-02-01,Payload delivery,mime-type,application/x-executable,
2024-02-01,Payload delivery,md5,43a1eecf84c0b80e73f5fd9cab05d938,Malware payload (Mirai)
2024-02-01,Payload delivery,sha256,5793efecebb6bd3a62082f67e652d2ff324dc31983e7355cdb4b15d60020e241,Malware payload (Mirai)
2024-02-01,Payload delivery,tlsh,t191c2c06de1f8d946cc5d2c3865cd165a9f11b08831cb9e8caf098c92e6ad95f58ec0,
2024-02-01,Payload delivery,ssdeep,768:cUZElKOQiAJKFmZ2KQaGJrDk+k74+rcb9WK:ctPNoLSJfkrUN,
2024-02-01,Other,size-in-bytes,27448,
2024-02-01,Payload delivery,mime-type,application/x-executable,
2024-02-01,Payload delivery,md5,c2a91f799bb5e89d04bfaa7432fe2f9a,Malware payload
2024-02-01,Payload delivery,sha256,ee8fa97b77f2466592c2192c2691b171f2b4a2da32b6fd35ea05398db129360b,Malware payload
2024-02-01,Payload delivery,tlsh,t13c73007aab619ebbdc4dcd3305994541208c964a53d92f6ffae4c528e38bd0f48e3c,
2024-02-01,Payload delivery,ssdeep,1536:7eThMh08tVT/43Rhu8WyVrUQCZFpQtbse:eMDyrUQC,
2024-02-01,Other,size-in-bytes,77488,
2024-02-01,Payload delivery,mime-type,application/x-executable,
2024-02-01,Payload delivery,md5,2a2889926955c9863aea7b2d1cbaafb9,Malware payload (Mirai)
2024-02-01,Payload delivery,sha256,6f809ca4940177fcbfd7047fd7727b2be439495cf02479c4d55e176c85261a89,Malware payload (Mirai)
2024-02-01,Payload delivery,tlsh,t1f1438da5c1ec9dacc75489b8b611d9389723a00896e73ef6da45c7869007fecf0993,
2024-02-01,Payload delivery,ssdeep,1536:papYFCRtDUej11R3aofs3fQlYVJv/LCm:pWYYRtjPjf+fyYzv/L,
2024-02-01,Other,size-in-bytes,56772,
2024-02-01,Payload delivery,mime-type,application/x-executable,
2024-02-01,Payload delivery,md5,d43e2dff75a77258443cbc4ac5076546,Malware payload (Gafgyt)
2024-02-01,Payload delivery,sha256,c8d30f55b1cf383be5a59bf197406169b9c4724b70178861dc09cf667affc1da,Malware payload (Gafgyt)
2024-02-01,Payload delivery,tlsh,t1acc2e0ad7637675ecc7e61b3ca1c9e07a858902fb3ce6b5074d2d481e6b33012b874,
2024-02-01,Payload delivery,ssdeep,384:MwXmyd1VQ4C2bA/Mmhf2ydxTJIIgvBywO8CNZe6hGegijNhpm6HoYV4J4THos/wb:Ky3VQTkAkmUMpuIfFbhGopm6gJ4TIeFG,
2024-02-01,Other,size-in-bytes,26744,
2024-02-01,Payload delivery,mime-type,application/x-executable,
2024-02-01,Payload delivery,md5,103bfa1a4805f3824d9dae13ffd8e4b9,Malware payload (Mirai)
2024-02-01,Payload delivery,sha256,2df53aba05884710bf1af1154265c27b147741d2c84a7e66014d63f2dc33dd9c,Malware payload (Mirai)
2024-02-01,Payload delivery,tlsh,t102b2d1eb10c668e1d13218b4faf4c2cb6edb46acd5f538211139527c17eed907629d,
2024-02-01,Payload delivery,ssdeep,768:80/zqkDbGa/UcMojsjA+By2F/JGJls3Uoz6:80rbbJUGeA+82F/qoz6,
2024-02-01,Other,size-in-bytes,25628,
2024-02-01,Payload delivery,mime-type,application/x-executable,
2024-02-01,Payload delivery,md5,0675fbacefd726e5ab6cbc64deb1f875,Malware payload
2024-02-01,Payload delivery,sha256,03b33486ea37d458e9213be9db8cea1782069e3eb9e3e1354aa5dbab41b060d1,Malware payload
2024-02-01,Payload delivery,tlsh,t183432a45b643c5b7cc830bf54297a9bf5230f9299a6a0d9af31c7db8eb135c871183,
2024-02-01,Payload delivery,ssdeep,768:vOzMRDQAqe9UUv8iVAbnEKmZbOvBoJ+CX97r5esqZu4Wrogqc9+YlToPeqFWWWGF:JUCX97MsqerTt9vToka5X1/H,
2024-02-01,Other,size-in-bytes,58110,
2024-02-01,Payload delivery,mime-type,application/x-executable,
2024-02-01,Payload delivery,md5,c997a4f591c19dd9874e18b609a48d63,Malware payload
2024-02-01,Payload delivery,sha256,6aa1a26d475d7605d57cbcfcf69e57b6fbaf944a1ccbaf487b8102940388e724,Malware payload
2024-02-01,Payload delivery,tlsh,t17473b63b2b132e63c4cd103245f34371aabad71a38bd5b53a8a06d686f05b9434563,
2024-02-01,Payload delivery,ssdeep,768:my5dTm/3IheI9ZHHXqUj0YKQYounWyWKostltp2hXF0cO+Ey//5beffPoav8jofT:y3Iralj/tIZF0m1IFYLq,
2024-02-01,Other,size-in-bytes,76202,
2024-02-01,Payload delivery,mime-type,application/x-executable,
2024-02-01,Payload delivery,md5,26d0e122e252b0ae7542554a042b0883,Malware payload
2024-02-01,Payload delivery,sha256,1d35bfaac6608d30fe828eecc49e39a2735b41ebc80896e048cc27bf4d216361,Malware payload
2024-02-01,Payload delivery,tlsh,t17013192b2292c06ec12b91b029eaf6a3f821b57c1275a44733d57f3aef7ac405d593,
2024-02-01,Payload delivery,ssdeep,768:uPz5g8mKZiPSm/TR/e26XC+4Lfv5k3LkHB0oDqwK3vV33E5b6+PA:8K8r4PS0doXC+4Lfu3AHB0o2wW3E5b6+,
2024-02-01,Other,size-in-bytes,43712,
2024-02-01,Payload delivery,mime-type,application/x-executable,
2024-02-01,Payload delivery,md5,c8682444af71fb9dc5376fe78ab25b91,Malware payload
2024-02-01,Payload delivery,sha256,d8f2123aa781289977cf7785a3823c3d9cacd0e66e643f4f00892d99dbd09e2e,Malware payload
2024-02-01,Payload delivery,tlsh,t11c91522615385d7cc758c5ca98fc3d4f567e005bf2609c14a6de8e0ae2ff1f283a61,
2024-02-01,Payload delivery,ssdeep,96:eylrkYOhDH5R0DWfrfT594ds1Y7g1vUreHTMsgiFEpoLJeR:eylQThr5RIWfrt94ds1Y7FrezMsgiFEt,
2024-02-01,Other,size-in-bytes,4624,
2024-02-01,Payload delivery,mime-type,application/json,
2024-02-01,Payload delivery,md5,24de2b06bdf986ea379f8801e6eb18dd,Malware payload
2024-02-01,Payload delivery,sha256,322a3671209ef9bebb9cfdfee7c26a4440a736a3ca8bab30d455c130eea07fbe,Malware payload
2024-02-01,Payload delivery,tlsh,t1e6a1b8a765695cfccb24c7c295d63e8397ed0013a3a4ed14ecad5f0c81fe8b14269a,
2024-02-01,Payload delivery,ssdeep,48:Yxg3SPhJSPdqKkY7EbnlUQl2Qhpk6nYK+zMlFDF4w0dM0tXqlNjT2up9WMTv0mUf:QOqkB6KoTz9DEi1vgQYKuaiP,
2024-02-01,Other,size-in-bytes,4850,
2024-02-01,Payload delivery,mime-type,application/json,
2024-02-01,Payload delivery,md5,5bf618012b7f5676cf0e5cc72388df7c,Malware payload (Mirai)
2024-02-01,Payload delivery,sha256,cbcab0637bfc1a094b5c64826dc5a1df5279faf07867e66b7df7cbe315f180da,Malware payload (Mirai)
2024-02-01,Payload delivery,tlsh,t116b2d0f4f1273e8dffe9bef418718cc573aa5e8632d34951204aab514b0a543a7166,
2024-02-01,Payload delivery,ssdeep,768:RFDtyAuhDisxt9nE+qed6v2v4dGIWIjdM294uVcqgw09Y:RFBZudi8tpqeMCSTZMC4u+qgw09Y,
2024-02-01,Other,size-in-bytes,25288,
2024-02-01,Payload delivery,mime-type,application/x-executable,
2024-02-01,Payload delivery,md5,d9733e296a1fa961c45e96c03b0b5633,Malware payload
2024-02-01,Payload delivery,sha256,f37da9f161f1269c05ee2f814d16eeed18e2c013bab62e3b80fbdad0f9664484,Malware payload
2024-02-01,Payload delivery,tlsh,t11dc2d0ed154509fed866c07a1fe903926f794f95d842be11624ceb93eee529838037,
2024-02-01,Payload delivery,ssdeep,768:EgIYYBNqSSkALzMSBslm6Jgf4Kuf4U0nJgGlzDpbuR1JS:jIGMMWm66fbHlVJuM,
2024-02-01,Other,size-in-bytes,27444,
2024-02-01,Payload delivery,mime-type,application/x-executable,
2024-02-01,Payload delivery,md5,e26cdc00d6019ac849c713d8f4bf5e14,Malware payload (Mirai)
2024-02-01,Payload delivery,sha256,e81b8d5f51277f23200ff2239fefe5f27d876fd8c6a59e2dec604ddb4c370b68,Malware payload (Mirai)
2024-02-01,Payload delivery,tlsh,t16ac2e1abfa6d2d7bcdd4f233686c8e594371b02363a38e5676c25002191d2a76f20d,
2024-02-01,Payload delivery,ssdeep,384:MBgxD/wwryRUr2mMXjblHpLPcJmsFDc2YsrXMnhG4CSXsX+ZvYRU4a83yS:jD5yRoitHeJmsFmsTM/CSXsuZvYRjaPS,
2024-02-01,Other,size-in-bytes,26824,
2024-02-01,Payload delivery,mime-type,application/x-executable,
2024-02-01,Payload delivery,md5,31a90922b0e0cc2714b7c1fa273ea4d9,Malware payload (Mirai)
2024-02-01,Payload delivery,sha256,aad4261249cf173098940be603ac191a46de2656132e03961e9a695af599d7f1,Malware payload (Mirai)
2024-02-01,Payload delivery,tlsh,t193734b34a9392e16c0c4a47e22f74725f2e2221f2ab4c65d7c770f4fff24684a8166,
2024-02-01,Payload delivery,ssdeep,1536:LCOfQP5BuVDqASSnqL3YvtckT7uSJ1AvNHBGCI1fOAT:lrnIIvtczSIvNhGCy2AT,
2024-02-01,Other,size-in-bytes,75860,
2024-02-01,Payload delivery,mime-type,application/x-executable,
2024-02-01,Payload delivery,md5,bd4472938d8e1c09b2b5897cacb82697,Malware payload (Mirai)
2024-02-01,Payload delivery,sha256,4ab4eab7ca78fa95ae05c2a08b8e55271c7b3aaeb5d6b27ca3d8d7230147899b,Malware payload (Mirai)
2024-02-01,Payload delivery,tlsh,t109c2e1d385eef974f41530341d250240faa1f927eeb31f3f6885667d5cb14546e12b,
2024-02-01,Payload delivery,ssdeep,768:k6fWRGc73BJiTIlMjn5+JesjcnQFVvx0jR8:ju8QRJiowds7uR8,
2024-02-01,Other,size-in-bytes,27956,
2024-02-01,Payload delivery,mime-type,application/x-executable,
2024-02-01,Payload delivery,md5,2e32673be6a7a778bc8215857ee0ff1e,Malware payload (Mirai)
2024-02-01,Payload delivery,sha256,0ab5df8008b52e4d5efd6305e70253405c561e2da3e4f2950d619cd4610f9da8,Malware payload (Mirai)
2024-02-01,Payload delivery,tlsh,t165539e75c5ad9dd8c6118578b211c8345b63e00892ab2efeeec5c69a805befcf1183,
2024-02-01,Payload delivery,ssdeep,1536:6a74FAvPLcFi8wtSQRlpb1qofs3y+UlCBdpGCpq:6Q4yvPLcFDgfzf+yplidpG,
2024-02-01,Other,size-in-bytes,64900,
2024-02-01,Payload delivery,mime-type,application/x-executable,
2024-02-01,Payload delivery,md5,4092e1d6fc2a2a8a5ba10a248faa91c8,Malware payload (Mirai)
2024-02-01,Payload delivery,sha256,3e0cd4da2682627b5570a4957223ffa5a8c4861fc1abd68776669cde9e97dc00,Malware payload (Mirai)
2024-02-01,Payload delivery,tlsh,t1cac2e061723f4370e171093edbaa8e536ae20b7de1d8769b54384bd069c3a8d0d3a7,
2024-02-01,Payload delivery,ssdeep,768:iCGeaj3jnpGLwNc81Rh1a3dZ6XNLIjas3Uoz2:rhajLwocoRha6X6jXz2,
2024-02-01,Other,size-in-bytes,26780,
2024-02-01,Payload delivery,mime-type,application/x-executable,
2024-02-01,Payload delivery,md5,f565144c982863559db65ad54156232e,Malware payload (Mirai)
2024-02-01,Payload delivery,sha256,40db5f5a5a75c5a3c94cc95bded440027e931fca28174edc9f01c0e38b6f69dd,Malware payload (Mirai)
2024-02-01,Payload delivery,tlsh,t1ab33f1b1ca4ef2e0cf732c725a5407e223c946f7eed678e12114963056aac6593f25,
2024-02-01,Payload delivery,ssdeep,768:z7AWnhvZoGfHFrjch+sq0m9FQvNCkGRNW78YYS9q3UELBQBbb4YC9o0q43zXFMj:z/nhBz4h+sjv1CPRmYHLBQZCau3xMj,
2024-02-01,Other,size-in-bytes,50336,
2024-02-01,Payload delivery,mime-type,application/x-executable,
2024-02-01,Payload delivery,md5,0b191b50a67fbf0d3003a43d88a55563,Malware payload (Mirai)
2024-02-01,Payload delivery,sha256,f49c6a094d319b91e42aca7d8144cef2c7b3273bea61d3f0821f603e5c33200c,Malware payload (Mirai)
2024-02-01,Payload delivery,tlsh,t1aeb2e151306d9c17d632807bdd7ecec2723a86bd91fb30a2c70045ace34b54666fc9,
2024-02-01,Payload delivery,ssdeep,384:Y3pMgbJTdajktALEcaZV8Uv05NBKMjKmAWuiYdoiAJHdCKhymdGUop5h8t:Y3pMgdMjktAYxZVxkBWi2qKKs3Uoz+t,
2024-02-01,Other,size-in-bytes,23896,
2024-02-01,Payload delivery,mime-type,application/x-executable,
2024-02-01,Payload delivery,md5,f790a0f6fd01557676712ca1fb07e8a4,Malware payload (Mirai)
2024-02-01,Payload delivery,sha256,80cfe14c5e3dbb627f9a20a7e2a7ef0545501bb81c3465d831413a95e14d4ba8,Malware payload (Mirai)
2024-02-01,Payload delivery,tlsh,t128d2c097fa597dc8d2acce3f466d03b04dd4a8e231cd8b8877615889af4d65f3a060,
2024-02-01,Payload delivery,ssdeep,768:5Asi7oKx1FyP1EXQi9tcL+nmub5vACDuWb:5di7oMUEAi9StK5vAI,
2024-02-01,Other,size-in-bytes,28516,
2024-02-01,Payload delivery,mime-type,application/x-executable,
2024-02-01,Payload delivery,md5,edc97e61f8b0b3a44a2f6a1e37a4dde6,Malware payload (Mirai)
2024-02-01,Payload delivery,sha256,9751314a2449a5765f3fdb0eba9f23e14b2d5a5148cf48ddfbc9c8609b9830bf,Malware payload (Mirai)
2024-02-01,Payload delivery,tlsh,t124634c85a8025e6df6cbe2fd41625e0cfd21222161630b27bb9bfcd37d72168ce55e,
2024-02-01,Payload delivery,ssdeep,768:/cP8C8DANi844SyZcJJu9MSUscV9Z74mQ4Y2N/PgFHqZpjduC0HApkE81FXfYLOi:/cHSJu9TUaCIFwpjsC0YkE81dfYLs8N,
2024-02-01,Other,size-in-bytes,66728,
2024-02-01,Payload delivery,mime-type,application/x-executable,
2024-02-01,Payload delivery,md5,744fffe6d64cf0b117cb396b1aa9bdf5,Malware payload (Mirai)
2024-02-01,Payload delivery,sha256,29d93de6dc4fd277f34782b8955588f81c20df25091ddb35c5e5e0a51e1ce259,Malware payload (Mirai)
2024-02-01,Payload delivery,tlsh,t111d2f1672a8a9ee3ef559f3d8518fe4314c4bc4c677937046e9e93e361ba0103e542,
2024-02-01,Payload delivery,ssdeep,384:MZLMxbu3N0ktxSpKSRRHXOLIB1xacKdpLDVXv5EeIGIsz17pZ0ICTOsZ10LPa6iX:mMxbeDSUSPrB1QcKHVXhmUZ0ICvxr/J,
2024-02-01,Other,size-in-bytes,28524,
2024-02-01,Payload delivery,mime-type,application/x-executable,
2024-02-01,Payload delivery,md5,944ef9c981233dadb14e379e79300d4d,Malware payload (Mirai)
2024-02-01,Payload delivery,sha256,5033ce0d6743a3bf3363a3fe735ead66e355b99c303672d987418cc3aa169530,Malware payload (Mirai)
2024-02-01,Payload delivery,tlsh,t10e73f819bf610f77ec6bcc370aa92b0529cc954b22e57b367934c528b60b61b19e3c,
2024-02-01,Payload delivery,ssdeep,1536:7J5dbFB4x92nKoIva98M26ofWU+UZ9CYXzdJa10o:7J5dxBu9uKoKIUXd4f,
2024-02-01,Other,size-in-bytes,77320,
2024-02-01,Payload delivery,mime-type,application/x-executable,
2024-02-01,Payload delivery,md5,42d4cd97f2a340ae6e72cb469d833dd3,Malware payload
2024-02-01,Payload delivery,sha256,3ee641585b6f83370ecdca402a1b1901ef677a737abb7586ae91c71d3dbcf648,Malware payload
2024-02-01,Payload delivery,tlsh,t121734b02731c0947c5a359b0393f27e193abaa9021e4b7c6750fab4a93b6e325447f,
2024-02-01,Payload delivery,ssdeep,1536:XThF5G8mdfvnO2TVLrqX6GsdWaspfhbp2bqCRVDl2:LQtpLrSUslh4uIk,
2024-02-01,Other,size-in-bytes,75324,
2024-02-01,Payload delivery,mime-type,application/x-executable,
2024-02-01,Payload delivery,md5,d5268f97546e3814f942b7347ae7f2e8,Malware payload (Mirai)
2024-02-01,Payload delivery,sha256,f650cfd2006d71f6be72c6dd6932687588b0227c5b87e2cd974d77163a18d8e7,Malware payload (Mirai)
2024-02-01,Payload delivery,tlsh,t196d33c46fa414b13c0d51779b6ef42453322a795a3db73069a285ff43f86b9f0e23a,
2024-02-01,Payload delivery,ssdeep,3072:gdTiyN2MknA0YJoZh3t3qZgRLWH5b41XTLADM/9DXmPw/t93:aTiyN7kA0YM3t3qZgtWVKXTsDM/9DmPs,
2024-02-01,Other,size-in-bytes,135877,
2024-02-01,Payload delivery,mime-type,application/x-executable,
2024-02-01,Payload delivery,md5,816ec6dcd1f2c56f887cf0fee8ba5cd3,Malware payload (Mirai)
2024-02-01,Payload delivery,sha256,0cac8ba322f295320ca0622e6dfb7354b054e3742d7dd7b57f5078a7988aec49,Malware payload (Mirai)
2024-02-01,Payload delivery,tlsh,t1cd435b52721c0e17c4a31a70263f5be08bfbeae021e4b685699f5f968935d331486f,
2024-02-01,Payload delivery,ssdeep,1536:eF6QcATQdskHosl9k1dP9IT0bI666hJa105:tqgtJHk1dPigbI6x4G,
2024-02-01,Other,size-in-bytes,59764,
2024-02-01,Payload delivery,mime-type,application/x-executable,
2024-02-01,Payload delivery,md5,443e97cd314cbb7ffc296aa9502ab3b7,Malware payload
2024-02-01,Payload delivery,sha256,3a6d6df986888115fb5e9c02fbb50e11eb96a187c9ade3dac753cb0e9916e690,Malware payload
2024-02-01,Payload delivery,tlsh,t1e7a1989b21681cbcc714cbc295d93a9787ed0153a2a8ac18fced5f0c81ff4b603669,
2024-02-01,Payload delivery,ssdeep,48:Yxg3SPhJSPdqKkY7EbnlUQl2whhpk6nYK+zebDF4w0dM0tX8r82bp9WG9sYUfi1Y:QO6RkBAKpg9nEi1v1/Y5zP,
2024-02-01,Other,size-in-bytes,4971,
2024-02-01,Payload delivery,mime-type,application/json,
2024-02-01,Payload delivery,md5,b71c1f404a751b98007179a55e386f11,Malware payload (Mirai)
2024-02-01,Payload delivery,sha256,5f78fade86e4be15db13b61973e8c84eb1a3c93e878e401b6fae9a5a32be2cd5,Malware payload (Mirai)
2024-02-01,Payload delivery,tlsh,t1b0330951b8c26667c2d013baf6ae968e3731b3e8d2cf32179d211b113ac512f1da7e,
2024-02-01,Payload delivery,ssdeep,768:8pn7fx2wLtIhxYkn8IdF004ZKy/cJzFozvJVMOkxL0i4X9K2HXRNwwJZY10U0:8b2wJIdsGgmFozv7M5xL0ieJa10b,
2024-02-01,Other,size-in-bytes,51716,
2024-02-01,Payload delivery,mime-type,application/x-executable,
2024-02-01,Payload delivery,md5,285bffef8f22941c96a4650b715329d1,Malware payload (Mirai)
2024-02-01,Payload delivery,sha256,95cc9c1389d92bffe6a6e7584e9c523aea8bd578bfae080f0b72c72d83ba44a6,Malware payload (Mirai)
2024-02-01,Payload delivery,tlsh,t1d5534b32fa762a27c0e5a47a21f78b15b5e117de21a4c65e3db30e4bff606406502e,
2024-02-01,Payload delivery,ssdeep,1536:wwkfZJxFtojQlvnrj/Byzn7dke4tuItYZ6w8+BwQRz0XYIfiV0u:BkfZJxFtojQlvnrj/a4LYZ70YN5,
2024-02-01,Other,size-in-bytes,63480,
2024-02-01,Payload delivery,mime-type,application/x-executable,
2024-02-01,Payload delivery,md5,d21c42058199490cae9c7226620021a5,Malware payload
2024-02-01,Payload delivery,sha256,efbbefe5bbdda8412acef91c6d8bbba09da345df269bd45e7a4c56e3ecb1e172,Malware payload
2024-02-01,Payload delivery,tlsh,t17a639ebbc82a6e84c14c55b0b4f986755f53e140819b2ffba999c6a94043dacfb0d3,
2024-02-01,Payload delivery,ssdeep,1536:HauwtYUELffwL0f1NpxggddMJCX5sKMqKjkQILOBC7vOZbqCRh:HFeELffdFx7Hps7jcOBnZuk,
2024-02-01,Other,size-in-bytes,68128,
2024-02-01,Payload delivery,mime-type,application/x-executable,
2024-02-01,Payload delivery,md5,084c866982860f72b64337135f282f2c,Malware payload (Mirai)
2024-02-01,Payload delivery,sha256,caf5432be0ea1b85266a886a1eb493947c7ebc0348af49a0b55bf1eacd7ce957,Malware payload (Mirai)
2024-02-01,Payload delivery,tlsh,t1b6438db4e42a9d54d0850174a8b48f750fa3f2c883621df72baa46b1540beb9f60df,
2024-02-01,Payload delivery,ssdeep,768:f3Dm+BLr3pN3b3xMmWQZ7YnYhJ2wGQDmhMOfWA1eCHo1Y4dbC2WwJZY10U:bm+JDpP/Z7VrGQDZA1eb1dbC2PJa10,
2024-02-01,Other,size-in-bytes,55568,
2024-02-01,Payload delivery,mime-type,application/x-executable,
2024-02-01,Payload delivery,md5,3e9f9a627848ce7511561c7d6e2bfbf2,Malware payload (Mirai)
2024-02-01,Payload delivery,sha256,98fc01daa8ddef22ef161fe80c08cdc9aecac94a232d55250f908e9f5e06796b,Malware payload (Mirai)
2024-02-01,Payload delivery,tlsh,t16d432b95f802de7df80fe67d44164e09bd3063c261830f2627abfea36c720a66d56d,
2024-02-01,Payload delivery,ssdeep,1536:/+dPsTgnLbMuv5tebaXnb7f98V8TWl9ouSQy8fNLJA:23rebobZ8V8T4oHQD1u,
2024-02-01,Other,size-in-bytes,60452,
2024-02-01,Payload delivery,mime-type,application/x-executable,
2024-02-01,Payload delivery,md5,6dddac8ea6a0ac9aa20b3e36efe23af6,Malware payload
2024-02-01,Payload delivery,sha256,0124cbcfea7a02f9a10b4bbfa00e2d649d16d5cfc77440722bd361c915e1e7bb,Malware payload
2024-02-01,Payload delivery,tlsh,t133a3f805bb650ff7dc6fcd3b45ba0b00358c9a1a21a43b767934d81cb65b64f1ae38,
2024-02-01,Payload delivery,ssdeep,1536:nnLINGZ9N9VIj02wxlCPY6mZIZCwfWNbproT+0hjIDnjQm8BjMDMbqCR4M:nLImH96j0h6Wv9/rwjsniKMudM,
2024-02-01,Other,size-in-bytes,101260,
2024-02-01,Payload delivery,mime-type,application/x-executable,
2024-02-01,Payload delivery,md5,082d18a7daa21c20d56697781d4b53b1,Malware payload
2024-02-01,Payload delivery,sha256,ea74d827737afec34d11a863c1ce57619fc651fccadc3088dc187be350b4f845,Malware payload
2024-02-01,Payload delivery,tlsh,t1086339c4aa43e8f1ec5a15716077e3365775e1350026eac7e798ea22bc82b11b64f3,
2024-02-01,Payload delivery,ssdeep,1536:t2iS1IwJ5Kj22VuX1KwVp+KgnH3TYYRF1fto6SoQRr:t2NSwJ5KSVX1K2QKgHjJRn1oV,
2024-02-01,Other,size-in-bytes,67132,
2024-02-01,Payload delivery,mime-type,application/x-executable,
2024-02-01,Payload delivery,md5,d415ef57de6011a6052bd7fcb12c61a3,Malware payload
2024-02-01,Payload delivery,sha256,4606ca303ff0a0fdb661fa06d76963c702175b8b8f411ac21ef37d8adc1ea740,Malware payload
2024-02-01,Payload delivery,tlsh,t1a291427162180c7e863482d6a4557ad767ae0267a1d4ec28a8fd4f0ce6ef1f205b59,
2024-02-01,Payload delivery,ssdeep,48:YxCpQt2fbZkvnY+Cs+DF4w0nltXPSjeUT2Gp9WnTUd81vdE7b/KcRezbC3wxiooq:XxbZknCs+w/05TH9I681vdEHAbpZcfJO,
2024-02-01,Other,size-in-bytes,4248,
2024-02-01,Payload delivery,mime-type,application/json,
2024-02-01,Payload delivery,md5,fc393663edc669efeec0e0c54d5c82f9,Malware payload (Mirai)
2024-02-01,Payload delivery,sha256,24411f85b7107ccac1d54c5c9173c5fc88a1ad01aaddf1a5f5374b4a136ddf33,Malware payload (Mirai)
2024-02-01,Payload delivery,tlsh,t1de434ac4f143e9f5e84301741026ef37af72f2ea115cdd93d3a9ea226c92a12e446d,
2024-02-01,Payload delivery,ssdeep,768:FmnthEsW5qnF15RY1dhPe7oXTmcPDj5gk9vWnTI4eBH+4sToQLDKFv:Yn/EsW5qhSh6am0lWnU4GH+dNLY,
2024-02-01,Other,size-in-bytes,55348,
2024-02-01,Payload delivery,mime-type,application/x-executable,
2024-02-01,Payload delivery,md5,53c8ac94241a59c463b3e53b5d501770,Malware payload (Mirai)
2024-02-01,Payload delivery,sha256,30740408efb0ec0daed759db10f815aa0e1cb08e43c8584eadfd28f109379ad9,Malware payload (Mirai)
2024-02-01,Payload delivery,tlsh,t10d73d70a7e229fbcfb9846354bb78f159a5833d627d1d641e2acda001d7024e341ff,
2024-02-01,Payload delivery,ssdeep,1536:bpxe5qoct9fdlQBI6rhnnUFndlBotYG9CJa10qDv:Fx3oANdOWndvomgC47,
2024-02-01,Other,size-in-bytes,77288,
2024-02-01,Payload delivery,mime-type,application/x-executable,
2024-02-01,Payload delivery,md5,ea71646d824badf4a48a52ef55f201a0,Malware payload (Mirai)
2024-02-01,Payload delivery,sha256,bcc9087a776f0d75cdd76bbf5fdce38307f8b5d776c9a98900d9dfb4dd651695,Malware payload (Mirai)
2024-02-01,Payload delivery,tlsh,t18b533a51b8819613c5d4137bf5be428d3b2523e8e2df3217ad222f513b8a82f1d67e,
2024-02-01,Payload delivery,ssdeep,768:lniaia+vgGqxsOvlG/idybxA3fUBAVz03lE9Bz62ocNMsaz+SychwJZY10UoZvBO:sai5v+tkRFgfUBez03loBJY6zJa10fB,
2024-02-01,Other,size-in-bytes,60760,
2024-02-01,Payload delivery,mime-type,application/x-executable,
2024-02-01,Payload delivery,md5,f5a75ec32f3afab88ae3f14d0f983474,Malware payload (Mirai)
2024-02-01,Payload delivery,sha256,b4daa42fb2c065868045c07957531026c60007d7aa5638d3e2d3012fdd29f011,Malware payload (Mirai)
2024-02-01,Payload delivery,tlsh,t161431917f94685fdc089c234177eba3ae92331fe1229b26a67d4fb263dc6d611e09d,
2024-02-01,Payload delivery,ssdeep,1536:1XIY73si3qEToSRhINgQ/K6C8u50pfEHwNLJ:2Y7H6ETRhIB/Kn5qEHw1J,
2024-02-01,Other,size-in-bytes,58480,
2024-02-01,Payload delivery,mime-type,application/x-executable,
2024-02-01,Payload delivery,md5,c22d29301de89a17fecec00f74f24070,Malware payload
2024-02-01,Payload delivery,sha256,ec2e988f54b8aa53c7f4d1ff091e93395cb5526b95becba733ddabe6eb4aa3f1,Malware payload
2024-02-01,Payload delivery,tlsh,t14093e95a3e21df6dfb68c33587b78a20975c738526e0c685e26ce9015e7034da41fb,
2024-02-01,Payload delivery,ssdeep,1536:ZKvl6hHc7kib2rkfumvOc3NbQN/w+HCqoCqWtCqamKX8WFTP7RxeZMJ2bqCR+ZXs:Zkw87WrPmvOc9bQN/w+WXTP7RxJ2uPZ8,
2024-02-01,Other,size-in-bytes,97260,
2024-02-01,Payload delivery,mime-type,application/x-executable,
2024-02-01,Payload delivery,md5,eba74ee0563a86554df55ff891493f2b,Malware payload (Mirai)
2024-02-01,Payload delivery,sha256,50fb366bd95186fbe67c1e25527f59726509b4f10d7cfa0ecccd34f0bcc5a426,Malware payload (Mirai)
2024-02-01,Payload delivery,tlsh,t1b8c37dd5a283d4f2e81705b0a03adb3b9b72d47b3419eed6d329de32f8d15409127a,
2024-02-01,Payload delivery,ssdeep,3072:gctrju3odps/ZGfF3usxKLgepfr8PWaaey+CtG3I5:gctrju3odps/eF3uSKLt7ezv3I5,
2024-02-01,Other,size-in-bytes,123752,
2024-02-01,Payload delivery,mime-type,application/x-executable,
2024-02-01,Payload delivery,md5,10c934d7765ac00317c7d7a763790186,Malware payload
2024-02-01,Payload delivery,sha256,6ef67d43599aec3f66471d406704280d68d254e75df019ea1f5a65cfce122dc1,Malware payload
2024-02-01,Payload delivery,tlsh,t1a0a1856732554cbc8b248bea94e63aaf47ad1073a4d49c24a9ed4f4c91ff8f10276d,
2024-02-01,Payload delivery,ssdeep,48:Yxg3SPhJSPdqKkY7EbnlUQl2OuRifk/n0+aWHbgDF4w0biYtXcgFi2Hp9WoibUx3:QOA7kTaRug49KMG1v5vAmo,
2024-02-01,Other,size-in-bytes,4780,
2024-02-01,Payload delivery,mime-type,application/json,
2024-02-01,Payload delivery,md5,3f83c95ade7e49fb8ed43a046d90a235,Malware payload (Mirai)
2024-02-01,Payload delivery,sha256,fb1e46c18c2e987fecc016bf2ada997877382fe3a7dcc19a04ed399b4485b05c,Malware payload (Mirai)
2024-02-01,Payload delivery,tlsh,t11e338da3ec762e14d5598a74f170da7eab03eb15d9876ead8066c375c003d9cf90a3,
2024-02-01,Payload delivery,ssdeep,768:mrnyM3k90m2E+5UzbU7lZq54oJo/fsCVdBtGz:mryM3kmm2f5Us7bqPOHsCVdi,
2024-02-01,Other,size-in-bytes,50800,
2024-02-01,Payload delivery,mime-type,application/x-executable,
2024-02-01,Payload delivery,md5,0e08cc618a438b274207ddeeeadad83f,Malware payload (Mirai)
2024-02-01,Payload delivery,sha256,93e03e09dacccb10bc9177bbbbb2deebd55d6d60b281647c828866f7fc0cafb5,Malware payload (Mirai)
2024-02-01,Payload delivery,tlsh,t11f431992b500fe7dfc0ae37681074f28b432b2a565621a3797a3f9b35d721944c79f,
2024-02-01,Payload delivery,ssdeep,768:bfYCCzjHMNS4IDfgv4EjpIow7RdG7E80kJ/ue8T59GPT8aDFo+Khq8gBA:bfYQsov4EjX0dGMkJ2e8T59G8aDG+0YW,
2024-02-01,Other,size-in-bytes,55844,
2024-02-01,Payload delivery,mime-type,application/x-executable,
2024-02-01,Payload delivery,md5,883930ee9eb48f1ef9a01a6ad88fdef9,Malware payload (Mirai)
2024-02-01,Payload delivery,sha256,0d0a07e217aa5886e61bbeb9761187f2557742d4fe5c92247410905f7385f3d3,Malware payload (Mirai)
2024-02-01,Payload delivery,tlsh,t1bc534b36b9752a27c8d8963b61f7561cf6f6764a34f8c61a7c720e8dff2060062132,
2024-02-01,Payload delivery,ssdeep,768:rV7NU5uObKpbXYNpLRPetxA7d6t0SA+H2TXCx3alO+lkGSFhWzwG:rdCcboNpLRPetxAJfSA+YX6KllecwG,
2024-02-01,Other,size-in-bytes,63468,
2024-02-01,Payload delivery,mime-type,application/x-executable,
2024-02-01,Payload delivery,md5,b1c014250ab4f30c8efa44693af48cd4,Malware payload (Mirai)
2024-02-01,Payload delivery,sha256,f193f1a42ea5548923275a1aca1517a1dddb2c5b799cbd4840a7d2f18df38334,Malware payload (Mirai)
2024-02-01,Payload delivery,tlsh,t16f33184277180843c5a31ef0353f47e4e3ebaa9232a0f244351fab5ac176e37a556e,
2024-02-01,Payload delivery,ssdeep,768:Nm5gsCx4bM/rVdvJnD2KNlscAs98Km8BBfC61xiX7CkQ+eTR+r89uvS3BtGzS:cXg/rVFlD3998R8112CbVkr2uq3iS,
2024-02-01,Other,size-in-bytes,54592,
2024-02-01,Payload delivery,mime-type,application/x-executable,
2024-02-01,Payload delivery,md5,d8cdf08eb62103a6c277c585a79932a6,Malware payload (Mirai)
2024-02-01,Payload delivery,sha256,12bc35676ff8238b28a4b8c9827b0a948494f08aa051cb854233fb34016e3035,Malware payload (Mirai)
2024-02-01,Payload delivery,tlsh,t10c43f655bd919b07cad103bbfa0e82cc371263d8e3de7213ed216fa5279a52b0d2b5,
2024-02-01,Payload delivery,ssdeep,1536:ZVT1IZ3lQXNKrUiTwBhXlpTx/Oz5gfoEi:ZkVQ9KHTwBhXllxWz50vi,
2024-02-01,Other,size-in-bytes,58816,
2024-02-01,Payload delivery,mime-type,application/x-executable,
2024-02-01,Payload delivery,md5,797bbc4d4a8e41b21a01ef2815a95c1e,Malware payload (Mirai)
2024-02-01,Payload delivery,sha256,c483d1ea26068ef3c4d4fd99ba5fb8aa9fe0cd3c141a56e39deea132283871f6,Malware payload (Mirai)
2024-02-01,Payload delivery,tlsh,t1ae73a64abfa01ef7ec5fdc3749a91b49358c640a21a83f793530d828b61b15e59e3c,
2024-02-01,Payload delivery,ssdeep,1536:yr5nq1fjTqGaIo3/UCOCUEUpUMUj28NGTXSon7uoB4qADx6y1FJVvkN3GNi:yr5nq1fjTqGS3/UCO/EMUMUjpNGTXSo5,
2024-02-01,Other,size-in-bytes,75956,
2024-02-01,Payload delivery,mime-type,application/x-executable,
2024-02-01,Payload delivery,md5,6a914107161008da3ec2d663acaaf377,Malware payload
2024-02-01,Payload delivery,sha256,262bfa3d1ecdc151579e5579d79ed872f01fb9088f1d4e15d2e97e46f0a24c14,Malware payload
2024-02-01,Payload delivery,tlsh,t1b4b533dda7730911d51b23f592e34b101a431eab04061b6cc4b5fd59abfc13be1bae,
2024-02-01,Payload delivery,imphash,baa93d47220682c04d92f7797d9224ce,
2024-02-01,Payload delivery,ssdeep,49152:DzNw5/t/fWrA+zTPc2FhRetvQzNM5PNJe4CbNTHztE:HNw5tJuLcWDeBQzq5PNc4CZDzt,
2024-02-01,Other,size-in-bytes,2320384,
2024-02-01,Payload delivery,mime-type,application/x-dosexec,
2024-02-01,Payload delivery,md5,1f1b68112f4cea6a2556eb39760c157e,Malware payload (Smoke Loader)
2024-02-01,Payload delivery,sha256,08f8e2bc8d83cac116dd02522450beb83cdae16cf65abba71de33e2a83d3b738,Malware payload (Smoke Loader)
2024-02-01,Payload delivery,tlsh,t16b14be2479f0c076eaa749752974c2a16e3fbcb3ba75cd5f32542b1f2c222d15a623,
2024-02-01,Payload delivery,imphash,999e15d9eecf40cb7ae06b8e7363d002,
2024-02-01,Payload delivery,ssdeep,3072:GJCSRLfTwY5ynh7PDjJiO5iRfJuF6FVEEZTrh7PkBj8Aca50cjVB:ICaLMY5mF3j8fIMLEEZTrBPCUcj,
2024-02-01,Other,size-in-bytes,192512,
2024-02-01,Payload delivery,mime-type,application/x-dosexec,
2024-02-01,Payload delivery,md5,ef356ff5f661ca37a26c02cdf6de9e8b,Malware payload (Stealc)
2024-02-01,Payload delivery,sha256,a5d65b15a1ed45a3c18ea09098cf2f4bb686854ebf8aba021bb60ba1d6673c39,Malware payload (Stealc)
2024-02-01,Payload delivery,tlsh,t1cb14bf2475f0c273faa745355879c2a56d3fbc739e74818f32782b5b2e222d19a663,
2024-02-01,Payload delivery,imphash,999e15d9eecf40cb7ae06b8e7363d002,
2024-02-01,Payload delivery,ssdeep,3072:wJCjhLfDwY5yu8L7o6BKv6IHyyT7u2VQz557WBL5YuPVB:6C1L8Y5/CM52MQ1RWQuP,
2024-02-01,Other,size-in-bytes,192000,
2024-02-01,Payload delivery,mime-type,application/x-dosexec,
2024-02-01,Payload delivery,md5,e88e151a2f21636775bc7240bc5e2654,Malware payload (AgentTesla)
2024-02-01,Payload delivery,sha256,0297ed32785b1e57bbd351370c3562121164b01a87a9195e31678510ff4e379f,Malware payload (AgentTesla)
2024-02-01,Payload delivery,tlsh,t16c44025cebc8c21ec2f03ab9fe3b17b0cb29eee7a652ee5d3511124d59413144da52,
2024-02-01,Payload delivery,imphash,f34d5f2d4577ed6d9ceec516c1f5a744,
2024-02-01,Payload delivery,ssdeep,3072:rDEgKBcTGDq/3AQ8a8s3nZYEPeXRXX30NV0vzM2EpMOmIdctn5493wAHJuHQKuu8:rYTBciK3As8pEPetUNSFE0S00vH4kuI,
2024-02-01,Other,size-in-bytes,253952,
2024-02-01,Payload delivery,mime-type,application/x-dosexec,
2024-02-01,Payload delivery,md5,502ae32ef3bc5f72ffcfb69cf647dcfc,Malware payload
2024-02-01,Payload delivery,sha256,5effd2c32c5eb747dea3d320d469e6c437d3b483f76be4731f303b077026b20e,Malware payload
2024-02-01,Payload delivery,tlsh,t12291735926085dbdcb9496d3d8943ac7db6e1053a094ed2ce4bdcb08e2ff1f10276a,
2024-02-01,Payload delivery,ssdeep,48:YxY6wOedlpkofn16Ru+FvDF4w0NhtXpk2Kp9Wo6sUHs1vFbvKzRteU3wxioorbMQ:JpkocRtxYyH97Ss1vdTHWMJd03PXx,
2024-02-01,Other,size-in-bytes,4413,
2024-02-01,Payload delivery,mime-type,application/json,
2024-02-01,Payload delivery,md5,e379ff0ebcba5effb01ecc22f36ca330,Malware payload
2024-02-01,Payload delivery,sha256,2fbeca3c3b6643824a273fddbadab8567292f1336fc49c83ad92f856d9fd57d1,Malware payload
2024-02-01,Payload delivery,tlsh,t1c8b533f5ac367738d2a72b74cb685958d58bac4bd4629874304af80f8fbe67470c6c,
2024-02-01,Payload delivery,imphash,baa93d47220682c04d92f7797d9224ce,
2024-02-01,Payload delivery,ssdeep,49152:B1nz8Av3xMKvHgPkIXSZpFUKMBOzmeQRqjsB2/Rb4kb:B1wAv3xMK+hKWteJj42/Rb4kb,
2024-02-01,Other,size-in-bytes,2368512,
2024-02-01,Payload delivery,mime-type,application/x-dosexec,
2024-02-01,Payload delivery,md5,c718e5eea5fbab9ff344197bb85e3931,Malware payload (Smoke Loader)
2024-02-01,Payload delivery,sha256,29fd6e878137eed605e289227c89b1d9b18779b92f6dea868123baba48b45a8f,Malware payload (Smoke Loader)
2024-02-01,Payload delivery,tlsh,t1c314be2439f0c072f6b749356974d6a55dbfbcb29a74804f31582b1f6e223d29e623,
2024-02-01,Payload delivery,imphash,762b6c41f88b6fa0c86015ba9e6e2f6f,
2024-02-01,Payload delivery,ssdeep,3072:AJC0hLfDkY5yu8LV8G9V6abVCr/yfXRw+OW6zpJ1Y+Fb4zT/t5M4cYVB:qCsLoY5/CV76abVe/yfOpdF4V0RY,
2024-02-01,Other,size-in-bytes,191488,
2024-02-01,Payload delivery,mime-type,application/x-dosexec,
2024-02-01,Payload delivery,md5,489513186a68e9712b00f5f66319194f,Malware payload (RiseProStealer)
2024-02-01,Payload delivery,sha256,89b2669ff363eb805b5775425120c6d65ab4a67b0345803b7c16555757635498,Malware payload (RiseProStealer)
2024-02-01,Payload delivery,tlsh,t1684533770e8e260bd728627a054ef218189b7e7147415299ae3fa8f74ddc0ceb763c,
2024-02-01,Payload delivery,imphash,5ab723dc8d5af21b79dc301ed6a56a64,
2024-02-01,Payload delivery,ssdeep,24576:dGDIt/3O2wEpzTQuNpzavwQXBaWnBCqOm6OB:8Ic2QuNlelXBaWntOtc,
2024-02-01,Other,size-in-bytes,1195008,
2024-02-01,Payload delivery,mime-type,application/x-dosexec,
2024-02-01,Payload delivery,md5,b564124a5e6dfaae2c43cc3e0b602a94,Malware payload
2024-02-01,Payload delivery,sha256,0d49dd015c91b9841c6d146461bd10d1e77ba742a2b14491b46e7dc3bb44f2df,Malware payload
2024-02-01,Payload delivery,tlsh,t13aa186eb61651cbcca19c3c694d93b8797fc015352a4ec24a8ac5b0cd2ff97253659,
2024-02-01,Payload delivery,ssdeep,48:Yxg3SPhJSPdqKkY7EbnlUQl2ahpk6nYK+z1DF4w0dM0tXnGbZ2up9WSgyUfi1vUB:QOskBhKWbZz9BEi1vUb8pbbYLjysP,
2024-02-01,Other,size-in-bytes,5033,
2024-02-01,Payload delivery,mime-type,application/json,
2024-02-01,Payload delivery,md5,f9eb2f1dc348d1505abc17a4bf3dbc63,Malware payload (Amadey)
2024-02-01,Payload delivery,sha256,4793ae599ae19f353ad067dd556dd9187d2d18f5fd4aa12c8f16964fc87b1080,Malware payload (Amadey)
2024-02-01,Payload delivery,tlsh,t1850533bae32d5781c033c4bd2dddf9311a2c796f0268a91d266f839140b59ede722e,
2024-02-01,Payload delivery,imphash,7515ecf8c0dfa4d230ad835fe0acb57f,
2024-02-01,Payload delivery,ssdeep,24576:S4S5q+5aJ5SVbingwQHN2K3yWds0JkKyVZDMP3sIP:Stq+5pVbingl8adsL/wcIP,
2024-02-01,Other,size-in-bytes,809472,
2024-02-01,Payload delivery,mime-type,application/x-dosexec,
2024-02-01,Payload delivery,md5,34ec912fe9e5f9aeb2aac41014c401c4,Malware payload
2024-02-01,Payload delivery,sha256,39a7e963c501142565d40b4dc3142fe5f91b194e392f372b5d910bea7cf9e7fa,Malware payload
2024-02-01,Payload delivery,tlsh,t15c34e02076b0d832eafb86395d71c7a96a3bbc635930e54f76543b1f2d226c25e613,
2024-02-01,Payload delivery,imphash,762b6c41f88b6fa0c86015ba9e6e2f6f,
2024-02-01,Payload delivery,ssdeep,6144:4zyL6IfYW2P1PxYsOb/ruApr9/C4b7fR:422h7tPOZ/q8/Z,
2024-02-01,Other,size-in-bytes,251392,
2024-02-01,Payload delivery,mime-type,application/x-dosexec,
2024-02-01,Payload delivery,md5,de17deefee5aae92a2d1d628f8ada74b,Malware payload
2024-02-01,Payload delivery,sha256,4f2d37068481a359dc397e64595fb45ab892513d02c20911209b9bd1dd07802f,Malware payload
2024-02-01,Payload delivery,tlsh,t10da1a7ab15691cbc8714c7c295d93a9787ed0153a2a8ac18fced5f0c82ff4b60366a,
2024-02-01,Payload delivery,ssdeep,48:Yxg3SPhJSPdqKkY7EbnlUQl2shpk6nYK+zebDF4w0dM0tX8r82bp9WG9sYUfi1vX:QOekBAKpg9nEi1v1/YXpDgUSP,
2024-02-01,Other,size-in-bytes,4971,
2024-02-01,Payload delivery,mime-type,application/json,
2024-02-01,Payload delivery,md5,f80d9fb8df8fa94b26508fb6888f5db9,Malware payload
2024-02-01,Payload delivery,sha256,9543d8d2eda4ec0b0f86a520c63d404143c9ec89c02cb84418a10c2dee2823d6,Malware payload
2024-02-01,Payload delivery,tlsh,t10891527662180c7e873482c6b4557ad367be0257a1d4ac28a8fd4f0cb6ef1f605769,
2024-02-01,Payload delivery,ssdeep,48:YxCyt2fbZkvnY+Cs+DF4w0nltXPSjeUT2Gp9WnTUd81vdE7b/KcRezbC3wxiooro:5bZknCs+w/05TH9I681vdEHAbpZcCwO,
2024-02-01,Other,size-in-bytes,4238,
2024-02-01,Payload delivery,mime-type,application/json,
2024-02-01,Payload delivery,md5,bbff6e7d8bd9fdde2d7b00bd32a943cc,Malware payload
2024-02-01,Payload delivery,sha256,d31aaed8d29dabecbf373e9e1f3af8cb19e28de391331123537e48effae44269,Malware payload
2024-02-01,Payload delivery,tlsh,t167a1a65b31151cbc861487eb98e13e8b87bd00a3a194ec18b8ed5f5c96fe8f1037a9,
2024-02-01,Payload delivery,ssdeep,48:Yxg3SPhJSPdqKkY7EbnlUQl2DRifk/n0+aWKSPmDF4w0biYtXDSPGq2Hp9WcseNY:QOCkTaUeuef49VEMG1vHRAC3t,
2024-02-01,Other,size-in-bytes,4932,
2024-02-01,Payload delivery,mime-type,application/json,
2024-02-01,Payload delivery,md5,f9abb32fb7b179dca7a0db2cdd917e8b,Malware payload
2024-02-01,Payload delivery,sha256,0d4d66c365cadc7559417d41343ca6557287c11abba23b1d1672ea6ed584a76e,Malware payload
2024-02-01,Payload delivery,tlsh,t10aa45b2e6f9005b9d1fbe1b89e17950be53938444272da7f16d2a1e13e81620ef7e3,
2024-02-01,Payload delivery,imphash,1d5b16ef6760147ecc235009c88c4880,
2024-02-01,Payload delivery,ssdeep,12288:tMWMwvP5EX3ajwIQjowr2VhYPh19rrOrrpgMZJX:tMWpvhe3ajwIQjowrUY1V,
2024-02-01,Other,size-in-bytes,463872,
2024-02-01,Payload delivery,mime-type,application/x-dosexec,
2024-02-01,Payload delivery,md5,d1bfaf244d81446acdd802b4faa47a40,Malware payload
2024-02-01,Payload delivery,sha256,5d343acbba3518f6d91140a897b8cd0853039f773f308a20e206c01bca9991e0,Malware payload
2024-02-01,Payload delivery,tlsh,t1fe91622629386c7cc658c8ca94fc3d4f567e005bf2649c14a6de8e0ae2ff1f187a65,
2024-02-01,Payload delivery,ssdeep,96:ey4rkYOhDH5R0DWfrfT594ds1Y7g1vUreHTMsgiFE4/JeR:ey4QThr5RIWfrt94ds1Y7FrezMsgiFEZ,
2024-02-01,Other,size-in-bytes,4614,
2024-02-01,Payload delivery,mime-type,application/json,
2024-02-01,Payload delivery,md5,119a49cf61c279eeb3bc4b35ecc92c61,Malware payload
2024-02-01,Payload delivery,sha256,fe81b5e6458eeee91e8d14deca0db10852cccfdf003c2b60dcba9379e796bab5,Malware payload
2024-02-01,Payload delivery,tlsh,t165928f35b8a1641b4037d8f9356fa28df82194078c4749a4b11f412dcbf6e934baff,
2024-02-01,Payload delivery,ssdeep,384:OftrMf+F0e0H3nS2W6E45wse5QjuFwgzxdaqlU4:tIn0H3nSh6tOseQZgraqb,
2024-02-01,Other,size-in-bytes,19559,
2024-02-01,Payload delivery,mime-type,text/html,
2024-02-01,Payload delivery,md5,5560927f25088228330dacecec48dafe,Malware payload
2024-02-01,Payload delivery,sha256,d5af86051aa21af93a59cecf6e68e20d47779b1492dba46a8f29e8e3fdfb1363,Malware payload
2024-02-01,Payload delivery,tlsh,t11591527162080c7ec63482d6b4557ad767be0267a0d4ec28a8ad4f0ce6ef1f205b69,
2024-02-01,Payload delivery,ssdeep,48:YxCKt2fbZkvnY+Cs+DF4w0nltXPSjeUT2Gp9WnTUd81vdE7b/KcRezbC3wxioorY:xbZknCs+w/05TH9I681vdEHAbpZcdOWO,
2024-02-01,Other,size-in-bytes,4238,
2024-02-01,Payload delivery,mime-type,application/json,
2024-02-01,Payload delivery,md5,32c7076d7ef79505d7fa545ebdde982e,Malware payload
2024-02-01,Payload delivery,sha256,7e734804c81926ea4ee657eedb9eeefa910cbb67964e47e9d402975f7f15d0aa,Malware payload
2024-02-01,Payload delivery,tlsh,t1f9b533f508f264c4eba7037a99b7da550a0f5dc741b0a748128efa680b3fc36b255f,
2024-02-01,Payload delivery,imphash,baa93d47220682c04d92f7797d9224ce,
2024-02-01,Payload delivery,ssdeep,49152:omcDLyTFdrX3IV9swVcTGJhoydmlWSiidQHYa:oXaTXrX3KswhJiyMw5i+,
2024-02-01,Other,size-in-bytes,2353664,
2024-02-01,Payload delivery,mime-type,application/x-dosexec,
2024-02-01,Payload delivery,md5,ac7d8de6b7b1c5691fb13a5df25507da,Malware payload
2024-02-01,Payload delivery,sha256,56cc7a385b8323d879cac29252aaf16d1de06170a0b034d69522b6e901b27050,Malware payload
2024-02-01,Payload delivery,tlsh,t160a1a89b15691cbcc7148bc295d93a9387ed0113b2a8ad18fced5f0c82ff4b603669,
2024-02-01,Payload delivery,ssdeep,48:Yxg3SPhJSPdqKkY7EbnlUQl2D6hpk6nYK+zebDF4w0dM0tX8r82bp9WG9sYUfi1U:QOdKkBAKpg9nEi1v1/YUG2PV9m5P,
2024-02-01,Other,size-in-bytes,4971,
2024-02-01,Payload delivery,mime-type,application/json,
2024-02-01,Payload delivery,md5,1f5d0fbeefa820e7812e53db0b57e4f5,Malware payload
2024-02-01,Payload delivery,sha256,391256b16d1439e388c29fbbacd3aa2f0a3e3ab23da90a35bd0f06016f8aa8ed,Malware payload
2024-02-01,Payload delivery,tlsh,t16341dc7ccf29f8e0037db1a088492e2620949e57d6f58e24d9574ee62d7c24acf2b1,
2024-02-01,Payload delivery,ssdeep,48:LGfEFWuJqs9HZNjd+SfprcKyK0hE6S1FtfsC5P3RX5ZWiaoIhSNt6:LGfEFW87jd+Sfpbaq6S1FtfsC5P39EfL,
2024-02-01,Other,size-in-bytes,2219,
2024-02-01,Payload delivery,mime-type,text/plain,
2024-02-01,Payload delivery,md5,bd133b7f1aa512d5d99eabd10b8d87bf,Malware payload
2024-02-01,Payload delivery,sha256,5f6287c9f1b5a24d70fdb7d13925d2e4679abd082690feec77be51d54181112d,Malware payload
2024-02-01,Payload delivery,tlsh,t196159e0273d1c062ffab92334b5af6515bbc69260123e61f13981db9be701b1563e7,
2024-02-01,Payload delivery,imphash,948cc502fe9226992dce9417f952fce3,
2024-02-01,Payload delivery,ssdeep,12288:BqDEvFo+yo4DdbbMWu/jrQu4M9lBAlKhQcDGB3cuBNGE6iOrpfe4JdaDgaVT5:BqDEvCTbMWu7rQYlBQcBiT6rprG8aB5,
2024-02-01,Other,size-in-bytes,918016,
2024-02-01,Payload delivery,mime-type,application/x-dosexec,
2024-02-01,Payload delivery,md5,df9074606f4d6a857e06972b5781e089,Malware payload (GCleaner)
2024-02-01,Payload delivery,sha256,557c9aab624fb72de8df84b2088193c96e86732cb4645e7638513c35d634324d,Malware payload (GCleaner)
2024-02-01,Payload delivery,tlsh,t11324d0203af1c072f5e7453589b4c6e46e7bbc63ba75814f76581b1f2d22fa24a623,
2024-02-01,Payload delivery,imphash,762b6c41f88b6fa0c86015ba9e6e2f6f,
2024-02-01,Payload delivery,ssdeep,3072:/hzbLVF62rdFoI415GMfm6CfB3ed1UwTS6iwuwUCq0+KS5dhjVB:5zbLXprd547O6CfCUw2Uu9T0Qhj,
2024-02-01,Other,size-in-bytes,219136,
2024-02-01,Payload delivery,mime-type,application/x-dosexec,
2024-02-01,Payload delivery,md5,1f5b4b52993d74f0056839f759a453c7,Malware payload
2024-02-01,Payload delivery,sha256,54a9f6da127c1bee54e80835c6ea70bf03c7f16d2331a939794e996329157bea,Malware payload
2024-02-01,Payload delivery,tlsh,t1aca1a79716585cbccf14c7d655da3aab43ed0017a2a4ac18eded5f0c91ff8b10266d,
2024-02-01,Payload delivery,ssdeep,48:Yxg3SPhJSPdqKkY7EbnlUQl24hpk6nYK+zobgDF4w0dM0tXcg/i2up9WXibUfi1a:QO+kBtKCz93Ei1vnfY5FbP,
2024-02-01,Other,size-in-bytes,4788,
2024-02-01,Payload delivery,mime-type,application/json,
2024-02-01,Payload delivery,md5,c8dec49f3154f2aa524feed3ebc66daa,Malware payload
2024-02-01,Payload delivery,sha256,e34f4ba0e0d5bcb4c454d8a8d4281c44662067fbdd349da098df12a05735c22b,Malware payload
2024-02-01,Payload delivery,tlsh,t1ffa1a99b26695cfcc724c7d695c63e8757ed001363a4ad14eced5f0c91fe8b10269a,
2024-02-01,Payload delivery,ssdeep,48:Yxg3SPhJSPdqKkY7EbnlUQl2uhpk6nYK+zMlFDF4w0dM0tXqlNjT2up9WMTv0mUM:QO8kB6KoTz9DEi1vgQY30P,
2024-02-01,Other,size-in-bytes,4850,
2024-02-01,Payload delivery,mime-type,application/json,
2024-02-01,Payload delivery,md5,c84e5168b07e6e33a575d65f9b44d670,Malware payload (Stealc)
2024-02-01,Payload delivery,sha256,11f8b09d879be2005a5c2b94612c033ffcf6124e428a7d466cfe9b0abfc51dc8,Malware payload (Stealc)
2024-02-01,Payload delivery,tlsh,t14314be2534f0c072f6b745356874c2a46d3bfcb2ae74c58f725a2b5f2f222d19a663,
2024-02-01,Payload delivery,imphash,762b6c41f88b6fa0c86015ba9e6e2f6f,
2024-02-01,Payload delivery,ssdeep,3072:mJC9RLfTkY5ynh7mmVB2voDnFIMCbdf6LGV52GrSw0J58JhVB:oCnL4Y5mFmmOALBCbcqD/SwDJh,
2024-02-01,Other,size-in-bytes,192000,
2024-02-01,Payload delivery,mime-type,application/x-dosexec,
2024-02-01,Payload delivery,md5,b22edf4c1b94fd5bdb534620251e4154,Malware payload
2024-02-01,Payload delivery,sha256,207ede5af335f7e8e8086d4f6a09d4d8cd96cb10341897efe4031b172ae1473c,Malware payload
2024-02-01,Payload delivery,tlsh,t1d99185b7151c0cbcca2497d3a9943bd7467f4567e0949d68b9a88f08e0fe1b50136b,
2024-02-01,Payload delivery,ssdeep,96:YAvwlZkvQISnya0o9HT2FJ1vltPBiVsxnE:YAvtXo9z2FBiVshE,
2024-02-01,Other,size-in-bytes,4339,
2024-02-01,Payload delivery,mime-type,application/json,
2024-02-01,Payload delivery,md5,1241b3e2ebe55e2c1ec0c19e4f2cf520,Malware payload
2024-02-01,Payload delivery,sha256,34cf59ccf3bc766ed1da7eebe99a6a4bbe72ef14f69a1a51c7b93f77409a4397,Malware payload
2024-02-01,Payload delivery,tlsh,t1db915326261c0cbe82394ad2e05c76976bae02679094fd2898bd8f4ca5ff2b141769,
2024-02-01,Payload delivery,ssdeep,96:jjgekxq8pVFawTH9o2nTv71vzhHtsIZhdGR+:jjgvguFaA9o2nbdhNsIrdGR+,
2024-02-01,Other,size-in-bytes,4215,
2024-02-01,Payload delivery,mime-type,application/json,
2024-02-01,Payload delivery,md5,705372b462305329a5c24f7d94599dd4,Malware payload
2024-02-01,Payload delivery,sha256,3050aff0402f13715c8582d43e9c76a80dc0d2d84fa1aa5a3719e052b562aeb0,Malware payload
2024-02-01,Payload delivery,tlsh,t183d4122139f1d032e7f72676091892f09dfbbcb659b8869f35440b2f6d622e19f217,
2024-02-01,Payload delivery,imphash,762b6c41f88b6fa0c86015ba9e6e2f6f,
2024-02-01,Payload delivery,ssdeep,12288:gVeXqsy0Vg++KQ0ITz7nV0LGqUmsVRTzS756ZLDgQe3B:gO7JVgUQ7XCyqUb/aoZfgf,
2024-02-01,Other,size-in-bytes,628736,
2024-02-01,Payload delivery,mime-type,application/x-dosexec,
2024-02-01,Payload delivery,md5,3e1e325f7a0b85edff1317abf32c3bb4,Malware payload
2024-02-01,Payload delivery,sha256,90c0e3d7cdb015fb895639b94b501ad8c504d04acd79b505df1b8925cd96aa52,Malware payload
2024-02-01,Payload delivery,tlsh,t1dca185eb61691cbccb18c7c694d93b9797fc011352a4ec28a89c5b0cd2ff97252669,
2024-02-01,Payload delivery,ssdeep,48:Yxg3SPhJSPdqKkY7EbnlUQl2SKhpk6nYK+z1DF4w0dM0tXnGbZ2up9WSgyUfi1v7:QOVkBhKWbZz9BEi1vUb8pbbY1MPP,
2024-02-01,Other,size-in-bytes,5023,
2024-02-01,Payload delivery,mime-type,application/json,
2024-02-01,Payload delivery,md5,fc6e762786fdc2bc661b1e8fad86c0e1,Malware payload
2024-02-01,Payload delivery,sha256,887df24eba3a39f28ef7fdbef9cc71c4fd61bcc6892f1fbca3e1ea893d7f3748,Malware payload
2024-02-01,Payload delivery,tlsh,t120533b0ab7c79321ce650ab480e3a41906f2b3472a73d74e3dcd52d50e22bd6ce877,
2024-02-01,Payload delivery,imphash,f34d5f2d4577ed6d9ceec516c1f5a744,
2024-02-01,Payload delivery,ssdeep,768:uuX6B8/1x+wVx1dIPWJVYVEBoJpdzv/wQWw5qktWJ7IQsE7owvARd9pHNrvyYHVY:+KqsnpoJgiWLsEcwvAjHbhzFg,
2024-02-01,Other,size-in-bytes,61952,
2024-02-01,Payload delivery,mime-type,application/x-dosexec,
2024-02-01,Payload delivery,md5,1633013c82ff526372be4b5f143f0bc4,Malware payload
2024-02-01,Payload delivery,sha256,8273b5c494a25a86fd9ed34fd2ea815afc6c551354383061b084c97c1be6abfa,Malware payload
2024-02-01,Payload delivery,tlsh,t17891555a26095db9cb9496d7d5443ad7c76e0053e098ed2ce8fd8f08e2ff1f10276a,
2024-02-01,Payload delivery,ssdeep,48:YxY6wwGdlpkofn16Ru+FvDF4w0NhtXpk2Kp9Wo6sUHs1vFbvKzRteU3wxioorb9s:AWpkocRtxYyH97Ss1vdTHW9c7rOKx,
2024-02-01,Other,size-in-bytes,4403,
2024-02-01,Payload delivery,mime-type,application/json,
2024-02-01,Payload delivery,md5,06e8758a0f3d55667d2b59b6217b3534,Malware payload
2024-02-01,Payload delivery,sha256,18671c94d0f934725486d8e89326c27e0965d027292a02a1562f0cacc87156fc,Malware payload
2024-02-01,Payload delivery,tlsh,t17691522629386d7cc65884da98fc3d8f567e105bf1649c14a6de8f0ae2ff1f183a61,
2024-02-01,Payload delivery,ssdeep,96:ey/rkYOhDH5R0DWfrfT594ds1Y7g1vUreHTMsgiFEMMEJeR:ey/QThr5RIWfrt94ds1Y7FrezMsgiFEX,
2024-02-01,Other,size-in-bytes,4613,
2024-02-01,Payload delivery,mime-type,application/json,
2024-02-01,Payload delivery,md5,602bcce5e1588ad3e975e86da25e537c,Malware payload
2024-02-01,Payload delivery,sha256,ad01ab71c41c1fc80ceb08e91e001b3739ca75d244f9ae12a2445489c6d5fb81,Malware payload
2024-02-01,Payload delivery,tlsh,t17da1c79732550cbcc62487ea94e23e8b57bc00b3a1d4ad14a8ac4f5c94fe8f1037ea,
2024-02-01,Payload delivery,ssdeep,48:Yxg3SPhJSPdqKkY7EbnlUQl25Rifk/n0+aWblFDF4w0biYtXqlNBT2Hp9Wt0mUxG:QOokTaGuIT49YMG1veKA3Hm,
2024-02-01,Other,size-in-bytes,4832,
2024-02-01,Payload delivery,mime-type,application/json,
2024-02-01,Payload delivery,md5,976a14a4f6bb41ad095bf1432db6db8c,Malware payload
2024-02-01,Payload delivery,sha256,2608c476d0ca2568d0a528a855f24abd4255580cb822ea6756f52fac6aa0c280,Malware payload
2024-02-01,Payload delivery,tlsh,t1e1a185ab15295c7ccb14c7c699c93a8797ed015363a4ac18fded6f0c92fe8b102659,
2024-02-01,Payload delivery,ssdeep,48:Yxg3SPhJSPdqKkY7EbnlUQl21hpk6nYK+z1DF4w0dM0tXnT2up9WSFo8ZUfi1vAR:QODkB5KDz9vLEi1vYYY02O2P,
2024-02-01,Other,size-in-bytes,4884,
2024-02-01,Payload delivery,mime-type,application/json,
2024-02-01,Payload delivery,md5,72d4cd88f6b3f642f8da34fdef2f2588,Malware payload
2024-02-01,Payload delivery,sha256,e91e360a7563ab90e6c8c8a4f66278a85712140050fdb63a574e25d5b88dbe02,Malware payload
2024-02-01,Payload delivery,tlsh,t120a164ab31550cbcc52987da94e13b8b97bc01639494dc24a49c5f5cd2ff8f1437a9,
2024-02-01,Payload delivery,ssdeep,48:Yxg3SPhJSPdqKkY7EbnlUQl2kRifk/n0+aWCDF4w0biYtXnQbZ2Hp9WjyUxG1vCr:QOvkTa1uAbZ49bMG1vCb8vbJAX5D,
2024-02-01,Other,size-in-bytes,5015,
2024-02-01,Payload delivery,mime-type,application/json,
2024-02-01,Payload delivery,md5,06957c6a93c2942a128b51b779cf62d0,Malware payload
2024-02-01,Payload delivery,sha256,1208e07e56b03181178c3e8658feea8da0054c5c19ac7f4ea389562fd75cebb9,Malware payload
2024-02-01,Payload delivery,tlsh,t18791d7b7152c4cacca1487e785603b8796bf4167f0849e68f9b88f0cd0fe1f51136a,
2024-02-01,Payload delivery,ssdeep,48:Yx5AvwlYYwzKbsJkmnh+0DFU0omOtXxR23p9WtY2UKJ1vybaKqRrC3wxioiynPE:YAvwlIkv0S7U9/2FJ1vu8iynPE,
2024-02-01,Other,size-in-bytes,4333,
2024-02-01,Payload delivery,mime-type,application/json,
2024-02-01,Payload delivery,md5,a73be37a743cd6e79a1947484feb2e07,Malware payload (Stealc)
2024-02-01,Payload delivery,sha256,1d1b26080c9f382c94ec882b2f2c55c028257bc06046fbfe55507113c17cb044,Malware payload (Stealc)
2024-02-01,Payload delivery,tlsh,t1b614bf217af0c073daf7893109b4d7a5993fb8635a75c58f36983b1a2d223d19b623,
2024-02-01,Payload delivery,imphash,762b6c41f88b6fa0c86015ba9e6e2f6f,
2024-02-01,Payload delivery,ssdeep,3072:E3TFL3wSuXOTi28WtlRj6NkEgZct63YdjuAEh9FItk5HwyVB:sTFLAZXvU7lb66owAw7wy,
2024-02-01,Other,size-in-bytes,193536,
2024-02-01,Payload delivery,mime-type,application/x-dosexec,
2024-02-01,Payload delivery,md5,7402832908aab89111009d93f2c4f43b,Malware payload
2024-02-01,Payload delivery,sha256,298a0bc559c9f035b1610f5fe43a3e87ffdbbb4fe3440125eb90063f91844130,Malware payload
2024-02-01,Payload delivery,tlsh,t1d4a1979716645cbccf14c7d744d93aab87ed001392a4ac18eded5f0c92ff8b602269,
2024-02-01,Payload delivery,ssdeep,48:Yxg3SPhJSPdqKkY7EbnlUQl2rhpk6nYK+zobgDF4w0dM0tXcg/i2up9WXibUfi1Z:QOJkBtKCz93Ei1vnfYcTP,
2024-02-01,Other,size-in-bytes,4798,
2024-02-01,Payload delivery,mime-type,application/json,
2024-02-01,Payload delivery,md5,20930d2f3b9228f51d696123bf27fec6,Malware payload (Smoke Loader)
2024-02-01,Payload delivery,sha256,49cd6a67bddba303461573bae580d2b303a2949df6ce2195875739ed229e0683,Malware payload (Smoke Loader)
2024-02-01,Payload delivery,tlsh,t17a14ce6539e1c072faf7453469b4c2909d3ffcb29b74854b36482b2fae223d15a623,
2024-02-01,Payload delivery,imphash,762b6c41f88b6fa0c86015ba9e6e2f6f,
2024-02-01,Payload delivery,ssdeep,3072:VJC9RLfTkY5ynh7WZOmD49fWRg0WXvEsvy8vi5Iy5qLGVB:HCnL4Y5mFXmD4w3g68MaLG,
2024-02-01,Other,size-in-bytes,193024,
2024-02-01,Payload delivery,mime-type,application/x-dosexec,
2024-02-01,Payload delivery,md5,483ff262dad1219396737a13d425fad5,Malware payload
2024-02-01,Payload delivery,sha256,4af8f73897100443876d41bec123b094c161f766000f607c88388db0c842cd96,Malware payload
2024-02-01,Payload delivery,tlsh,t124a1746736554cbc8b2487ea54e63aaf47ad0073a094ac28a9ad5f4c91ff8f10376d,
2024-02-01,Payload delivery,ssdeep,48:Yxg3SPhJSPdqKkY7EbnlUQl2qRifk/n0+aWHbgDF4w0biYtXcgFi2Hp9WoibUxGc:QO1kTaRug49KMG1v5vAXp,
2024-02-01,Other,size-in-bytes,4770,
2024-02-01,Payload delivery,mime-type,application/json,
2024-02-01,Payload delivery,md5,23571d86d310b395582e35e7560f29c6,Malware payload
2024-02-01,Payload delivery,sha256,acc602bac6e74410e2e7d1dca9b9c4a92ac9cda0c067ad31ad3e74539ccdfc7a,Malware payload
2024-02-01,Payload delivery,tlsh,t128a175af21692cbc8b1487d799d53e8797ed0053a298ac18bced5f0c92ff4b203655,
2024-02-01,Payload delivery,ssdeep,48:Yxg3SPhJSPdqKkY7EbnlUQl2bJhpk6nYK+z9SPmDF4w0dM0tXDSPGo2up9WvseN0:QOh5kBIeKezz9EEEi1vZhYJT3yLdP,
2024-02-01,Other,size-in-bytes,4940,
2024-02-01,Payload delivery,mime-type,application/json,
2024-02-01,Payload delivery,md5,ed641c891de5e7aecde7cad47d565166,Malware payload (Smoke Loader)
2024-02-01,Payload delivery,sha256,6586de4e936248aa6110a625be34395bf6e419d5a58321d7a467f1657e821304,Malware payload (Smoke Loader)
2024-02-01,Payload delivery,tlsh,t12a14bf217af1e076e6f74d3558b4c3a16a3f7c629a78854f764c2b1f2d2a2d08e523,
2024-02-01,Payload delivery,imphash,762b6c41f88b6fa0c86015ba9e6e2f6f,
2024-02-01,Payload delivery,ssdeep,3072:3XTaL3Rj+ielexCIgSQrgr1bUohiy2TJG8oZmh5UzmVB:HTaLBaiel2ekr1bavTkZpzm,
2024-02-01,Other,size-in-bytes,193536,
2024-02-01,Payload delivery,mime-type,application/x-dosexec,
2024-02-01,Payload delivery,md5,cb65d683848a6a7435ae87ce68beb2ee,Malware payload
2024-02-01,Payload delivery,sha256,fff870c35740aa781d42999e8fc5c4a6876328ac24bfc2a75b998cd4e59a1bd3,Malware payload
2024-02-01,Payload delivery,tlsh,t15ea1a56b32550cbc862487eb94e53e4b87ac0173a194ed28f4ad4f4c95ff8f6037a9,
2024-02-01,Payload delivery,ssdeep,48:Yxg3SPhJSPdqKkY7EbnlUQl23Rifk/n0+aW/bDF4w0biYtX8rG2xp9WoKsYUxG19:QO+kTakuNe9yMG1vbDAXLWt,
2024-02-01,Other,size-in-bytes,4963,
2024-02-01,Payload delivery,mime-type,application/json,
2024-02-01,Payload delivery,md5,37eec7407363c6fd54c237452f237a3b,Malware payload
2024-02-01,Payload delivery,sha256,3daea4cec75ffdb235941ad08dc64d15f1bf667bca3279c2b524a787ba84fb89,Malware payload
2024-02-01,Payload delivery,tlsh,t1e676332693523feac625927d467f8127e1250fe12a346046f0face35ce713918f2e6,
2024-02-01,Payload delivery,imphash,884310b1928934402ea6fec1dbd3cf5e,
2024-02-01,Payload delivery,ssdeep,196608:JOmhYxZbycXm0dqUOTIBWJc9l2JXwG7hhoiX:JOmyTJd5O0BlJGAq,
2024-02-01,Other,size-in-bytes,7525706,
2024-02-01,Payload delivery,mime-type,application/x-dosexec,
2024-02-01,Payload delivery,md5,6e8ac8478495229ba7b3a22c3eba652a,Malware payload
2024-02-01,Payload delivery,sha256,8065be6c45a3098b08c949b2bb3c7fbc83d90caccb523bda68d65a88f1f1f18b,Malware payload
2024-02-01,Payload delivery,tlsh,t11d91759a26095dbdca5497d3e4503ad7877e1093b098de2ce8fd9f08e1ef0f04276a,
2024-02-01,Payload delivery,ssdeep,48:YxY6w7dlpkofn16Ru+FzvDFU0NhtXN3rm/2xp9WhHp6Y2UHs1vhmObvK3moRteUO:jpkocRtp9hEA9Sr2Ss1vhPMeHLXwKx,
2024-02-01,Other,size-in-bytes,4274,
2024-02-01,Payload delivery,mime-type,application/json,
2024-02-01,Payload delivery,md5,02a5d115e507796a06ccbb3c4ac82f4c,Malware payload
2024-02-01,Payload delivery,sha256,111f4123f7ca0ae4220646ad30b7b9c2e864a04dc249e1a2c9d58e24e576dcd2,Malware payload
2024-02-01,Payload delivery,tlsh,t15ba1b7ab31664c7cc62487eb98d53e8b57ad00b3a194dc18f9ed5f4881fe8f103799,
2024-02-01,Payload delivery,ssdeep,48:Yxg3SPhJSPdqKkY7EbnlUQl2RRifk/n0+aW0DF4w0biYtXnR2Hp9WO8ZUxG1v+b5:QOgkTa1uh49AMG1vSmAbfvt,
2024-02-01,Other,size-in-bytes,4856,
2024-02-01,Payload delivery,mime-type,application/json,
2024-02-01,Payload delivery,md5,adb684e9f23fe70da3041e4be385eeff,Malware payload (PoshC2)
2024-02-01,Payload delivery,sha256,5ff3e152c66ad40ed74fa5e728f8e812636c5d611ee7416996f130dee0e98c35,Malware payload (PoshC2)
2024-02-01,Payload delivery,tlsh,t12b447cbba7e59cb7d625223489e707087f36f6831b528b1f0b2056352f233d0af56a,
2024-02-01,Payload delivery,imphash,56866f4c89500ee85f5ca6384c952d89,
2024-02-01,Payload delivery,ssdeep,3072:YhiXJRoPFdDKFw/2aX1/EgVMNIM5RktwoMjwennSUs:v+FQI2qnKIM5XoQ5SUs,
2024-02-01,Other,size-in-bytes,271347,
2024-02-01,Payload delivery,mime-type,application/x-dosexec,
2024-02-01,Payload delivery,md5,867ec999669a7bdfdd44033e122c474e,Malware payload
2024-02-01,Payload delivery,sha256,7fe4b854d0bef159aa058f19dcb9661fcdd22de4cde852c19cd952c3c225ed83,Malware payload
2024-02-01,Payload delivery,tlsh,t1f6a175eb61691cbccb19c7c690d93b8797fc015352a4ec28acac5b0c92ff97152669,
2024-02-01,Payload delivery,ssdeep,48:Yxg3SPhJSPdqKkY7EbnlUQl2Shpk6nYK+z1DF4w0dM0tXnGbZ2up9WSgyUfi1vUz:QOwkBhKWbZz9BEi1vUb8pbbYcEzP,
2024-02-01,Other,size-in-bytes,5023,
2024-02-01,Payload delivery,mime-type,application/json,
2024-02-01,Payload delivery,md5,535216fa9078bf91926c97ae95d1e49c,Malware payload
2024-02-01,Payload delivery,sha256,cc87b959e8c46127177b2f529c9906ece56fb4c3d21354819a962fd98303069f,Malware payload
2024-02-01,Payload delivery,tlsh,t16ba195af51692cbcc614c7d289d93e8797ec0013a298ac18bced6f0c92ff4a103655,
2024-02-01,Payload delivery,ssdeep,48:Yxg3SPhJSPdqKkY7EbnlUQl217hpk6nYK+z9SPmDF4w0dM0tXDSPGo2up9WvseNi:QO3kBIeKezz9EEEi1vZhYIX7PdP,
2024-02-01,Other,size-in-bytes,4950,
2024-02-01,Payload delivery,mime-type,application/json,
2024-02-01,Payload delivery,md5,8a2ceeaca3a828b58a0ab9a3410b69ec,Malware payload
2024-02-01,Payload delivery,sha256,c2d02ee90a81e81276329b28f095599a56ede1316e45a36efaefaf43d02b00f1,Malware payload
2024-02-01,Payload delivery,tlsh,t12a76333486b51478d9f37e728d99140c9bbafe460f98127d2cae3967e78713760090,
2024-02-01,Payload delivery,imphash,884310b1928934402ea6fec1dbd3cf5e,
2024-02-01,Payload delivery,ssdeep,196608:DKso88stSGgthWGspXzj+0hCHLT29Z8r2E1hlhjX3yC35Op8m5uiX:+i8sEGUhWJpXz6ZHLT29ZABX3ZpOp8/q,
2024-02-01,Other,size-in-bytes,7530980,
2024-02-01,Payload delivery,mime-type,application/x-dosexec,
2024-02-01,Payload delivery,md5,01e6694c9178f20bdefbb8d1dcf0a239,Malware payload
2024-02-01,Payload delivery,sha256,e353c2e3cbb4f6b5812c1e2a1b137480c258d2e8c3f15c803337713fb9672051,Malware payload
2024-02-01,Payload delivery,tlsh,t17d9196e7b1155ebcc51fc9ea55a939cecabd001390309c1ce5ae4b0b88fe1b51363d,
2024-02-01,Payload delivery,ssdeep,96:XGe9k0yan4wgaBSQcsTN9+BMOy0G1vRctHsz9UAeGX0VXr:+0049rVGmlX2,
2024-02-01,Other,size-in-bytes,4529,
2024-02-01,Payload delivery,mime-type,application/json,
2024-02-01,Payload delivery,md5,07cb8666598efbb15617afbce80ab241,Malware payload
2024-02-01,Payload delivery,sha256,36584feaadc70bafd8146e387bd1828b862e156cad7f527630a3d97c9bf8da93,Malware payload
2024-02-01,Payload delivery,tlsh,t1dda1845732554c7c8b2487ea94e63aaf47ad0073a194ac24a9ad4f4c91ff8f10276d,
2024-02-01,Payload delivery,ssdeep,48:Yxg3SPhJSPdqKkY7EbnlUQl2nKRifk/n0+aWHbgDF4w0biYtXcgFi2Hp9WoibUxF:QORfkTaRug49KMG1v5vA2luiE,
2024-02-01,Other,size-in-bytes,4770,
2024-02-01,Payload delivery,mime-type,application/json,
2024-02-01,Payload delivery,md5,77888ecc7ba14965522af9f4bc4d83fd,Malware payload
2024-02-01,Payload delivery,sha256,00024278737bfd49f58617a9b241f459539dee50219d03049a92d772a51b4922,Malware payload
2024-02-01,Payload delivery,tlsh,t11ea1966b31551cac851487ea98e13e8b97bd00a3a184ac18b4ed5f5ca6ff8f103759,
2024-02-01,Payload delivery,ssdeep,48:Yxg3SPhJSPdqKkY7EbnlUQl2DJRifk/n0+aWKSPmDF4w0biYtXDSPGq2Hp9Wcsex:QOxWkTaUeuef49VEMG1vHRANQYt,
2024-02-01,Other,size-in-bytes,4922,
2024-02-01,Payload delivery,mime-type,application/json,
2024-02-01,Payload delivery,md5,b7602315a23d46a720ad7cb8af62c118,Malware payload
2024-02-01,Payload delivery,sha256,7f97aec4b235fc0fb0e404a95ea49629aaa141054d20e5d43786c210b35baaf1,Malware payload
2024-02-01,Payload delivery,tlsh,t1c306331176d06fe0d2490efe2b51fa7b6704375ac99903806cc9a7ae5b2f74bd9324,
2024-02-01,Payload delivery,imphash,4328f7206db519cd4e82283211d98e83,
2024-02-01,Payload delivery,ssdeep,98304:mKJm1hkS4yjkoyBnOwMVqOaXeZdqC7UO6YDsIumL/Hytn:NYpVy5MVXdf7KssIhL/yN,
2024-02-01,Other,size-in-bytes,3873792,
2024-02-01,Payload delivery,mime-type,application/x-dosexec,
2024-02-01,Payload delivery,md5,ec33f537faaf31825a1063adefec866d,Malware payload (Loki)
2024-02-01,Payload delivery,sha256,5ca790487f734ec5dac17f1023ecfc1bf2b42a8efc96b337ba0c17d68f49157c,Malware payload (Loki)
2024-02-01,Payload delivery,tlsh,t185c4125232ba5fa3c1bdcbf43156c49947b6a17b6660f70cedcbb1eb4426b110b10a,
2024-02-01,Payload delivery,imphash,f34d5f2d4577ed6d9ceec516c1f5a744,
2024-02-01,Payload delivery,ssdeep,12288:P/d53rD22iMYkW/+7pRBM5CsfI/+wUraZxr8wPfJG5d:rrD8H0sCSeKWZt8U,
2024-02-01,Other,size-in-bytes,574464,
2024-02-01,Payload delivery,mime-type,application/x-dosexec,
2024-02-01,Payload delivery,md5,3daa9eb37e6a2e9403cfaf7cfbfb7ef2,Malware payload (AgentTesla)
2024-02-01,Payload delivery,sha256,18ffaa7d4c8613341e4da339712da82b27cb86cfd686d8c57a820ff559a2943c,Malware payload (AgentTesla)
2024-02-01,Payload delivery,tlsh,t17bf4128436ba5fa2c27ccbf43056d50987b1552ba520e70deecb76ef1939b460b41e,
2024-02-01,Payload delivery,imphash,f34d5f2d4577ed6d9ceec516c1f5a744,
2024-02-01,Payload delivery,ssdeep,12288:5+d53rD227oaMmrPiXHx4YPsNowdB7gvL0vnuTFbz5IA/3hdIjoJt18F:grDhj/r3KsmeuYvuTFbFhnre,
2024-02-01,Other,size-in-bytes,724992,
2024-02-01,Payload delivery,mime-type,application/x-dosexec,
2024-02-01,Payload delivery,md5,38f335b4d75266034d3700d8662d008a,Malware payload
2024-02-01,Payload delivery,sha256,290a8397bb67eb7ad0fcf85282371e6366736d6194f7d1620401779297a7b795,Malware payload
2024-02-01,Payload delivery,tlsh,t19f9164aa26195dbcca5497d3d4503ad7876e0093b198de2ce4fd9f08e1ef1f04276a,
2024-02-01,Payload delivery,ssdeep,96:ypkocRtp9hEA9Sr2Ss1vhPMeHL4p/eL/x:yG/79y2SmUeHLgeL/x,
2024-02-01,Other,size-in-bytes,4274,
2024-02-01,Payload delivery,mime-type,application/json,
2024-02-01,Payload delivery,md5,3f396d8f8b4f2f46006733ef38525869,Malware payload
2024-02-01,Payload delivery,sha256,cbd595e939568a7c8c370c44326f290cfb32bfb6c6441dbad42ef151680500b8,Malware payload
2024-02-01,Payload delivery,tlsh,t1f691752561180cbd8728868be4447af35bfe05a391d4ec28c4ae9f5ca0ff6f101769,
2024-02-01,Payload delivery,ssdeep,96:zOzOM+km7O8ZlOFKiwTH9DnT71vfihHxisoZ5IG4+:UPHKT9TTx+RJoDIG3,
2024-02-01,Other,size-in-bytes,4262,
2024-02-01,Payload delivery,mime-type,application/json,
2024-02-01,Payload delivery,md5,a66155dcb557905256e1e39c6d068959,Malware payload (BumbleBee)
2024-02-01,Payload delivery,sha256,a4c87fa1b7a9bb1ca0289619eebb3a27081da88615fc6a688b3f89576e4eb547,Malware payload (BumbleBee)
2024-02-01,Payload delivery,tlsh,t16b45e012e2a21ff4e47691b681ab253bb7343e590715d377abc0c2373d927e05b1ab,
2024-02-01,Payload delivery,imphash,47e01530ad43ec939d1c47709a80a5c6,
2024-02-01,Payload delivery,ssdeep,24576:lwOhCPykWGGrYL1hb4LPRAMXLXuw2tL0IGrkNBxgvx3FWlD+:9TKhL4LP+AMtBoA+,
2024-02-01,Other,size-in-bytes,1225747,
2024-02-01,Payload delivery,mime-type,application/x-dosexec,
2024-02-01,Payload delivery,md5,f2a17a387f29205de9b0327aafae254a,Malware payload (RiseProStealer)
2024-02-01,Payload delivery,sha256,cf44f1b3441de89299061150f640d82793540073a5e534b1a34736be99dbb8e8,Malware payload (RiseProStealer)
2024-02-01,Payload delivery,tlsh,t1dd45330d92abf420ec34b0732c40512d62689e3d700d771597ef8971ae78ee5af86e,
2024-02-01,Payload delivery,imphash,5ab723dc8d5af21b79dc301ed6a56a64,
2024-02-01,Payload delivery,ssdeep,24576:HQuAevZmoi6Xl9aTFD3CxwQZyEvOuiY+uVymL9B:HTgoi6Xl0mlCuiY+DmLj,
2024-02-01,Other,size-in-bytes,1195520,
2024-02-01,Payload delivery,mime-type,application/x-dosexec,
2024-02-01,Payload delivery,md5,5c80abec4326c090e3b69ad2b30177dc,Malware payload
2024-02-01,Payload delivery,sha256,f9c9d7c707634810365ba20cf5499973b082d2cd4f17062d2523ac52a0af220c,Malware payload
2024-02-01,Payload delivery,tlsh,t1ef9184eb70255eb8c51fc5ee969938cecabd001390705c2ce5ae4b0b98fe1b51367d,
2024-02-01,Payload delivery,ssdeep,96:XGU9k0yan4wgaBSQcsTN9+BMOy0G1vRctHsz9UAeGvABTVXr:20049rVGmlIBJ,
2024-02-01,Other,size-in-bytes,4528,
2024-02-01,Payload delivery,mime-type,application/json,
2024-02-01,Payload delivery,md5,0baf9e5c9a567e0b333ce0f4a7579899,Malware payload
2024-02-01,Payload delivery,sha256,89ec8fa398a53079493ed3c11a9daca4d4b068073335a036b70faddd10dd4a08,Malware payload
2024-02-01,Payload delivery,tlsh,t1a091559a36095dbdca5496d7d5403ad7877e0493a198ed2ce8fc9f08e1ff1f0027a9,
2024-02-01,Payload delivery,ssdeep,48:YxY6wYdlpkofn16Ru+FkDFU0NhtXeV2Qp9We6T2UHs1vibvKqRteU3wxioLEcE4Z:QpkocRtG9U/9K2Ss1veiHLEtOx,
2024-02-01,Other,size-in-bytes,4274,
2024-02-01,Payload delivery,mime-type,application/json,
2024-02-01,Payload delivery,md5,eba767de8a3d9a1384c777cf44faf3f7,Malware payload
2024-02-01,Payload delivery,sha256,78dbf4b9f27dfa4bafd924f6a9ac3ebbfbfb791218603fbc1773844394d3f300,Malware payload
2024-02-01,Payload delivery,tlsh,t13bb533e184721e80e58b4bbfa91e4ed4dbab2f9b091107024492f2155bfc7b7d6c5f,
2024-02-01,Payload delivery,imphash,baa93d47220682c04d92f7797d9224ce,
2024-02-01,Payload delivery,ssdeep,49152:KD3UJFJ1Ej7rreV4/2cO5a0UMwDprSR3laDSCrnnrfUDB/fO:0qv2jiV4A3wDJSR8DSCn8/,
2024-02-01,Other,size-in-bytes,2348544,
2024-02-01,Payload delivery,mime-type,application/x-dosexec,
2024-02-01,Payload delivery,md5,f031a9cc40fd04767ba56cea4dc1818e,Malware payload
2024-02-01,Payload delivery,sha256,37f14222390bf70a067c06b85f236c24ae9825838f09e62e391e7760d789a384,Malware payload
2024-02-01,Payload delivery,tlsh,t1cc917426261c0cbd87284b97a05c76d76bae02779084fd2888bd8f4ca5ff2f141769,
2024-02-01,Payload delivery,ssdeep,96:jjcekxq8pVFawTH9o2nTv71vzhHtsIZhA0o46R+:jjcvguFaA9o2nbdhNsIrA3R+,
2024-02-01,Other,size-in-bytes,4225,
2024-02-01,Payload delivery,mime-type,application/json,
2024-02-01,Payload delivery,md5,c98f0034bfb6e92a06fe5a4cdce4c726,Malware payload
2024-02-01,Payload delivery,sha256,c8599643d001f324594bba4b191b728ef6044d01392f17725b77ac0f5d3a92ba,Malware payload
2024-02-01,Payload delivery,tlsh,t1b1a197ab25795cfcc724c7c695da3e8397ed005362e4ac14ecac5f0c91fe8b50269a,
2024-02-01,Payload delivery,ssdeep,48:Yxg3SPhJSPdqKkY7EbnlUQl2xhpk6nYK+zMlFDF4w0dM0tXqlNjT2up9WMTv0mUn:QObkB6KoTz9DEi1vgQYOaP,
2024-02-01,Other,size-in-bytes,4860,
2024-02-01,Payload delivery,mime-type,application/json,
2024-02-01,Payload delivery,md5,ad84cbe2274672566465565bb5e63192,Malware payload (Ransomware.Stop)
2024-02-01,Payload delivery,sha256,59a7da7a019a494cb1b7f64d772a46c78c5229e598f32f053685d2c3045a126c,Malware payload (Ransomware.Stop)
2024-02-01,Payload delivery,tlsh,t134e42221b4f2d477e7b391355924d1b12e7fbca2a9b5404b36b03b6e2e711c24e9a3,
2024-02-01,Payload delivery,imphash,762b6c41f88b6fa0c86015ba9e6e2f6f,
2024-02-01,Payload delivery,ssdeep,12288:+dkX8uU+LHZ3bvRmFAwkqahbvFpcwdISNYDb7VpnJyiDFFfLkrDV0tuMu:+Q8iRmFA/X7oIw7LJygForp0tr,
2024-02-01,Other,size-in-bytes,702976,
2024-02-01,Payload delivery,mime-type,application/x-dosexec,
2024-02-01,Payload delivery,md5,74d7d7f0ab512b18df515da55bc2dde4,Malware payload
2024-02-01,Payload delivery,sha256,25023fc356778578a6d959e71630de4741c5ef4ec01a3c3bd4210e309420a726,Malware payload
2024-02-01,Payload delivery,tlsh,t1cb91a7b7152c4cbcca2487d395643bd7967f41a7e0d49d68b9b88f08e0fe1f10176a,
2024-02-01,Payload delivery,ssdeep,96:YAvwl2kvQISnya0o9HT2FJ1vltPBiA7qnE:YAvUXo9z2FBiA7CE,
2024-02-01,Other,size-in-bytes,4339,
2024-02-01,Payload delivery,mime-type,application/json,
2024-02-01,Payload delivery,md5,897d4f58404af5bf377ed76ae1f11227,Malware payload
2024-02-01,Payload delivery,sha256,f6d088fa0a93ce96690df3ca20246c1a504725d44e308572a77cee5b2791785f,Malware payload
2024-02-01,Payload delivery,tlsh,t1faa1b8ab35254c7cca1487ea98d13e8b576c01b3a194ec14b9ed5f4c91fe8f103799,
2024-02-01,Payload delivery,ssdeep,48:Yxg3SPhJSPdqKkY7EbnlUQl2VNRifk/n0+aW0DF4w0biYtXnR2Hp9WO8ZUxG1v+H:QO6kTa1uh49AMG1vSmAA09P,
2024-02-01,Other,size-in-bytes,4856,
2024-02-01,Payload delivery,mime-type,application/json,
2024-02-01,Payload delivery,md5,a966b435e9e621948e6618b5759d32f5,Malware payload
2024-02-01,Payload delivery,sha256,a1979a207ee60579e0a2723e0f278328202b48e7d53515bfea84e902302d0acd,Malware payload
2024-02-01,Payload delivery,tlsh,t1c791539926095dbdcb9496d3d4843ac7c76e1053e194ed2ce4fd9f08a1ef1f10276a,
2024-02-01,Payload delivery,ssdeep,48:YxY6wzdlpkofn16Ru+FvDF4w0NhtXpk2Kp9Wo6sUHs1vFbvKzRteU3wxioorb+KP:7pkocRtxYyH97Ss1vdTHWfuBnmx,
2024-02-01,Other,size-in-bytes,4403,
2024-02-01,Payload delivery,mime-type,application/json,
2024-02-01,Payload delivery,md5,58a9afcf858b5d3d7842f3353cc5fcd2,Malware payload
2024-02-01,Payload delivery,sha256,80f9ddbf26ee52efe22f9256c20de2373ab01b58294467878e2a6b041eb927cd,Malware payload
2024-02-01,Payload delivery,tlsh,t1199164aa27085ebcca5496d3e9843ad7876e1493a1d4dd3cd8bd9f08e1ef1f002759,
2024-02-01,Payload delivery,ssdeep,48:YxY6wAdlpkofn16Ru+FkDFU0NhtXeV2Qp9We6T2UHs1vibvKqRteU3wxioLHJE/l:YpkocRtG9U/9K2Ss1veiHLC2ox,
2024-02-01,Other,size-in-bytes,4284,
2024-02-01,Payload delivery,mime-type,application/json,
2024-02-01,Payload delivery,md5,539d06e5ba0ba838f4deae1234016968,Malware payload
2024-02-01,Payload delivery,sha256,2e953a1e4d6f7a79535d964585dc1d96cc80b33c8a44fd01434ed319add1d9f4,Malware payload
2024-02-01,Payload delivery,tlsh,t173a184ab32550cbc862487e794e53e4b47ad0163a098ad28f4a94f4c85ff9e6037a9,
2024-02-01,Payload delivery,ssdeep,48:Yxg3SPhJSPdqKkY7EbnlUQl2lRifk/n0+aW/bDF4w0biYtX8rG2xp9WoKsYUxG15:QOokTakuNe9yMG1vbDAGp,
2024-02-01,Other,size-in-bytes,4952,
2024-02-01,Payload delivery,mime-type,application/json,
2024-02-01,Payload delivery,md5,c450876e5cff1c1b4eb8453a28c716a6,Malware payload
2024-02-01,Payload delivery,sha256,c26b7ddcfc9e2b8869348429f602880205ac4241456af5ac0146aa84e2e19ec6,Malware payload
2024-02-01,Payload delivery,tlsh,t166a1b6ab31654cbcc624c7ea94e23e8757ac0077a5d4ec14e8ac5f5891fe8f1037ea,
2024-02-01,Payload delivery,ssdeep,48:Yxg3SPhJSPdqKkY7EbnlUQl2FRifk/n0+aWblFDF4w0biYtXqlNBT2Hp9Wt0mUxH:QOckTaGuIT49YMG1veKASX1I,
2024-02-01,Other,size-in-bytes,4842,
2024-02-01,Payload delivery,mime-type,application/json,
2024-02-01,Payload delivery,md5,5af4000be8aa1dbf752a68ec6673f6f3,Malware payload
2024-02-01,Payload delivery,sha256,487e4c16439d12eaf8f6aed5dfe00c8e8c5f6ad21c4f84747d15edcd5eb402b9,Malware payload
2024-02-01,Payload delivery,tlsh,t158b533f78e3716bbca2f87bc4526825c05876e839794e68f3a19f390073c37554aac,
2024-02-01,Payload delivery,imphash,baa93d47220682c04d92f7797d9224ce,
2024-02-01,Payload delivery,ssdeep,49152:K1riuVFYQbuxU/Zg5KIwgkqp6CId1kKelI2W5tUV4oynFQcpNbb:K1euLraK2YiXSpN5cDyFQcXb,
2024-02-01,Other,size-in-bytes,2347008,
2024-02-01,Payload delivery,mime-type,application/x-dosexec,
2024-02-01,Payload delivery,md5,dc0c99af9f3722fc04387940f20b92e6,Malware payload
2024-02-01,Payload delivery,sha256,28655564ce45d1988b278ceb23b0b19bf65b82d748368539b92acd32b8720667,Malware payload
2024-02-01,Payload delivery,tlsh,t114d4235bad87aa39ef949b305808821d2157df33bdb4e2970340b61f537fa872c66d,
2024-02-01,Payload delivery,imphash,af02ce4a4548e322a95ca15cb9608683,
2024-02-01,Payload delivery,ssdeep,12288:8HLUMuiv9RgfSjAzRty26xGJeMTE3Z2ap4srKWLZ6J7:WtARD6EAMC419,
2024-02-01,Other,size-in-bytes,623392,
2024-02-01,Payload delivery,mime-type,application/x-dosexec,
2024-02-01,Payload delivery,md5,1bf4e606352322b0a363743b91efc8a8,Malware payload
2024-02-01,Payload delivery,sha256,881741ef6e9095ec952ca37a61a63c375609307762064859a827b7098a32a1d1,Malware payload
2024-02-01,Payload delivery,tlsh,t124b533ca8a33896ae8135378909ba1f161172d4732732fa19347f469dbfe47b839cd,
2024-02-01,Payload delivery,imphash,baa93d47220682c04d92f7797d9224ce,
2024-02-01,Payload delivery,ssdeep,49152:zcAeKNRJSxKdEl90ic50UETmbfvZ2p/j2x/j/:FeFxuU0icS3TmTkp/j2xz,
2024-02-01,Other,size-in-bytes,2308096,
2024-02-01,Payload delivery,mime-type,application/x-dosexec,
2024-02-01,Payload delivery,md5,9e5d6d312ae9907769a2bf37430bca97,Malware payload (BumbleBee)
2024-02-01,Payload delivery,sha256,175321040778fae7e7184eab66eeff4c504e9021b1138b51bb5f6f189e503a2f,Malware payload (BumbleBee)
2024-02-01,Payload delivery,tlsh,t1e245e011e6921ff5d07691b780ab252bbb707e294319e377ebc0d2373d837a05b1a6,
2024-02-01,Payload delivery,imphash,47e01530ad43ec939d1c47709a80a5c6,
2024-02-01,Payload delivery,ssdeep,24576:6nHJvLALXKgAosOT+MevrxfrtxvcZR3LpCS90KVjGaMOLLMO49Kxa:20K/TfrK9RT0NN,
2024-02-01,Other,size-in-bytes,1221140,
2024-02-01,Payload delivery,mime-type,application/x-dosexec,
2024-02-01,Payload delivery,md5,2ce7a8b71fbec805efb656f406795f20,Malware payload (Mirai)
2024-02-01,Payload delivery,sha256,b648bdf64d153509b24ff23563471569460af56654b138e3b40b7bce401e7070,Malware payload (Mirai)
2024-02-01,Payload delivery,tlsh,t134d2e13795ad3467da216db5db6b4bc43ab709fcc291b01339154e4c52896838bf82,
2024-02-01,Payload delivery,ssdeep,768:/AjxcWcrZIQcgziwanUGXBh5iuTo4dNrDiFz0DxLtfT9q3UELSQ:/AjxcWc2QR+waUGXBxE4dNTqLH,
2024-02-01,Other,size-in-bytes,31064,
2024-02-01,Payload delivery,mime-type,application/x-executable,
2024-02-01,Payload delivery,md5,e78e094838c5afcdf3c269055b557071,Malware payload
2024-02-01,Payload delivery,sha256,7d1dc633832719837ecae372421650b2494599340e772b67c2c13ff68d5e9902,Malware payload
2024-02-01,Payload delivery,tlsh,t12d91662661140cbe8728869be0543bf35bee059391d4ec28d4be9f5ca1ff5f111769,
2024-02-01,Payload delivery,ssdeep,96:zOzOn+km7O8ZlOFKiwTH9DnT71vfihHxisoZ5kOsla4+:vPHKT9TTx+RJoD1Wa3,
2024-02-01,Other,size-in-bytes,4262,
2024-02-01,Payload delivery,mime-type,application/json,
2024-02-01,Payload delivery,md5,397e5327d56b7448e8cb1a79c6f44562,Malware payload
2024-02-01,Payload delivery,sha256,f01ef8cebb76b2c220f125a8c90c9b368c6a7fa77ee4b6b2b6e5974a7800b084,Malware payload
2024-02-01,Payload delivery,tlsh,t1be91512629386d7cc758c5ca88fc3d4f567e005bf2649c14a6ed8e0ae2ff1f183a65,
2024-02-01,Payload delivery,ssdeep,96:ey9rkYOhDH5R0DWfrfT594ds1Y7g1vUreHTMsgiFEg8JeR:ey9QThr5RIWfrt94ds1Y7FrezMsgiFEk,
2024-02-01,Other,size-in-bytes,4614,
2024-02-01,Payload delivery,mime-type,application/json,
2024-02-01,Payload delivery,md5,62a579752a5f2e698ec106e825f76f57,Malware payload
2024-02-01,Payload delivery,sha256,fdd6c3f1c7407d49b9b174c1bcee594ff4a461315fd2e235a74996053e5fbce5,Malware payload
2024-02-01,Payload delivery,tlsh,t1eb9185eb71155eb8c51f85ee969938cfcabd001390306c1ce5ad4b0b98fe1b51323d,
2024-02-01,Payload delivery,ssdeep,96:XGd9k0yan4wgaBSQcsTN9+BMOy0G1vRctHsz9UAeG/UwlgVXr:R0049rVGmlcwlK,
2024-02-01,Other,size-in-bytes,4539,
2024-02-01,Payload delivery,mime-type,application/json,
2024-02-01,Payload delivery,md5,e66e63ef7cc8d3c0873acda143f234fd,Malware payload
2024-02-01,Payload delivery,sha256,f2492e359ab453c41b8146243203eba106a87aae40f33751c7cbf0f8c004d522,Malware payload
2024-02-01,Payload delivery,tlsh,t19da1b85736654cbcc624c7ea54e23e8b57ad0073a494ed14e8ac4f5c95fe8f1037ea,
2024-02-01,Payload delivery,ssdeep,48:Yxg3SPhJSPdqKkY7EbnlUQl2aRifk/n0+aWblFDF4w0biYtXqlNBT2Hp9Wt0mUxh:QOZkTaGuIT49YMG1veKAMX54p,
2024-02-01,Other,size-in-bytes,4832,
2024-02-01,Payload delivery,mime-type,application/json,
2024-02-01,Payload delivery,md5,c93447abe4984cec2cf3f8a582801837,Malware payload (Mirai)
2024-02-01,Payload delivery,sha256,81b7b6ca6e0f2fc47c750cf450c81e536bf0c726501070d1dcaefd23e89534e7,Malware payload (Mirai)
2024-02-01,Payload delivery,tlsh,t1edd2e03dbe2438e5ce3206b76a2081db010b0369d7ff3b3d099849987d910ab65b76,
2024-02-01,Payload delivery,ssdeep,768:YqBrR5xVXTMkqbOoPZKjZHiJlI4Lek9q3UELfD:f35blqaKZKj5AyWGLb,
2024-02-01,Other,size-in-bytes,30160,
2024-02-01,Payload delivery,mime-type,application/x-executable,
2024-02-01,Payload delivery,md5,e2553a9b8a1b413e173ef924c3c57f01,Malware payload
2024-02-01,Payload delivery,sha256,55ffd10b3246d493c026679c664f2d493d8d5c89dd577b91ec6868984fbab7c5,Malware payload
2024-02-01,Payload delivery,tlsh,t13aa1a6af15295cbccb14c7c695c93a9797ed015353a4ac18fded6f0c82fe8b10265a,
2024-02-01,Payload delivery,ssdeep,48:Yxg3SPhJSPdqKkY7EbnlUQl2aLhpk6nYK+z1DF4w0dM0tXnT2up9WSFo8ZUfi1vV:QO0fkB5KDz9vLEi1vYYYy6aDP,
2024-02-01,Other,size-in-bytes,4884,
2024-02-01,Payload delivery,mime-type,application/json,
2024-02-01,Payload delivery,md5,5d0ec66be47c27759887b0a3d345b218,Malware payload
2024-02-01,Payload delivery,sha256,d7ffd42c23dbdec22e535fa57f12496767365461da380a779d93e39661812e4e,Malware payload
2024-02-01,Payload delivery,tlsh,t1f091569a26085dbcca5496d3e9843ad7c76e0493f198dd2ce9fd9f08e1ef1f002799,
2024-02-01,Payload delivery,ssdeep,48:YxY6wkdlpkofn16Ru+FkDFU0NhtXeV2Qp9We6T2UHs1vibvKqRteU3wxioLZxZCn:MpkocRtG9U/9K2Ss1veiHLwFx,
2024-02-01,Other,size-in-bytes,4274,
2024-02-01,Payload delivery,mime-type,application/json,
2024-02-01,Payload delivery,md5,e7795e449b332eb412fd5f9f64398589,Malware payload
2024-02-01,Payload delivery,sha256,e11e9a6cd25bcdad6d0f6a78c2e2ad1a0e2c3aefa6fd0f0f10ee5fe2c12a53ae,Malware payload
2024-02-01,Payload delivery,tlsh,t1aea196ab31550cbcc52987da94e53f8b87bc01639494ec24e4ac9f5c92ff8f1037a9,
2024-02-01,Payload delivery,ssdeep,48:Yxg3SPhJSPdqKkY7EbnlUQl2NRifk/n0+aWCDF4w0biYtXnQbZ2Hp9WjyUxG1vCE:QOgkTa1uAbZ49bMG1vCb8vbJAS1,
2024-02-01,Other,size-in-bytes,5005,
2024-02-01,Payload delivery,mime-type,application/json,
2024-02-01,Payload delivery,md5,cfca28b3e238cb7be4478a83d6b54202,Malware payload
2024-02-01,Payload delivery,sha256,8b8ca4c80407b5c1956dc54c8f0d8bfdb115709fd41356903e371d8b10181197,Malware payload
2024-02-01,Payload delivery,tlsh,t12f91753562540dbd8628869bf4443bf35bee05a391d4ec28c4ae9f5ca1ff5f201b69,
2024-02-01,Payload delivery,ssdeep,96:zOzOq+km7O8ZlOFKiwTH9DnT71vfihHxisoZ5US4+:iPHKT9TTx+RJoDUS3,
2024-02-01,Other,size-in-bytes,4262,
2024-02-01,Payload delivery,mime-type,application/json,
2024-02-01,Payload delivery,md5,9cd593fb5e70df5e600702a1f9adbbce,Malware payload
2024-02-01,Payload delivery,sha256,5e57c596a7ff597d85dcc10e4613926c80616a05da2dc8d5c49e1eca6ce1c312,Malware payload
2024-02-01,Payload delivery,tlsh,t1aaa1a69b32550cbc86248bea95e13e4b876d0173a194ec28f4ad4f4c95ff8e5037b9,
2024-02-01,Payload delivery,ssdeep,48:Yxg3SPhJSPdqKkY7EbnlUQl2tRifk/n0+aW/bDF4w0biYtX8rG2xp9WoKsYUxG1g:QOMkTakuNe9yMG1vbDA+HU,
2024-02-01,Other,size-in-bytes,4953,
2024-02-01,Payload delivery,mime-type,application/json,
2024-02-01,Payload delivery,md5,6b9d21802a2d4cca5e590ad3ff0fd8dd,Malware payload
2024-02-01,Payload delivery,sha256,7ea02b73d9e901657269c37e07b90adef1b339a14c4c912b06d21fa7813f41e7,Malware payload
2024-02-01,Payload delivery,tlsh,t1edf14300db8b51fef40486b44265ae33e23cda0a4c5c8f74ea25ef679567d05b8c68,
2024-02-01,Payload delivery,ssdeep,48:7I9HOkJKXrmKSxqxl1/SbcnqMeRSqHfFkrHkL94SqMV7nOYKl0IK+ppobYLQTnSN:VkJKYwNSbcxo/AkL94ShlxGKetjJxs+,
2024-02-01,Other,size-in-bytes,8192,
2024-02-01,Payload delivery,mime-type,application/x-dosexec,
2024-02-01,Payload delivery,md5,2282ae2f0256fa1677967cc87342754e,Malware payload
2024-02-01,Payload delivery,sha256,ca68950218eb53164e317dd81a5ae488351d5b526d096cd68be10b77c90610c3,Malware payload
2024-02-01,Payload delivery,tlsh,t13441cb7ccf29f8e0037db0a088492e2620949a57d6b58e24d95b4ee62d7c20acf1b1,
2024-02-01,Payload delivery,ssdeep,48:LGfEFWuJqs9HZNjd+SfprcKyK0hE6S1FtfsC5P3RX5ZWiaoIhSNt0:LGfEFW87jd+Sfpbaq6S1FtfsC5P39EfN,
2024-02-01,Other,size-in-bytes,2219,
2024-02-01,Payload delivery,mime-type,text/plain,
2024-02-01,Payload delivery,md5,f08c58b3478ecfe32112ecf110d7d116,Malware payload (Amadey)
2024-02-01,Payload delivery,sha256,c9c33aaabef1e2669621be6cd927c08c7195ed1b4a04244bbb4a8dd84866a892,Malware payload (Amadey)
2024-02-01,Payload delivery,tlsh,t1ef0523f55182c393e529e7f4199922da7ba8397d3380df22b95f0a831f306bdb7161,
2024-02-01,Payload delivery,imphash,7515ecf8c0dfa4d230ad835fe0acb57f,
2024-02-01,Payload delivery,ssdeep,12288:tIzM1cHSvqoVTQjDnhDo7YNQNLPxez8dFlZqB4LjLkgeXNpbyk835siAebPt:tIw1/V0jDnhcwQaz+8Qjji83fbPt,
2024-02-01,Other,size-in-bytes,810496,
2024-02-01,Payload delivery,mime-type,application/x-dosexec,
2024-02-01,Payload delivery,md5,c09bf884e2ea84da70a9dcba60c7318b,Malware payload
2024-02-01,Payload delivery,sha256,4d2f5b3da269be1432d0e4cac23df409b6220481863688c58dc3401b57482cda,Malware payload
2024-02-01,Payload delivery,tlsh,t1c39174aa26095dbcc64497d7e8803ad7876e1093b198de2ce4fd9f0ce1ef1f04276a,
2024-02-01,Payload delivery,ssdeep,48:YxY6wAdlpkofn16Ru+FzvDFU0NhtXN3rm/2xp9WhHp6Y2UHs1vhmObvK3moRteUU:YpkocRtp9hEA9Sr2Ss1vhPMeHLsk2bix,
2024-02-01,Other,size-in-bytes,4284,
2024-02-01,Payload delivery,mime-type,application/json,
2024-02-01,Payload delivery,md5,888e6a5e6e518fd11845a46a5f9e63fc,Malware payload
2024-02-01,Payload delivery,sha256,3c759d8b58156cc51d128b2f85101185297e284570fc3268ff8e8dbdc770efef,Malware payload
2024-02-01,Payload delivery,tlsh,t1cca1a89716585cbccf24c7d751da3aab83ed0013a2a4ac14eded5f0c91ff9b10226a,
2024-02-01,Payload delivery,ssdeep,48:Yxg3SPhJSPdqKkY7EbnlUQl2wZqhpk6nYK+zobgDF4w0dM0tXcg/i2up9WXibUf3:QOuakBtKCz93Ei1vnfYK8suP,
2024-02-01,Other,size-in-bytes,4788,
2024-02-01,Payload delivery,mime-type,application/json,
2024-02-01,Payload delivery,md5,ba0e0743b86a85476a4da2e5e043973f,Malware payload
2024-02-01,Payload delivery,sha256,926280d86ab084f60a614eb90ce5e0683bc06176194f2547b6b2b9a1250324fc,Malware payload
2024-02-01,Payload delivery,tlsh,t10191b6b7162c4c6cca1487d795903b8756af41a7e0849e68bafc8f0ce0fe1f511376,
2024-02-01,Payload delivery,ssdeep,48:Yx5AvwlYYw4KbsJkmnh+0DFU0omOtXxR23p9WtY2UKJ1vybaKqRrC3wxioi6SYOQ:YAvwlTkv0S7U9/2FJ1vu8i6SYODE,
2024-02-01,Other,size-in-bytes,4323,
2024-02-01,Payload delivery,mime-type,application/json,
2024-02-01,Payload delivery,md5,62efc218be302c12216367b304a5692b,Malware payload
2024-02-01,Payload delivery,sha256,022286443d3f2088ac2395784d19d42f8b1a37a26e4e8c5b5963e4da80d1a4b1,Malware payload
2024-02-01,Payload delivery,tlsh,t1bb159e0273d1c062ff9b92334b5af6515bbc69260123e61f13a81db9be701b1563e7,
2024-02-01,Payload delivery,imphash,948cc502fe9226992dce9417f952fce3,
2024-02-01,Payload delivery,ssdeep,12288:TqDEvFo+yo4DdbbMWu/jrQu4M9lBAlKhQcDGB3cuBNGE6iOrpfe4JdaDgaGT9W:TqDEvCTbMWu7rQYlBQcBiT6rprG8aeA,
2024-02-01,Other,size-in-bytes,918016,
2024-02-01,Payload delivery,mime-type,application/x-dosexec,
2024-02-01,Payload delivery,md5,402af440760f32e47d5a6245f8896a2b,Malware payload (BumbleBee)
2024-02-01,Payload delivery,sha256,ae2dde5b962aee11390fe1e12399f271c8edd1cc3fceef4ffbcca2150fdc9ccd,Malware payload (BumbleBee)
2024-02-01,Payload delivery,tlsh,t1fa45e011e2921ff9c4769176816b262f7b703e5c4724d3bbabc0d2373d927a05b0ab,
2024-02-01,Payload delivery,imphash,47e01530ad43ec939d1c47709a80a5c6,
2024-02-01,Payload delivery,ssdeep,24576:RvRuGh6hGMiKe5pZtBB8CwbQDHXTDEIWOSqpkzwCnS:aNsNBB8RaEcCnS,
2024-02-01,Other,size-in-bytes,1224201,
2024-02-01,Payload delivery,mime-type,application/x-dosexec,
2024-02-01,Payload delivery,md5,98366396428074e3eb2a605639746ad5,Malware payload
2024-02-01,Payload delivery,sha256,aac3ecc3cdbc6ba0b8bb9d1d2643296ad51bc5cc9eb43e90328ca170d3ed3584,Malware payload
2024-02-01,Payload delivery,tlsh,t1b8a1989b25b95cbccb24c7c695d63e9357ec005363e8ad14ecac5f0c81fe4b5426aa,
2024-02-01,Payload delivery,ssdeep,48:Yxg3SPhJSPdqKkY7EbnlUQl20hpk6nYK+zMlFDF4w0dM0tXqlNjT2up9WMTv0mUl:QOmkB6KoTz9DEi1vgQYyhGP,
2024-02-01,Other,size-in-bytes,4850,
2024-02-01,Payload delivery,mime-type,application/json,
2024-02-01,Payload delivery,md5,0b50b4b929f606927f37f664fec47083,Malware payload
2024-02-01,Payload delivery,sha256,c5997e44167a6f93cbbf9d908ef9726e8a91eca39a37596cbb584ba163449ce1,Malware payload
2024-02-01,Payload delivery,tlsh,t17ea45c2e6f9405a9d1fbe1b89e1b8507e13978440272e97f17d2a1e13e85620ef7e3,
2024-02-01,Payload delivery,imphash,f5ffa1721c209d1510f2cc1a71cd9573,
2024-02-01,Payload delivery,ssdeep,12288:M7lKOzbIa9EW2ikdjJtZMU8ZFtPh61rrOrrp9N:M7lZzMaeW2ikddtZMU8ZR6,
2024-02-01,Other,size-in-bytes,458240,
2024-02-01,Payload delivery,mime-type,application/x-dosexec,
2024-02-01,Payload delivery,md5,d15d1500440d86408b89a70aaef3eeb8,Malware payload
2024-02-01,Payload delivery,sha256,719963cb7cece3314406ef307721385435ff248a7fe15fea2aa910ff3ddcbd64,Malware payload
2024-02-01,Payload delivery,tlsh,t1d89154aa26095dbdcb9496d7d8843ac7876e0053f194ed3ce4bdcf08a1ef1f10276a,
2024-02-01,Payload delivery,ssdeep,48:YxY6wrdlpkofn16Ru+FvDF4w0NhtXpk2Kp9Wo6sUHs1vFbvKzRteU3wxioorbmSt:zpkocRtxYyH97Ss1vdTHWftBx,
2024-02-01,Other,size-in-bytes,4413,
2024-02-01,Payload delivery,mime-type,application/json,
2024-02-01,Payload delivery,md5,7f7e55c1a78d8eae8bc8990b9d4825b3,Malware payload
2024-02-01,Payload delivery,sha256,f9441360ec451c9eef1f4c9c493dbfea3eb567300ff21d67e68c02a773367ba7,Malware payload
2024-02-01,Payload delivery,tlsh,t193a175ab31550cbc852987ea94e53b8b97bc01a35494ec24b49c9f5cd2ff8f1437ad,
2024-02-01,Payload delivery,ssdeep,48:Yxg3SPhJSPdqKkY7EbnlUQl2/Rifk/n0+aWCDF4w0biYtXnQbZ2Hp9WjyUxG1vCC:QO6kTa1uAbZ49bMG1vCb8vbJAqpl,
2024-02-01,Other,size-in-bytes,5005,
2024-02-01,Payload delivery,mime-type,application/json,
2024-02-01,Payload delivery,md5,cdd650862ed2af01ac17e10e8433e99e,Malware payload
2024-02-01,Payload delivery,sha256,b5fbe41bc1ae55fe3c5695948987e5ce8fc80090332cdcb6f63c60f88942259b,Malware payload
2024-02-01,Payload delivery,tlsh,t112b533f63bb7029bf9876f71d17ad09609638c1b8801981c1954f01c8bfe279baa7d,
2024-02-01,Payload delivery,imphash,baa93d47220682c04d92f7797d9224ce,
2024-02-01,Payload delivery,ssdeep,49152:/IULAVF48kVdhK3oMLrT3kmNz7lX1jTtsAAzKar55laiM:QULg48kV+33bX1j9larTwiM,
2024-02-01,Other,size-in-bytes,2341888,
2024-02-01,Payload delivery,mime-type,application/x-dosexec,
2024-02-01,Payload delivery,md5,bc8276d8f957b3fbba3c7c01d9107103,Malware payload
2024-02-01,Payload delivery,sha256,b65e95188f9e8e132a37f1cf760913f3e5ac60a2a7d4be372e1a792e5d959904,Malware payload
2024-02-01,Payload delivery,tlsh,t15fc4231e9d4b6a29efd497309908821d1197ef33be74e35b0340b61e637b6c72c66d,
2024-02-01,Payload delivery,imphash,af02ce4a4548e322a95ca15cb9608683,
2024-02-01,Payload delivery,ssdeep,12288:8HLUMuiv9RgfSjAzRty26xGJeMTE3Z2ap4srKWLZH:WtARD6EAMC410,
2024-02-01,Other,size-in-bytes,585744,
2024-02-01,Payload delivery,mime-type,application/x-dosexec,
2024-02-01,Payload delivery,md5,760448888563d544be2f35015b07fd67,Malware payload
2024-02-01,Payload delivery,sha256,ea1834a3614a871f3d071413015637b9cc246b915a2a536ebdbbdd3e692bb8b6,Malware payload
2024-02-01,Payload delivery,tlsh,t1597601c5fbe6981bc4338032d9ae73b9150b4c825a469f435b28324c39bb6d84f5af,
2024-02-01,Payload delivery,ssdeep,196608:i11gU1s6gsxtyBF9kBLDyzUFyN33SlzrLX+M:TU1s8iF9kd5yUN+M,
2024-02-01,Other,size-in-bytes,7706125,
2024-02-01,Payload delivery,mime-type,application/zip,
2024-02-01,Payload delivery,md5,df9e34885865e4d777e9abe1121d0d19,Malware payload
2024-02-01,Payload delivery,sha256,5fd7188122f49bfa239a3680542f1c30b0e47d536e03ca7dcdfe6dbe680e36ac,Malware payload
2024-02-01,Payload delivery,tlsh,t1349195b7152c4cbcc62487d3a9a43bd7567f41a7e0949e68b9bc8f08e0fe1b11136b,
2024-02-01,Payload delivery,ssdeep,96:YAvwlckvQISnya0o9HT2FJ1vltPBiTJLcnE:YAvyXo9z2FBitL8E,
2024-02-01,Other,size-in-bytes,4329,
2024-02-01,Payload delivery,mime-type,application/json,
2024-02-01,Payload delivery,md5,49423390a0c661905b761bf7d5dbfc7d,Malware payload
2024-02-01,Payload delivery,sha256,ade8e5c1b86991107816f729e2c36df1b40c87ffda384ee8743bb5811924b671,Malware payload
2024-02-01,Payload delivery,tlsh,t14d928f35a8a1641b4037d8f9356fa28df82194078c4749a4b11f412dcbf6e934baff,
2024-02-01,Payload delivery,ssdeep,384:OftrMf+F0e0H3nW2W6E45wse5QjuFwgzxdaqlU4:tIn0H3nWh6tOseQZgraqb,
2024-02-01,Other,size-in-bytes,19559,
2024-02-01,Payload delivery,mime-type,text/html,
2024-02-01,Payload delivery,md5,38d7b37f3a4732ca04f29bd13f23cee5,Malware payload
2024-02-01,Payload delivery,sha256,6af6545a652d05b1fedf67b09e0f5d0d6a9d6db56fb4d59fde185ddcfa6067a3,Malware payload
2024-02-01,Payload delivery,tlsh,t1bba1b76b35664cbcca1487ea98d13e8b576d01b3a194ec14f9ed5f48c1fe8f103799,
2024-02-01,Payload delivery,ssdeep,48:Yxg3SPhJSPdqKkY7EbnlUQl2WRifk/n0+aW0DF4w0biYtXnR2Hp9WO8ZUxG1v+bS:QOdkTa1uh49AMG1vSmAx4P,
2024-02-01,Other,size-in-bytes,4856,
2024-02-01,Payload delivery,mime-type,application/json,
2024-02-01,Payload delivery,md5,75d2fc8b2b6c49b1fd232410da5287a9,Malware payload
2024-02-01,Payload delivery,sha256,255525b3ecba815b16182c9fdbc7d0b87edb7e7457cf5cd519206ad588ad4abf,Malware payload
2024-02-01,Payload delivery,tlsh,t16441cb7ccf29f8e0033db1a088492e2620949e57d6b58e24d9574ee62d7c20acf2b1,
2024-02-01,Payload delivery,ssdeep,48:LGfEFWuJqs9HZNjd+SfprcKyK0hE6S1FtfsC5P3RX5ZWiaoIhSNtz3:LGfEFW87jd+Sfpbaq6S1FtfsC5P39EfC,
2024-02-01,Other,size-in-bytes,2219,
2024-02-01,Payload delivery,mime-type,text/plain,
2024-02-01,Payload delivery,md5,04338d2ef6feb82180b49b7489d89057,Malware payload
2024-02-01,Payload delivery,sha256,c4b9d4180fbdf842b906c64779be2334325bf1c25ea6d66179f0459014b9e54f,Malware payload
2024-02-01,Payload delivery,tlsh,t159a1755b31551cbc851487eb98e13e8b97ad00a3a1d4ac18b8ed5f4896fe8f103759,
2024-02-01,Payload delivery,ssdeep,48:Yxg3SPhJSPdqKkY7EbnlUQl2vRifk/n0+aWKSPmDF4w0biYtXDSPGq2Hp9WcseN5:QOCkTaUeuef49VEMG1vHRAiQr7t,
2024-02-01,Other,size-in-bytes,4932,
2024-02-01,Payload delivery,mime-type,application/json,
2024-02-01,Payload delivery,md5,041cd618ced078e0261de2e092cdbe78,Malware payload
2024-02-01,Payload delivery,sha256,a5361039346c15a28fad8bab87a2ad4be81d05c5345c32788e8b264487e59d8c,Malware payload
2024-02-01,Payload delivery,tlsh,t1cab533d859f61919f107ab7483b6d6c2ee831e539093297af108f48bcbbc43c085ad,
2024-02-01,Payload delivery,imphash,baa93d47220682c04d92f7797d9224ce,
2024-02-01,Payload delivery,ssdeep,49152:5KzYoA/vsw3C5tTwBJYfXsJHi51StrIP/G:5IYoAZstCjJCbSt6G,
2024-02-01,Other,size-in-bytes,2348032,
2024-02-01,Payload delivery,mime-type,application/x-dosexec,
2024-02-01,Payload delivery,md5,ccbdd4c0894a81b1222dc67a80ced442,Malware payload
2024-02-01,Payload delivery,sha256,a2c4174f448662b2d74edd4ebfe7a926f9447bc83c9d1570eb9ee15f13ed7ead,Malware payload
2024-02-01,Payload delivery,tlsh,t148a1855732554d7c8b1487ea94e63aaf47ad00b7a0949c14b9ed4f4c91ff8f10276d,
2024-02-01,Payload delivery,ssdeep,48:Yxg3SPhJSPdqKkY7EbnlUQl2WRifk/n0+aWHbgDF4w0biYtXcgFi2Hp9WoibUxGu:QOZkTaRug49KMG1v5vAZiT12,
2024-02-01,Other,size-in-bytes,4770,
2024-02-01,Payload delivery,mime-type,application/json,
2024-02-01,Payload delivery,md5,2a46bfa74a17d2779f12464b52814795,Malware payload
2024-02-01,Payload delivery,sha256,0cc7c75fd16f46089321294c307be754f6aa3c11483a84a945d5672a0d5685b2,Malware payload
2024-02-01,Payload delivery,tlsh,t1f2a1a6ab11681cbdc714cbc295d93a8787ed0113a2a8ac14fced5f0c82ff5b603669,
2024-02-01,Payload delivery,ssdeep,48:Yxg3SPhJSPdqKkY7EbnlUQl2ohpk6nYK+zebDF4w0dM0tX8r82bp9WG9sYUfi1vO:QOqkBAKpg9nEi1v1/Yy4P,
2024-02-01,Other,size-in-bytes,4971,
2024-02-01,Payload delivery,mime-type,application/json,
2024-02-01,Payload delivery,md5,5be545f636f41b5ff0053459fbbcde59,Malware payload
2024-02-01,Payload delivery,sha256,6fd8a7c2c234f54464d31f6a936739da24b73c5fac2f33328576dd87b7c73c6c,Malware payload
2024-02-01,Payload delivery,tlsh,t1ca91b5b716284cacca1487d795903b97967f4167e0849e68f9f88f0ce0fe1b41137a,
2024-02-01,Payload delivery,ssdeep,48:Yx5AvwlYYwtKbsJkmnh+0DFU0omOtXxR23p9WtY2UKJ1vybaKqRrC3wxioiWfunK:YAvwl+kv0S7U9/2FJ1vu8iMYbJE,
2024-02-01,Other,size-in-bytes,4323,
2024-02-01,Payload delivery,mime-type,application/json,
2024-02-01,Payload delivery,md5,442615800d99b3f97694a7564665a73b,Malware payload (RiseProStealer)
2024-02-01,Payload delivery,sha256,4b1012800b6bf4ebd25ddbfb5c42fcf6a877010c0e43f75023d4a69f62869d9a,Malware payload (RiseProStealer)
2024-02-01,Payload delivery,tlsh,t16f4533fb9307a2c4f12485fc5f8c9a42665cbe7a804a9f626d4f5b500239bad735f4,
2024-02-01,Payload delivery,imphash,5ab723dc8d5af21b79dc301ed6a56a64,
2024-02-01,Payload delivery,ssdeep,24576:ZgHeMQw72aChvIa4VVCnwQlN2K3yWds0JkKyVoGcRhhfPD:Z9kkT4ValaadsLmGcRnHD,
2024-02-01,Other,size-in-bytes,1196032,
2024-02-01,Payload delivery,mime-type,application/x-dosexec,
2024-02-01,Payload delivery,md5,8e6cdc827c3a976d394d10dfa813d51c,Malware payload (RiseProStealer)
2024-02-01,Payload delivery,sha256,0ecdc296c10abe0d2f0edf167d23c6a7e5b58762c1f34f6c370a1edc6670b59d,Malware payload (RiseProStealer)
2024-02-01,Payload delivery,tlsh,t1f84533960a2d0ce0c31672f15a99b7b06edc2fde7619db925a0f17831c7886e770b9,
2024-02-01,Payload delivery,imphash,5ab723dc8d5af21b79dc301ed6a56a64,
2024-02-01,Payload delivery,ssdeep,24576:S3Z/5yxUUSVBez8/wQEz+8QtHGymxOW+noQtP:S3ZxiFS+ClEebmg5,
2024-02-01,Other,size-in-bytes,1195008,
2024-02-01,Payload delivery,mime-type,application/x-dosexec,
2024-02-01,Payload delivery,md5,e634dcd69bf7add3e94c5889527fd806,Malware payload
2024-02-01,Payload delivery,sha256,f0f78d26c688bcd2cf01f269a1eed08ece24221d311eb430f636a8d0780224b9,Malware payload
2024-02-01,Payload delivery,tlsh,t152918666251c0dbd83394b92a05c77db6bae02739084fd2888bd8f0ca5ff2f141769,
2024-02-01,Payload delivery,ssdeep,96:jjgekxq8pVFawTH9o2nTv71vzhHtsIZhSCVejR+:jjgvguFaA9o2nbdhNsIrSIejR+,
2024-02-01,Other,size-in-bytes,4215,
2024-02-01,Payload delivery,mime-type,application/json,
2024-02-01,Payload delivery,md5,53b229ae2b04e657b0480d903e1d0698,Malware payload
2024-02-01,Payload delivery,sha256,6892af94e1abff5e3321445077568ee8bc0f1cc8356726edf98fb939ac452870,Malware payload
2024-02-01,Payload delivery,tlsh,t167a186eb61691cbcc619c7c694d53b8797fc01136294ec24a8ac5b0cd3ff97143659,
2024-02-01,Payload delivery,ssdeep,48:Yxg3SPhJSPdqKkY7EbnlUQl2+qhpk6nYK+z1DF4w0dM0tXnGbZ2up9WSgyUfi1vi:QOEakBhKWbZz9BEi1vUb8pbbY5xP,
2024-02-01,Other,size-in-bytes,5023,
2024-02-01,Payload delivery,mime-type,application/json,
2024-02-01,Payload delivery,md5,eec0dfb1618c9fd9fa8fa735d54f5d86,Malware payload
2024-02-01,Payload delivery,sha256,94ae29eddedfc65e1fd14d5892eb6e01248635e771f6dbe4f8048e9e96a63370,Malware payload
2024-02-01,Payload delivery,tlsh,t193a175ab21692cbc8a1487d699d53e8797ed0053a298bc18bced6f0c92fe4a103655,
2024-02-01,Payload delivery,ssdeep,48:Yxg3SPhJSPdqKkY7EbnlUQl2Lhpk6nYK+z9SPmDF4w0dM0tXDSPGo2up9WvseNEt:QOFkBIeKezz9EEEi1vZhY5gndP,
2024-02-01,Other,size-in-bytes,4940,
2024-02-01,Payload delivery,mime-type,application/json,
2024-02-01,Payload delivery,md5,17392d0a5c00e991a99cc449d60b32a5,Malware payload
2024-02-01,Payload delivery,sha256,b29d7869044f695d169a7e0e3ca39b1ebffe64df27f71f868318c8ba8f248ad0,Malware payload
2024-02-01,Payload delivery,tlsh,t13da1b5ab55295c7ccf24c7c695c93ac797ed015353a8ac14bced6f0c82fe8b142659,
2024-02-01,Payload delivery,ssdeep,48:Yxg3SPhJSPdqKkY7EbnlUQl2xhpk6nYK+z1DF4w0dM0tXnT2up9WSFo8ZUfi1vAP:QOPkB5KDz9vLEi1vYYYqwtBP,
2024-02-01,Other,size-in-bytes,4874,
2024-02-01,Payload delivery,mime-type,application/json,
2024-02-01,Payload delivery,md5,c0560be89e2f31cf5572d5af7a76ad22,Malware payload
2024-02-01,Payload delivery,sha256,9ec9ca61cc0b31d35d81a659c6ac528603b51e50246972648e97840ced7d9896,Malware payload
2024-02-01,Payload delivery,tlsh,t1dc91407562080c7d873482d6a4597ad767be0267a0d4ec28a8bd8f0ca6ef1f205b5a,
2024-02-01,Payload delivery,ssdeep,48:YxCQt2fbZkvnY+Cs+DF4w0nltXPSjeUT2Gp9WnTUd81vdE7b/KcRezbC3wxioork:TbZknCs+w/05TH9I681vdEHAbpZcTnzO,
2024-02-01,Other,size-in-bytes,4238,
2024-02-01,Payload delivery,mime-type,application/json,
2024-02-01,Payload delivery,md5,1861cb608dfa1f59d8d65b0133009dfe,Malware payload
2024-02-01,Payload delivery,sha256,7d60233c573a86c42de145f229eadc6d2112bdd64edfd29e085d9b5f6e2185a5,Malware payload
2024-02-01,Payload delivery,tlsh,t1ad532919b3879321ca654a79c0f3c85507f2e79726b3de8b3e8812d50f12bd2de467,
2024-02-01,Payload delivery,imphash,f34d5f2d4577ed6d9ceec516c1f5a744,
2024-02-01,Payload delivery,ssdeep,1536:iKh5CFxSYvlLm7ByM0P/FUuR4tQyyVTnKW:d5CFxbly7MlSuRONG/,
2024-02-01,Other,size-in-bytes,61952,
2024-02-01,Payload delivery,mime-type,application/x-dosexec,
2024-02-01,Payload delivery,md5,638d91b147a8c630d551e00e66421bcc,Malware payload
2024-02-01,Payload delivery,sha256,ca8d30430ae02ed62f6772f6c10a3756fc497a0691f05105ef8ba1e82b3d56c8,Malware payload
2024-02-01,Payload delivery,tlsh,t1e4a1979712685dbccb14cbc755da7aab43ed001392a8ac14eded5f0c91ff8b502269,
2024-02-01,Payload delivery,ssdeep,48:Yxg3SPhJSPdqKkY7EbnlUQl2+hpk6nYK+zobgDF4w0dM0tXcg/i2up9WXibUfi1C:QOkkBtKCz93Ei1vnfYWTzqP,
2024-02-01,Other,size-in-bytes,4788,
2024-02-01,Payload delivery,mime-type,application/json,
2024-02-01,Payload delivery,md5,d9755f4be3b9a061805defdc6d19a035,Malware payload
2024-02-01,Payload delivery,sha256,1cbcc24b4afd8e71c68a38417c0b8c61c54179b156102d30617aa6856cc1c5e3,Malware payload
2024-02-01,Payload delivery,tlsh,t183a185eb65691cbcca19c7c294d93b8797fc011352a4ec24a8ac6b0c92ff97153669,
2024-02-01,Payload delivery,ssdeep,48:Yxg3SPhJSPdqKkY7EbnlUQl2Fhpk6nYK+z1DF4w0dM0tXnGbZ2up9WSgyUfi1vUB:QO3kBhKWbZz9BEi1vUb8pbbYnvP,
2024-02-01,Other,size-in-bytes,5023,
2024-02-01,Payload delivery,mime-type,application/json,
2024-02-01,Payload delivery,md5,fd80b0796e8509bc900f8cf6a4d2e5c1,Malware payload
2024-02-01,Payload delivery,sha256,356d805f4f970e58aa90f6c055da1eb52bda0e7e4bf03c5c53d8baa412fcdc99,Malware payload
2024-02-01,Payload delivery,tlsh,t18791649a26085dbdca5496e3d9443ad7876e0493b098dd2cd8fd9f0ce1ef1f10279a,
2024-02-01,Payload delivery,ssdeep,48:YxY6wHdlpkofn16Ru+FkDFU0NhtXeV2Qp9We6T2UHs1vibvKqRteU3wxioLw6yf0:fpkocRtG9U/9K2Ss1veiHLwZfuRx,
2024-02-01,Other,size-in-bytes,4274,
2024-02-01,Payload delivery,mime-type,application/json,
2024-02-01,Payload delivery,md5,fdd2653bc2bcf5f436505f1d5ce23cf7,Malware payload
2024-02-01,Payload delivery,sha256,78536fb2ec686488530047049b86641dca33b3754e7d17f0d0343280097ad0a3,Malware payload
2024-02-01,Payload delivery,tlsh,t16591742662140cbe8628869be4443ae35bfe05a391d4ec28c4be9f5cb0ff6f101765,
2024-02-01,Payload delivery,ssdeep,96:zOzOi+km7O8ZlOFKiwTH9DnT71vfihHxisoZ52Nip34+:qPHKT9TTx+RJoD8ip33,
2024-02-01,Other,size-in-bytes,4262,
2024-02-01,Payload delivery,mime-type,application/json,
2024-02-01,Payload delivery,md5,3a31ace812786ce330d2705f2ae05bab,Malware payload
2024-02-01,Payload delivery,sha256,15491a0e22fcf21f9a799e57a35f2f44c93d9bed8d59d8f6abe12df50ad29147,Malware payload
2024-02-01,Payload delivery,tlsh,t1e391421619386d7cca58c5ca98fc3d4f5a7e105bf2609c14a6ed8e0ae2ff1f243a65,
2024-02-01,Payload delivery,ssdeep,96:eyYrkYOhDH5R0DWfrfT594ds1Y7g1vUreHTMsgiFEIMJeR:eyYQThr5RIWfrt94ds1Y7FrezMsgiFEg,
2024-02-01,Other,size-in-bytes,4624,
2024-02-01,Payload delivery,mime-type,application/json,
2024-02-01,Payload delivery,md5,b96bb6e3fb4d61ac786426e8aa02c6db,Malware payload
2024-02-01,Payload delivery,sha256,b8a66dc9ddbd25c1e1abe17dd88365bb6557b752900db39f7e6b0fc7e45a56da,Malware payload
2024-02-01,Payload delivery,tlsh,t15291517562180cbec73482c6a4597ad367be0267a0d4ec28a8bd4f4ca6ff1f205b56,
2024-02-01,Payload delivery,ssdeep,48:YxCxt2fbZkvnY+Cs+DF4w0nltXPSjeUT2Gp9WnTUd81vdE7b/KcRezbC3wxioorT:6bZknCs+w/05TH9I681vdEHAbpZcrSBO,
2024-02-01,Other,size-in-bytes,4248,
2024-02-01,Payload delivery,mime-type,application/json,
2024-02-01,Payload delivery,md5,8cf6cb5606a916c707c33e11df074b2c,Malware payload (BumbleBee)
2024-02-01,Payload delivery,sha256,2a57c0be71dad1886d9047bf116a22a011d96da4b1c32d6a5a3cdca37b6c80ab,Malware payload (BumbleBee)
2024-02-01,Payload delivery,tlsh,t12545e011e2921ff9d46652b680ab352fbb703e1c4311d367ebc0d2377d927a46b1ab,
2024-02-01,Payload delivery,imphash,47e01530ad43ec939d1c47709a80a5c6,
2024-02-01,Payload delivery,ssdeep,24576:d8fDeHYNQfUz6ZFmAltEqaWeqI3gibYWeJVrE6xkY9+N1GFUI:b2guzPHgrrwYtH,
2024-02-01,Other,size-in-bytes,1222663,
2024-02-01,Payload delivery,mime-type,application/x-dosexec,
2024-02-01,Payload delivery,md5,96895a8f3509723726f65b3ba026a0e0,Malware payload
2024-02-01,Payload delivery,sha256,c6548266c24383d64a0ce5e6d49656880db868c81ace8fdfcd1f2f19ced1eb40,Malware payload
2024-02-01,Payload delivery,tlsh,t175a1c8ab32664c7cca1487ea98d53e8b576d00b3a1d4ec14b9ed5f4c85fe8f103769,
2024-02-01,Payload delivery,ssdeep,48:Yxg3SPhJSPdqKkY7EbnlUQl2BRifk/n0+aW0DF4w0biYtXnR2Hp9WO8ZUxG1v+bi:QOUkTa1uh49AMG1vSmAnnmDN,
2024-02-01,Other,size-in-bytes,4866,
2024-02-01,Payload delivery,mime-type,application/json,
2024-02-01,Payload delivery,md5,36f0ae550ce441bb8e22ea7de576be19,Malware payload
2024-02-01,Payload delivery,sha256,8e77e4d093918e009930e2bc77ba6e443e1d7ac488d0b93eb7a2dab84b0d0da7,Malware payload
2024-02-01,Payload delivery,tlsh,t105a1856f31551cac861487eb98e13e8b97ad00a3a184ac18b8ed5f5c96ff8f103769,
2024-02-01,Payload delivery,ssdeep,48:Yxg3SPhJSPdqKkY7EbnlUQl2HRifk/n0+aWKSPmDF4w0biYtXDSPGq2Hp9WcseN8:QOWkTaUeuef49VEMG1vHRAMEMt,
2024-02-01,Other,size-in-bytes,4922,
2024-02-01,Payload delivery,mime-type,application/json,
2024-02-01,Payload delivery,md5,9481dc06aff7ef0fb8cfda2960ed0beb,Malware payload
2024-02-01,Payload delivery,sha256,b3278b820fbf84f943f947217a5e599ee38528fe8304defe35b0fa580364dc30,Malware payload
2024-02-01,Payload delivery,tlsh,t1acb533e05a322645d75373bdaf7e985087272f13d30b20205844fa18bfbf8b595aec,
2024-02-01,Payload delivery,imphash,baa93d47220682c04d92f7797d9224ce,
2024-02-01,Payload delivery,ssdeep,49152:4zMrcyt10WI8tPWrMhqGfdXn8pKtvRFwDHDLoz5Cs93:48cA1NFhqGfdbRKDHDLxU,
2024-02-01,Other,size-in-bytes,2291712,
2024-02-01,Payload delivery,mime-type,application/x-dosexec,
2024-02-01,Payload delivery,md5,cb9b618450a8437554900e8b1ca17157,Malware payload
2024-02-01,Payload delivery,sha256,f044af379fe4ac27bba1409e6856ed41bf26a4a426fde54587fa796df582d4ed,Malware payload
2024-02-01,Payload delivery,tlsh,t16191549a261d5dbcca4496e3d8543ad7c76e1093b0a8dd2ce4fd9f08e1ef1f04276a,
2024-02-01,Payload delivery,ssdeep,48:YxY6w1dlpkofn16Ru+FzvDFU0NhtXN3rm/2xp9WhHp6Y2UHs1vhmObvK3moRteUe:1pkocRtp9hEA9Sr2Ss1vhPMeHLxEzax,
2024-02-01,Other,size-in-bytes,4274,
2024-02-01,Payload delivery,mime-type,application/json,
2024-02-01,Payload delivery,md5,557339926acadbe9e7d8eebebb624a35,Malware payload
2024-02-01,Payload delivery,sha256,ffac925641e280d888fa08702d3767290bb9120ce57eae8002b342ccd884dab6,Malware payload
2024-02-01,Payload delivery,tlsh,t11091545926085dbdcb9496d3d8443ac787ae1053e194ed28e4fd9f08e1ef1f10276a,
2024-02-01,Payload delivery,ssdeep,48:YxY6wAdlpkofn16Ru+FvDF4w0NhtXpk2Kp9Wo6sUHs1vFbvKzRteU3wxioorbooN:YpkocRtxYyH97Ss1vdTHWoBVOx,
2024-02-01,Other,size-in-bytes,4403,
2024-02-01,Payload delivery,mime-type,application/json,
2024-02-01,Payload delivery,md5,13172a0a69ddbfa67d8591ed47e09112,Malware payload (RiseProStealer)
2024-02-01,Payload delivery,sha256,9c5be1fdc1fb7dddf3cdeaf9f95ce8c89237270f6f12cc4207cbaafdd7900d30,Malware payload (RiseProStealer)
2024-02-01,Payload delivery,tlsh,t1cc4533af49924a98e73877f1a054012afeddfea610c92325620bc567097485fff0ef,
2024-02-01,Payload delivery,imphash,5ab723dc8d5af21b79dc301ed6a56a64,
2024-02-01,Payload delivery,ssdeep,24576:YYNnUxT2gv5mGuR+XiwXREJnUwQ1z+8Ne3QL:YYNE2u9Xvl19ec,
2024-02-01,Other,size-in-bytes,1196032,
2024-02-01,Payload delivery,mime-type,application/x-dosexec,
2024-02-01,Payload delivery,md5,5bd1c2ee010958d2a81e0f2e9ceb7ee6,Malware payload
2024-02-01,Payload delivery,sha256,50aaabdfc549b7569e795ec1d839ffc14f4065a0c6239b2e6339e980f76cc513,Malware payload
2024-02-01,Payload delivery,tlsh,t18df422cb2d75c5b7efefa0e6d84a392a0e17b75a8158f201a2c934ef745d03860e19,
2024-02-01,Payload delivery,ssdeep,12288:+ow1Rq/nnKA0SnNrZVizFCZ1L+gpGeLFOut9Zl8BHmVqKCbdC3i9CSpjqeH9IjhT:+FDqPLHAgpGsd81mEw3VSFqa9IeigAn,
2024-02-01,Other,size-in-bytes,760580,
2024-02-01,Payload delivery,mime-type,application/octet-stream,
2024-02-01,Payload delivery,md5,5b48d8673a58eef9d5acc14b53a9b3d3,Malware payload
2024-02-01,Payload delivery,sha256,97b3dc5f19f4e47e8c1a6fef887fef4d68905136e831226d155b3ba476db8f03,Malware payload
2024-02-01,Payload delivery,tlsh,t1b2b533e52731541ef0ef17b59d088689b4472e5f64ce091a11adf2ba4f3fb339285c,
2024-02-01,Payload delivery,imphash,baa93d47220682c04d92f7797d9224ce,
2024-02-01,Payload delivery,ssdeep,49152:G/bM5+ZZ9umj63Zws5BCG6/B+YHHXJP6Qe1yTJc4EpcYI:ibQ+gmjwEG6/VvWUJc4Epc1,
2024-02-01,Other,size-in-bytes,2370560,
2024-02-01,Payload delivery,mime-type,application/x-dosexec,
2024-02-01,Payload delivery,md5,3043c9ed582c5d9b9f226d570dc935f7,Malware payload (GuLoader)
2024-02-01,Payload delivery,sha256,3417e39e921fde359d9d6faac826ba72b227471c076fa78798b3768746c4c922,Malware payload (GuLoader)
2024-02-01,Payload delivery,tlsh,t16bf5334486549015c1038973c7137e7b9bbde332ddcb6fe22f215b0aad77267a8c99,
2024-02-01,Payload delivery,imphash,671f2a1f8aee14d336bab98fea93d734,
2024-02-01,Payload delivery,ssdeep,98304:+i++qX8iuivYw7Kx0tJI7dKeZICq0nV8Pw:lcNuyYw7RtJI7ZZhq0nOPw,
2024-02-01,Other,size-in-bytes,3427993,
2024-02-01,Payload delivery,mime-type,application/x-dosexec,
2024-02-01,Payload delivery,md5,da5177f718a8292b5c5816a4791e5c94,Malware payload
2024-02-01,Payload delivery,sha256,51cc64f20acf74a274fcbb238c73034cf99f645df9ec010d2d380232b795e6d4,Malware payload
2024-02-01,Payload delivery,tlsh,t19e9175e770155eb8c51fc5ea96a939cecabd011390706c1ce5aa4b0b98fe1b51363e,
2024-02-01,Payload delivery,ssdeep,96:XGz9k0yan4wgaBSQcsTN9+BMOy0G1vRctHsz9UAeGYPVi/VXr:r0049rVGmlYPVit,
2024-02-01,Other,size-in-bytes,4529,
2024-02-01,Payload delivery,mime-type,application/json,
2024-02-01,Payload delivery,md5,56defbcac42c8f5bd26db13a49f25daa,Malware payload
2024-02-01,Payload delivery,sha256,e84f840318921f7d003fc75b97a155947e287d30e77813aa880e0eff941582c1,Malware payload
2024-02-01,Payload delivery,tlsh,t1b2a174ab31550cbcc51987da94e13f8b87bc00a39494ec28b49c9f5c92ff9b1437ad,
2024-02-01,Payload delivery,ssdeep,48:Yxg3SPhJSPdqKkY7EbnlUQl2YRifk/n0+aWCDF4w0biYtXnQbZ2Hp9WjyUxG1vCM:QO3kTa1uAbZ49bMG1vCb8vbJA04ccU,
2024-02-01,Other,size-in-bytes,5005,
2024-02-01,Payload delivery,mime-type,application/json,
2024-02-01,Payload delivery,md5,01b51228c8cafb3e5eb0a9247f277ea8,Malware payload
2024-02-01,Payload delivery,sha256,73bcf18bdb94ede36e701448515d2b63bbf3143674150fe028dac7722051aeae,Malware payload
2024-02-01,Payload delivery,tlsh,t1e0a175ab25691cbcca14c7d259d53e8797ed0053a298bc18bded6f0c92ff4b203659,
2024-02-01,Payload delivery,ssdeep,48:Yxg3SPhJSPdqKkY7EbnlUQl2+qhpk6nYK+z9SPmDF4w0dM0tXDSPGo2up9WvseNW:QOQakBIeKezz9EEEi1vZhY4IcdP,
2024-02-01,Other,size-in-bytes,4940,
2024-02-01,Payload delivery,mime-type,application/json,
2024-02-01,Payload delivery,md5,681ea1ed71b5ce826ce2b30ce60146ad,Malware payload
2024-02-01,Payload delivery,sha256,fee047b5f45d04dfc258b3596ed04ce6e848159bce23c831c15c9b791065c579,Malware payload
2024-02-01,Payload delivery,tlsh,t13b41dd7ccf29f8e0033db1a088492e2620949e57d6f58e24d9574ee62d7c20acf1b1,
2024-02-01,Payload delivery,ssdeep,48:LGfEFWuJqs9HZNjd+SfprcKyK0hE6S1FtfsC5P3RX5ZWiaoIhSNtM:LGfEFW87jd+Sfpbaq6S1FtfsC5P39Efd,
2024-02-01,Other,size-in-bytes,2219,
2024-02-01,Payload delivery,mime-type,text/plain,
2024-02-01,Payload delivery,md5,c52694f5cd5ead6e52c7f62f3b5c9ffb,Malware payload
2024-02-01,Payload delivery,sha256,e2061de348da44974676667c5be9e20c1083fe753274facd8845d237d4bcfa73,Malware payload
2024-02-01,Payload delivery,tlsh,t159a1859f21692cbcc61487d659d93e9797ed0053a298bc18fced6f0c92ff8a103659,
2024-02-01,Payload delivery,ssdeep,48:Yxg3SPhJSPdqKkY7EbnlUQl2jhpk6nYK+z9SPmDF4w0dM0tXDSPGo2up9WvseNE6:QORkBIeKezz9EEEi1vZhYnLRdP,
2024-02-01,Other,size-in-bytes,4940,
2024-02-01,Payload delivery,mime-type,application/json,
2024-02-01,Payload delivery,md5,175481dc2270050a477a67e077b7a680,Malware payload
2024-02-01,Payload delivery,sha256,4ede42bb7ff1ca0edb0c44be300503b126c0a326ddec623fbdf6b3625ea45b7c,Malware payload
2024-02-01,Payload delivery,tlsh,t104159e0273d1c062ffab92334b5af6515bbc69260123e61f13981db9be701b1563e7,
2024-02-01,Payload delivery,imphash,948cc502fe9226992dce9417f952fce3,
2024-02-01,Payload delivery,ssdeep,24576:CqDEvCTbMWu7rQYlBQcBiT6rprG8auAh:CTvC/MTQYxsWR7au,
2024-02-01,Other,size-in-bytes,918528,
2024-02-01,Payload delivery,mime-type,application/x-dosexec,
2024-02-01,Payload delivery,md5,953f4ba2f7832e5552379d19f3a95614,Malware payload
2024-02-01,Payload delivery,sha256,e3199c3f78ef575cfc4e1b7fef2477551bf95baea5bf788c31816cd038a051a3,Malware payload
2024-02-01,Payload delivery,tlsh,t195633a5a33a400f9e1638279c9e68a42e6b3f8469775938f8364439a1f637c19d3d7,
2024-02-01,Payload delivery,imphash,41382fb36b42db807d53e89acedc7200,
2024-02-01,Payload delivery,ssdeep,1536:veNX1e4LJQ7XqkT7vWiechTdwQ7709DoKI3VqVOPO:2XA4La7XqkTaiechKQ7YxorFqVOP,
2024-02-01,Other,size-in-bytes,67584,
2024-02-01,Payload delivery,mime-type,application/x-dosexec,
2024-02-01,Payload delivery,md5,decf76af941c1ca565721e83cf3ccdd5,Malware payload
2024-02-01,Payload delivery,sha256,34e72ef3bdb4539e57987a6519e516fc1a427a5d1ed0bb9f36c3012c338d1c7c,Malware payload
2024-02-01,Payload delivery,tlsh,t1e3a1749732554cbc8b2487ea54f63eaf47ad0077a4949c18a9ed4f4c91ff8f10276d,
2024-02-01,Payload delivery,ssdeep,48:Yxg3SPhJSPdqKkY7EbnlUQl2/Rifk/n0+aWHbgDF4w0biYtXcgFi2Hp9WoibUxGO:QO+kTaRug49KMG1v5vAuyE/Mn,
2024-02-01,Other,size-in-bytes,4770,
2024-02-01,Payload delivery,mime-type,application/json,
2024-02-01,Payload delivery,md5,336082d8ec6265d475f1451d9bb30c17,Malware payload
2024-02-01,Payload delivery,sha256,27c7eae32ee0ddae36b19822bbc8bfd45aef92077cf0b85cb77dee3fe7eb73dc,Malware payload
2024-02-01,Payload delivery,tlsh,t1e1a1b76b36650cbcc52487ea94e23e4b57ad00b3a1d4ed14e8ac4f5c91fe8f1037ea,
2024-02-01,Payload delivery,ssdeep,48:Yxg3SPhJSPdqKkY7EbnlUQl2zRifk/n0+aWblFDF4w0biYtXqlNBT2Hp9Wt0mUxR:QOKkTaGuIT49YMG1veKA3x,
2024-02-01,Other,size-in-bytes,4832,
2024-02-01,Payload delivery,mime-type,application/json,
2024-02-01,Payload delivery,md5,29ceecaf01b439e3d8a7db9004821e85,Malware payload
2024-02-01,Payload delivery,sha256,f72ce87deb5961e0fa2bc9a29a84920554c623fe05da2166acf4a657aea74268,Malware payload
2024-02-01,Payload delivery,tlsh,t1eba186ab11691cbcc714c7c295d93a9787ed0153a2a8ac14fcad5f0c81ff8b60366a,
2024-02-01,Payload delivery,ssdeep,48:Yxg3SPhJSPdqKkY7EbnlUQl2lhpk6nYK+zebDF4w0dM0tX8r82bp9WG9sYUfi1v2:QO/kBAKpg9nEi1v1/Yq0FY4P,
2024-02-01,Other,size-in-bytes,4971,
2024-02-01,Payload delivery,mime-type,application/json,
2024-02-01,Payload delivery,md5,01c4c5d88da2031c81bd05e1a2eee86f,Malware payload (Amadey)
2024-02-01,Payload delivery,sha256,c0f317b5228623311d9402c31a47b36a8dad8f37b66cf83c7dfe0f294fb90511,Malware payload (Amadey)
2024-02-01,Payload delivery,tlsh,t185052378e35d6385e03da43d9ebea2842e3c7de9504c463a575f3b8100a67ce9b178,
2024-02-01,Payload delivery,imphash,7515ecf8c0dfa4d230ad835fe0acb57f,
2024-02-01,Payload delivery,ssdeep,24576:COHkL0tniwQeN2K3yWds0JkKyVY8EsZbmB4ew:CCa0tnilradsL/EsZOTw,
2024-02-01,Other,size-in-bytes,809472,
2024-02-01,Payload delivery,mime-type,application/x-dosexec,
2024-02-01,Payload delivery,md5,3425de0f3d4a5941ea8af3be690fe577,Malware payload
2024-02-01,Payload delivery,sha256,d9d85c73eca8220b5a60dd3af76a5cb2ba34e821891e9640a787c03fd5570804,Malware payload
2024-02-01,Payload delivery,tlsh,t1f3916522661c0cbd82394b92a05c7ad76bae027390d4fd2898bd9f0cb5ff2f151769,
2024-02-01,Payload delivery,ssdeep,96:jj9ekxq8pVFawTH9o2nTv71vzhHtsIZh93R+:jj9vguFaA9o2nbdhNsIr93R+,
2024-02-01,Other,size-in-bytes,4215,
2024-02-01,Payload delivery,mime-type,application/json,
2024-02-01,Payload delivery,md5,0e3f87b393f552ecec84cf72a42528dc,Malware payload
2024-02-01,Payload delivery,sha256,6b1283b6af1f7896fe0a642c2bc660634c38b9247a60297d8ebbd40eb463039a,Malware payload
2024-02-01,Payload delivery,tlsh,t10791c5b716284cadca1487d795a03b839b7f81a7e0849e68b9e88f0cd0fe1f55136a,
2024-02-01,Payload delivery,ssdeep,48:Yx5AvwlYYw1KbsJkmnh+0DFU0omOtXxR23p9WtY2UKJ1vybaKqRrC3wxioitECuw:YAvwlOkv0S7U9/2FJ1vu8iW6wE,
2024-02-01,Other,size-in-bytes,4323,
2024-02-01,Payload delivery,mime-type,application/json,
2024-02-01,Payload delivery,md5,324539b8eb56b04fda528fe02ae442d0,Malware payload
2024-02-01,Payload delivery,sha256,fcc6e03bc072b93ba6bc7fad46b7946af2f2b991d9f6ecd8f5fa275988d1eef3,Malware payload
2024-02-01,Payload delivery,tlsh,t10391b6b7162c4cbc8a2487d7aa943bd7567f4167e0849d58f9ac8f08e0fe1f20136b,
2024-02-01,Payload delivery,ssdeep,96:YAvwlvkvQISnya0o9HT2FJ1vltPBiuPJuonE:YAvzXo9z2FBiuPJuYE,
2024-02-01,Other,size-in-bytes,4329,
2024-02-01,Payload delivery,mime-type,application/json,
2024-02-01,Payload delivery,md5,6a45298665786eed38d9634ce2e23a5e,Malware payload
2024-02-01,Payload delivery,sha256,86276515f1fdd5d6e3140e726041e9ab4bc66b48ac2b072940051e9d41bb2855,Malware payload
2024-02-01,Payload delivery,tlsh,t177a1a7ab25795cbdc724c7c695d93e8357ed0013a2e4ad14ecec5f0c91fe4b10269a,
2024-02-01,Payload delivery,ssdeep,48:Yxg3SPhJSPdqKkY7EbnlUQl2Whpk6nYK+zMlFDF4w0dM0tXqlNjT2up9WMTv0mUq:QOokB6KoTz9DEi1vgQYTk9pP,
2024-02-01,Other,size-in-bytes,4860,
2024-02-01,Payload delivery,mime-type,application/json,
2024-02-01,Payload delivery,md5,4dc190b08a016b5934af6da1319039b9,Malware payload
2024-02-01,Payload delivery,sha256,66fad6c83a6f85f0ddcb4f99b319a308ebe1194d70e61f73ccec47a7d5a930dc,Malware payload
2024-02-01,Payload delivery,tlsh,t175a1949b32550cbd822447e794e53e8b47ac0173a4d4ec18f8a94f4c85fe8f6037a9,
2024-02-01,Payload delivery,ssdeep,48:Yxg3SPhJSPdqKkY7EbnlUQl26Rifk/n0+aW/bDF4w0biYtX8rG2xp9WoKsYUxG1p:QOBkTakuNe9yMG1vbDAXASg,
2024-02-01,Other,size-in-bytes,4963,
2024-02-01,Payload delivery,mime-type,application/json,
2024-02-01,Payload delivery,md5,dedf7c6817a69a11e7aa32e8c01b5634,Malware payload
2024-02-01,Payload delivery,sha256,f759e7e4fd14236d07c33f6641ee41b388afe1dc8807c12cd070f9234177345a,Malware payload
2024-02-01,Payload delivery,tlsh,t1b8a1baab25795cfccb24c7c655c63e8357ed005363a4ad14ecac5f0c92fe8b1426aa,
2024-02-01,Payload delivery,ssdeep,48:Yxg3SPhJSPdqKkY7EbnlUQl2V2hpk6nYK+zMlFDF4w0dM0tXqlNjT2up9WMTv0mt:QO2kB6KoTz9DEi1vgQYtHfvxiP,
2024-02-01,Other,size-in-bytes,4860,
2024-02-01,Payload delivery,mime-type,application/json,
2024-02-01,Payload delivery,md5,bf7c2d00314a2cb35c0ced546c3f1ae4,Malware payload
2024-02-01,Payload delivery,sha256,44a913a74e1d877d0fe3540151307b7758d64a5a2f473020177051a51c67dae9,Malware payload
2024-02-01,Payload delivery,tlsh,t1faa1969b12585cbccb14d7d655da3aab87ed001392a4ac14eded5f0c91ff8b10266e,
2024-02-01,Payload delivery,ssdeep,48:Yxg3SPhJSPdqKkY7EbnlUQl22hpk6nYK+zobgDF4w0dM0tXcg/i2up9WXibUfi1r:QOIkBtKCz93Ei1vnfY6lB/P,
2024-02-01,Other,size-in-bytes,4788,
2024-02-01,Payload delivery,mime-type,application/json,
2024-02-01,Payload delivery,md5,fc6473b6c69ea7f4652ce66b3e9bca49,Malware payload
2024-02-01,Payload delivery,sha256,5a0f95336f9cc0360f799fcec7ee887209962af57c61772674553ee48e069e61,Malware payload
2024-02-01,Payload delivery,tlsh,t14791322629385c7cc75885ca98fc3d4f567e105bf1609c58a6de8e0ae2ff1f183a65,
2024-02-01,Payload delivery,ssdeep,96:ey2rkYOhDH5R0DWfrfT594ds1Y7g1vUreHTMsgiFEH8KJeR:ey2QThr5RIWfrt94ds1Y7FrezMsgiFEY,
2024-02-01,Other,size-in-bytes,4614,
2024-02-01,Payload delivery,mime-type,application/json,
2024-02-01,Payload delivery,md5,8fd2853ac92eaca7465bb8781f8cbfe8,Malware payload
2024-02-01,Payload delivery,sha256,a4ae3b346ab73ce16f9bb4271a4f363ae1a9b0ae95ed955ac40564541b726a07,Malware payload
2024-02-01,Payload delivery,tlsh,t115b533d129716e87ec2f673a9f8a7084837b6cd366a4105d2e02fd49bf3d2b6c516c,
2024-02-01,Payload delivery,imphash,baa93d47220682c04d92f7797d9224ce,
2024-02-01,Payload delivery,ssdeep,49152:HGWAXbtrHYHBffrbmxB/CojRXutQ3qjB5NXL8CcHt:mWAXbZOBfjCxcojz6jt,
2024-02-01,Other,size-in-bytes,2350080,
2024-02-01,Payload delivery,mime-type,application/x-dosexec,
2024-02-01,Payload delivery,md5,5550d6bdc5396cc647adffebdc93a217,Malware payload
2024-02-01,Payload delivery,sha256,4418b604adaefdab379e1a10285d044ff9be4d34bab8bfb2da3b98d44ee70aee,Malware payload
2024-02-01,Payload delivery,tlsh,t16a41dc7ccf39f8e0033db0a088492e2620949e57d6f58e24d9574ee62d7c24acf2b1,
2024-02-01,Payload delivery,ssdeep,48:LGfEFWuJqs9HZNjd+SfprcKyK0hE6S1FtfsC5P3RX5ZWiaoIhSNtb:LGfEFW87jd+Sfpbaq6S1FtfsC5P39Efu,
2024-02-01,Other,size-in-bytes,2219,
2024-02-01,Payload delivery,mime-type,text/plain,
2024-02-01,Payload delivery,md5,6ca88c272e7f1805c71b2998475c2492,Malware payload
2024-02-01,Payload delivery,sha256,4381a1a997c5dbb0096961f09ccb6f1b3555f28bd6d1c62e72cc50c75c6f912e,Malware payload
2024-02-01,Payload delivery,tlsh,t1d5a1a7eb15295cbccb24c7c695c93a8757ed0153a3a4ac18fded6f0c82ef4b142659,
2024-02-01,Payload delivery,ssdeep,48:Yxg3SPhJSPdqKkY7EbnlUQl22hpk6nYK+z1DF4w0dM0tXnT2up9WSFo8ZUfi1vAn:QO0kB5KDz9vLEi1vYYYy/EP,
2024-02-01,Other,size-in-bytes,4884,
2024-02-01,Payload delivery,mime-type,application/json,
2024-02-01,Payload delivery,md5,a404dab4de4f6322133c505d905193f5,Malware payload
2024-02-01,Payload delivery,sha256,267982a9acf49c5179c46b4df1acef38bd2bef171b70b18ebb16dfa7d28d0fd7,Malware payload
2024-02-01,Payload delivery,tlsh,t1f7a1a5af15295c7ccb14c7c695c93a8797ed0153a3a8ac18fcec6f0c92fe8b142659,
2024-02-01,Payload delivery,ssdeep,48:Yxg3SPhJSPdqKkY7EbnlUQl2bhpk6nYK+z1DF4w0dM0tXnT2up9WSFo8ZUfi1vAp:QOtkB5KDz9vLEi1vYYYp8KRTDP,
2024-02-01,Other,size-in-bytes,4873,
2024-02-01,Payload delivery,mime-type,application/json,
2024-02-01,Payload delivery,md5,11a7e2c586e3bf3c745bd2ef48fafcaa,Malware payload
2024-02-01,Payload delivery,sha256,bb68ca7a38c0dab6884d770187008c9eec203b8283c55d4e8de899e1b5b7a72d,Malware payload
2024-02-01,Payload delivery,tlsh,t11aa1955b31561cac851487eb98e13e9b87ad00b3a184ac18b8ed5f5c96ff8f103759,
2024-02-01,Payload delivery,ssdeep,48:Yxg3SPhJSPdqKkY7EbnlUQl2SRifk/n0+aWKSPmDF4w0biYtXDSPGq2Hp9WcseNx:QO9kTaUeuef49VEMG1vHRAdist,
2024-02-01,Other,size-in-bytes,4922,
2024-02-01,Payload delivery,mime-type,application/json,
2024-02-01,Payload delivery,md5,f68692af464110eec9fa33fa63af388e,Malware payload
2024-02-01,Payload delivery,sha256,ecf24dfc296419493f99cd0d9b5b0b8a4294b63f3bf7c20b72269084b006ead4,Malware payload
2024-02-01,Payload delivery,tlsh,t1af916522661c0cbdc6394b92a05c76d76bae027390d4fd2898bd5f0ca5ff2b141769,
2024-02-01,Payload delivery,ssdeep,96:jjbekxq8pVFawTH9o2nTv71vzhHtsIZhGT8JR+:jjbvguFaA9o2nbdhNsIrU8JR+,
2024-02-01,Other,size-in-bytes,4215,
2024-02-01,Payload delivery,mime-type,application/json,
2024-02-01,Payload delivery,md5,d4170f16c02730d487fd87d38f9b207e,Malware payload
2024-02-01,Payload delivery,sha256,9138cb2d5f9aa09f3f92922baf69c7d3d9500273e472d5196a4dc27179383932,Malware payload
2024-02-01,Payload delivery,tlsh,t1cc158cc8feb6a5f02f70940bc2ed879152aa45fca143e74e52213a27bcda0f70b655,
2024-02-01,Payload delivery,ssdeep,6144:j24+BkIfV62iZ23ETTPzYGOmzh2yQlJbBTFXz5Fh3OdzD+yM+hFNkNXvmAK3G3tR:jzykjA0TfYGO9fBiLR4mIsCr,
2024-02-01,Other,size-in-bytes,881156,
2024-02-01,Payload delivery,mime-type,application/octet-stream,
2024-02-01,Payload delivery,md5,1c1c5dbadfd9e2017e6c03998ad5e86d,Malware payload
2024-02-01,Payload delivery,sha256,089b7583ce76e593adc35aa11aa02441b71d722a820d3fa3e89b39bb2fb553d7,Malware payload
2024-02-01,Payload delivery,tlsh,t1c5a184eb65291cbccb29c7c294d93b8397fc011352a4ec24a8ac5b0c93ff97153669,
2024-02-01,Payload delivery,ssdeep,48:Yxg3SPhJSPdqKkY7EbnlUQl2phpk6nYK+z1DF4w0dM0tXnGbZ2up9WSgyUfi1vUg:QOHkBhKWbZz9BEi1vUb8pbbYWTdP,
2024-02-01,Other,size-in-bytes,5023,
2024-02-01,Payload delivery,mime-type,application/json,
2024-02-01,Payload delivery,md5,f54329c92fe8ae1a3d0455b5d1493477,Malware payload
2024-02-01,Payload delivery,sha256,f2037e3571b09f417dd7577e4934f40c515ca8d3bc0ac2192ba662dcd58a2623,Malware payload
2024-02-01,Payload delivery,tlsh,t1e6a1879715585cbccb14c7d754da3aab87ed0013a2a4ac24eded5f0c91ff8b502269,
2024-02-01,Payload delivery,ssdeep,48:Yxg3SPhJSPdqKkY7EbnlUQl2ihpk6nYK+zobgDF4w0dM0tXcg/i2up9WXibUfi1K:QOMkBtKCz93Ei1vnfYy917uNP,
2024-02-01,Other,size-in-bytes,4788,
2024-02-01,Payload delivery,mime-type,application/json,
2024-02-01,Payload delivery,md5,c4bfc2cc0096332c567303522f0755f8,Malware payload
2024-02-01,Payload delivery,sha256,98407a641d49d986a5998dd7b922764cdb4bcf34f02ff58cff0996886dbe5b28,Malware payload
2024-02-01,Payload delivery,tlsh,t16391a7b7162c4cbcca2487d3e9943bd746bf4167e0849d68b9b88f08e0fe1b51136b,
2024-02-01,Payload delivery,ssdeep,96:YAvwlekvQISnya0o9HT2FJ1vltPBiPAZdnE:YAvwXo9z2FBiP4dE,
2024-02-01,Other,size-in-bytes,4329,
2024-02-01,Payload delivery,mime-type,application/json,
2024-02-01,Payload delivery,md5,357380f2243c3eba78bdd3d67dc39294,Malware payload
2024-02-01,Payload delivery,sha256,fa84f0761a23ebc4359e74482e6f8bdb3855244fd93cd9cc2fc7558b462de360,Malware payload
2024-02-01,Payload delivery,tlsh,t17fa1a8ab25795cbccb24c3c655c63e8357ed0053a3a4ad14ecad5f0c91fe4b5427aa,
2024-02-01,Payload delivery,ssdeep,48:Yxg3SPhJSPdqKkY7EbnlUQl2zhpk6nYK+zMlFDF4w0dM0tXqlNjT2up9WMTv0mUm:QOhkB6KoTz9DEi1vgQYsbHP,
2024-02-01,Other,size-in-bytes,4860,
2024-02-01,Payload delivery,mime-type,application/json,
2024-02-01,Payload delivery,md5,ca5dd97d25b0b3659a2722dee27cc150,Malware payload
2024-02-01,Payload delivery,sha256,07104ea9e85170380b3b21f4a9f6adadb11226fb4495b62f076d1d3cc5fb9f40,Malware payload
2024-02-01,Payload delivery,tlsh,t19ea1a69735650cbcc624c7ea94e23e8b57ad0073a5d4ec18e8ac4f5c95fe8f1037aa,
2024-02-01,Payload delivery,ssdeep,48:Yxg3SPhJSPdqKkY7EbnlUQl2kRifk/n0+aWblFDF4w0biYtXqlNBT2Hp9Wt0mUxz:QOLkTaGuIT49YMG1veKALMOElq5,
2024-02-01,Other,size-in-bytes,4842,
2024-02-01,Payload delivery,mime-type,application/json,
2024-02-01,Payload delivery,md5,496d5d701a55073217ed8f0204ee99de,Malware payload
2024-02-01,Payload delivery,sha256,8f8271c264d90546ffc24e39ead8d4ff5698981a5485ad258dde3b16062f6bae,Malware payload
2024-02-01,Payload delivery,tlsh,t16a9174aa26095ebdc64596e3d9903ad7c76e0493f094ed2ce8fd9f08e1ef1f002759,
2024-02-01,Payload delivery,ssdeep,48:YxY6wBdlpkofn16Ru+FkDFU0NhtXeV2Qp9We6T2UHs1vibvKqRteU3wxioLEnBfW:hpkocRtG9U/9K2Ss1veiHLEBfnv4x,
2024-02-01,Other,size-in-bytes,4274,
2024-02-01,Payload delivery,mime-type,application/json,
2024-02-01,Payload delivery,md5,d87ab9014be72633598259152ce53eef,Malware payload
2024-02-01,Payload delivery,sha256,a7ae2b9f478ae32e412f6390fdd66a813966d0f0bf1e00558122ae8df481ddca,Malware payload
2024-02-01,Payload delivery,tlsh,t1fe91869a26095dbcca5496d3d8803ac7c76e0093b198de2cd8fd9f08f1ef1f04276a,
2024-02-01,Payload delivery,ssdeep,48:YxY6w4dlpkofn16Ru+FzvDFU0NhtXN3rm/2xp9WhHp6Y2UHs1vhmObvK3moRteUq:wpkocRtp9hEA9Sr2Ss1vhPMeHLkMLx,
2024-02-01,Other,size-in-bytes,4274,
2024-02-01,Payload delivery,mime-type,application/json,
2024-02-01,Payload delivery,md5,aadf37f2779cc82048ab1e42686dae7c,Malware payload
2024-02-01,Payload delivery,sha256,b706a9b2c36f47ff29cd68b6ea1273350d231c518b7ccbba19d0e83ddc691c29,Malware payload
2024-02-01,Payload delivery,tlsh,t1c0928f35a8a1641b403bd8f9356fa28df82194078c4749a4b11f412dcbf6e934baff,
2024-02-01,Payload delivery,ssdeep,384:OftrMf+F0e0H3nf2W6E45wse5QjuFwgzxdaqlU4:tIn0H3nfh6tOseQZgraqb,
2024-02-01,Other,size-in-bytes,19559,
2024-02-01,Payload delivery,mime-type,text/html,
2024-02-01,Payload delivery,md5,35839b2fa5f1a48e26154f5497350154,Malware payload
2024-02-01,Payload delivery,sha256,c9c0a8fe73443cb16ef8e9bc6073fb9500979d71db883b68b94abba4c4359f37,Malware payload
2024-02-01,Payload delivery,tlsh,t1c191b4b7162c4cacca1487d795903b87567f416be0849e68f9b88f0ce0fe1b91137a,
2024-02-01,Payload delivery,ssdeep,48:Yx5AvwlYYwtKbsJkmnh+0DFU0omOtXxR23p9WtY2UKJ1vybaKqRrC3wxioiwDtQ+:YAvwlqkv0S7U9/2FJ1vu8iwD2RE,
2024-02-01,Other,size-in-bytes,4333,
2024-02-01,Payload delivery,mime-type,application/json,
2024-02-01,Payload delivery,md5,cbf5b555a3758847fe977230106565c0,Malware payload
2024-02-01,Payload delivery,sha256,bd0b888b3845f161c33276b6976f5379138b64b27373fcbfcbda4cf6807a0c54,Malware payload
2024-02-01,Payload delivery,tlsh,t1eca1649732554cbc8b2487ea94e63aab47ad0063a0949c14f5ad5f4c91ff8f10276d,
2024-02-01,Payload delivery,ssdeep,48:Yxg3SPhJSPdqKkY7EbnlUQl2CRifk/n0+aWHbgDF4w0biYtXcgFi2Hp9WoibUxGI:QOdkTaRug49KMG1v5vAcit,
2024-02-01,Other,size-in-bytes,4770,
2024-02-01,Payload delivery,mime-type,application/json,
2024-02-01,Payload delivery,md5,3b823f67fd11d1132fdbdd69437f5723,Malware payload
2024-02-01,Payload delivery,sha256,a29a80e7b8f1bf8ba788c483384b89f3da3753763dfabc676f3c6ea9d0b9c14d,Malware payload
2024-02-01,Payload delivery,tlsh,t1eca1a5eb15295c7ccb14c7c695c93a8797ed0053a3a8ac14fdad6f0c82fe4b143659,
2024-02-01,Payload delivery,ssdeep,48:Yxg3SPhJSPdqKkY7EbnlUQl26hpk6nYK+z1DF4w0dM0tXnT2up9WSFo8ZUfi1vAs:QOQkB5KDz9vLEi1vYYYAVvZP,
2024-02-01,Other,size-in-bytes,4884,
2024-02-01,Payload delivery,mime-type,application/json,
2024-02-01,Payload delivery,md5,aacc6a486c524b4f36d9c75d9733d152,Malware payload
2024-02-01,Payload delivery,sha256,1c18c5d63b7a8dbd4b9dcf110bf95ebfcc8cf6ed3ca18215068b86207dc070d5,Malware payload
2024-02-01,Payload delivery,tlsh,t1f791b4b716284c6c8a1487d795903b87967f41abe0849e68f9fd8f08d0fe1f51136a,
2024-02-01,Payload delivery,ssdeep,48:Yx5AvwlYYwpKbsJkmnh+0DFU0omOtXxR23p9WtY2UKJ1vybaKqRrC3wxioikpe7p:YAvwlqkv0S7U9/2FJ1vu8igesE,
2024-02-01,Other,size-in-bytes,4323,
2024-02-01,Payload delivery,mime-type,application/json,
2024-02-01,Payload delivery,md5,709076f21c17da459be016d18d62b073,Malware payload
2024-02-01,Payload delivery,sha256,e92c5152254afa82f62d6f19f21b13af7ad61fce1589ca459ebe714a21795b24,Malware payload
2024-02-01,Payload delivery,tlsh,t1f59184f7b1255ebcc51fc5ea56a938cecabd005390706c1ce5ae4b0b88fe1b513639,
2024-02-01,Payload delivery,ssdeep,96:XG49k0yan4wgaBSQcsTN9+BMOy0G1vRctHsz9UAeGDX1cVXr:c0049rVGmlDX1e,
2024-02-01,Other,size-in-bytes,4529,
2024-02-01,Payload delivery,mime-type,application/json,
2024-02-01,Payload delivery,md5,eb1660000f9a8e816d86cc32f6887bdf,Malware payload (BumbleBee)
2024-02-01,Payload delivery,sha256,8df6ab560813ce5805c60ef6b2a3b09fa93ea81bc8021c7288ff2eb683044bef,Malware payload (BumbleBee)
2024-02-01,Payload delivery,tlsh,t18b45e011e6920fe8d4b651b781ab252fbb307e1d4724d377eb80d23b7d827905b1ab,
2024-02-01,Payload delivery,imphash,47e01530ad43ec939d1c47709a80a5c6,
2024-02-01,Payload delivery,ssdeep,24576:hmJByBxUwi/uUy74InSKf290MFK7YnlAf46KE/eRLlBi303/Un1lrZQuwnHrrddH:02O+SKfQhvlB1v6rileRO,
2024-02-01,Other,size-in-bytes,1224711,
2024-02-01,Payload delivery,mime-type,application/x-dosexec,
2024-02-01,Payload delivery,md5,8c27dd7f1c719dda27280dbc2b342004,Malware payload
2024-02-01,Payload delivery,sha256,c4f94b29d94130b0ba8a6706b640bcfa9a35cfc640e8549990582de61422d40b,Malware payload
2024-02-01,Payload delivery,tlsh,t18991b6b7152c4cbc8a2487d7a9a43bd7567f41a7e084ad58b9b88f08e0fe1f50136b,
2024-02-01,Payload delivery,ssdeep,96:YAvwl5kvQISnya0o9HT2FJ1vltPBiOXStrnE:YAv1Xo9z2FBiOXStbE,
2024-02-01,Other,size-in-bytes,4329,
2024-02-01,Payload delivery,mime-type,application/json,
2024-02-01,Payload delivery,md5,8f1e0ced1ecfd541fc3c06541329f3c3,Malware payload
2024-02-01,Payload delivery,sha256,65fd36780f842d8de9117d434b6517455e56cf63d9afbbc4a076dec56c732fef,Malware payload
2024-02-01,Payload delivery,tlsh,t1c8a195ab35550cbcc52987da94e53f8b97bc0063a494ec24b4ac9f5c96fe8f1037ad,
2024-02-01,Payload delivery,ssdeep,48:Yxg3SPhJSPdqKkY7EbnlUQl2YRifk/n0+aWCDF4w0biYtXnQbZ2Hp9WjyUxG1vCb:QO3kTa1uAbZ49bMG1vCb8vbJA/GRy9,
2024-02-01,Other,size-in-bytes,5005,
2024-02-01,Payload delivery,mime-type,application/json,
2024-02-01,Payload delivery,md5,d6684bb2ac8231e5c829e0b13a70ced5,Malware payload
2024-02-01,Payload delivery,sha256,a8b6935ea965c67d08e606873d65945e93ab9ccf0578b3faf5585e10fe01fbca,Malware payload
2024-02-01,Payload delivery,tlsh,t10ba1a69b31550cbc86248beb94e53e4b47ad0173a0d4ad18f4ad4f4c95ff8f5037a9,
2024-02-01,Payload delivery,ssdeep,48:Yxg3SPhJSPdqKkY7EbnlUQl2yoRifk/n0+aW/bDF4w0biYtX8rG2xp9WoKsYUxG4:QOCkTakuNe9yMG1vbDAh7Pz,
2024-02-01,Other,size-in-bytes,4953,
2024-02-01,Payload delivery,mime-type,application/json,
2024-02-01,Payload delivery,md5,a4fe64a7ecdd75d94b248c965ba1781d,Malware payload
2024-02-01,Payload delivery,sha256,81e8ccb9f179d736511ac070c09086f862a1ab9d558e925bcd2b1321564b8dba,Malware payload
2024-02-01,Payload delivery,tlsh,t15491549a26085dbdc65496d3d9803ad7876e0493b198dd2ce8fd9f08e1ff1f002759,
2024-02-01,Payload delivery,ssdeep,48:YxY6wfdlpkofn16Ru+FkDFU0NhtXeV2Qp9We6T2UHs1vibvKqRteU3wxioLsiUsh:3pkocRtG9U/9K2Ss1veiHLsx4x,
2024-02-01,Other,size-in-bytes,4274,
2024-02-01,Payload delivery,mime-type,application/json,
2024-02-01,Payload delivery,md5,c670932bab83f579f43e3e0edc07ecc9,Malware payload
2024-02-01,Payload delivery,sha256,f6d7a8bfbf5cb1e76d9217237113ef29ac9cbd141f6747b4ee48d4e9295753a1,Malware payload
2024-02-01,Payload delivery,tlsh,t1e2a1b75b32151cac861447eb98e13e8b97ad00b3a0c4ec18f8ed5f4c91fe4f103759,
2024-02-01,Payload delivery,ssdeep,48:Yxg3SPhJSPdqKkY7EbnlUQl2HRifk/n0+aWKSPmDF4w0biYtXDSPGq2Hp9WcseNp:QO2kTaUeuef49VEMG1vHRA65Qt,
2024-02-01,Other,size-in-bytes,4922,
2024-02-01,Payload delivery,mime-type,application/json,
2024-02-01,Payload delivery,md5,ecd0a0a2c0e3b5ee2cef9f7df0ea5a7b,Malware payload
2024-02-01,Payload delivery,sha256,0bc063a74dd26bd9a74cc68ed222c9870faeb7326ae48d397b5d5f5ac5d7c7c5,Malware payload
2024-02-01,Payload delivery,tlsh,t1789174e671155eb8c51fc5ea96a938cecabd001390305c58e5a94a4b98fe1b51363a,
2024-02-01,Payload delivery,ssdeep,96:XGT9k0yan4wgaBSQcsTN9+BMOy0G1vRctHsz9UAeGcAVXr:50049rVGmlcq,
2024-02-01,Other,size-in-bytes,4528,
2024-02-01,Payload delivery,mime-type,application/json,
2024-02-01,Payload delivery,md5,3c9316da395ba0a3407b14e415687e2f,Malware payload
2024-02-01,Payload delivery,sha256,17b5243a416967506ab8cd9b8b31b0ce95009fdbd4cd4452f420f44bbb78d74a,Malware payload
2024-02-01,Payload delivery,tlsh,t1e9a1a6ab11691cbdcb14cbd295d93a8787ed0153a298ac14fced5f0c82ff4b60366a,
2024-02-01,Payload delivery,ssdeep,48:Yxg3SPhJSPdqKkY7EbnlUQl2zhpk6nYK+zebDF4w0dM0tX8r82bp9WG9sYUfi1vS:QO5kBAKpg9nEi1v1/YskjP,
2024-02-01,Other,size-in-bytes,4971,
2024-02-01,Payload delivery,mime-type,application/json,
2024-02-01,Payload delivery,md5,ef4d466a2389f652b6eb1b9bbbcdec8b,Malware payload
2024-02-01,Payload delivery,sha256,29c31dfc9390880568167ca21151dbb477a7e15c3e64a3480624daf0466ae763,Malware payload
2024-02-01,Payload delivery,tlsh,t1c891652662180cbe872886dbe0543bf75bee05a391d4ac28c4ae5f5ca1ff6f111765,
2024-02-01,Payload delivery,ssdeep,96:zOzOt+km7O8ZlOFKiwTH9DnT71vfihHxisoZ5aianW4+:1PHKT9TTx+RJoDatnW3,
2024-02-01,Other,size-in-bytes,4262,
2024-02-01,Payload delivery,mime-type,application/json,
2024-02-01,Payload delivery,md5,b1433649e8f8932a82297befa138e6e2,Malware payload
2024-02-01,Payload delivery,sha256,d7a0a8cfa6bc43946ff5ca9da74c82840bebcfc9a7d246b8b501eb96743e5006,Malware payload
2024-02-01,Payload delivery,tlsh,t104a175ab71550cacc52987da94e13f8b57bc01635494ec24a49c9f5c96ff8f1037a9,
2024-02-01,Payload delivery,ssdeep,48:Yxg3SPhJSPdqKkY7EbnlUQl2fRifk/n0+aWCDF4w0biYtXnQbZ2Hp9WjyUxG1vCI:QO2kTa1uAbZ49bMG1vCb8vbJADDSDh,
2024-02-01,Other,size-in-bytes,5005,
2024-02-01,Payload delivery,mime-type,application/json,
2024-02-01,Payload delivery,md5,053712587a500f19fa4751a21541a4df,Malware payload
2024-02-01,Payload delivery,sha256,af971542f61ae30ec896401195399144231ed3fa270c656730320092558754c3,Malware payload
2024-02-01,Payload delivery,tlsh,t1bd91545a26085dbdca9496d3e8403ad7d76e0453a094ee2ce4fd9f08a1ff1f10276a,
2024-02-01,Payload delivery,ssdeep,48:YxY6wpodlpkofn16Ru+FvDF4w0NhtXpk2Kp9Wo6sUHs1vFbvKzRteU3wxioorbgj:qpkocRtxYyH97Ss1vdTHWgN/x,
2024-02-01,Other,size-in-bytes,4403,
2024-02-01,Payload delivery,mime-type,application/json,
2024-02-01,Payload delivery,md5,5392d9d836a21421a5b6c247a38dc9f2,Malware payload
2024-02-01,Payload delivery,sha256,3a5198cd1062a93eb548a696fa43eeb9978bafa75570d3a629b7a15873f2daee,Malware payload
2024-02-01,Payload delivery,tlsh,t13da1b7ab35660c7cca1487ea98d13e8b57ac01b3a194ec18f9ed5f4c81fe8f103799,
2024-02-01,Payload delivery,ssdeep,48:Yxg3SPhJSPdqKkY7EbnlUQl2vRifk/n0+aW0DF4w0biYtXnR2Hp9WO8ZUxG1v+be:QOOkTa1uh49AMG1vSmAF/MIu,
2024-02-01,Other,size-in-bytes,4856,
2024-02-01,Payload delivery,mime-type,application/json,
2024-02-01,Payload delivery,md5,f78b0bb58cab4cb41a7bb33afe396ecb,Malware payload
2024-02-01,Payload delivery,sha256,1bd64913cbe557f18168bf755eebcba0b5817f5ffe97d7f0f3ca139632d89b76,Malware payload
2024-02-01,Payload delivery,tlsh,t100a175eb61691cbccb25c7c694d93b8797fc011352a4ec24acac6b0c93ff97253659,
2024-02-01,Payload delivery,ssdeep,48:Yxg3SPhJSPdqKkY7EbnlUQl2bhpk6nYK+z1DF4w0dM0tXnGbZ2up9WSgyUfi1vUp:QOxkBhKWbZz9BEi1vUb8pbbYzK8P,
2024-02-01,Other,size-in-bytes,5033,
2024-02-01,Payload delivery,mime-type,application/json,
2024-02-01,Payload delivery,md5,0f06e8da5c9617c44b639421391eda3c,Malware payload
2024-02-01,Payload delivery,sha256,86cc1f565bf1572c7aef691a25e409132462caa589ae6aa05dd0cf80e762e007,Malware payload
2024-02-01,Payload delivery,tlsh,t17791627562180c7e873882c6a4597ad36bbe0257a0d4ec28a8bd4f0cb6ef1f205b59,
2024-02-01,Payload delivery,ssdeep,96:WbZknCs+w/05TH9I681vdEHAbpZcLLxIO:Wb21R0B9I6KEgbp+LtIO,
2024-02-01,Other,size-in-bytes,4238,
2024-02-01,Payload delivery,mime-type,application/json,
2024-02-01,Payload delivery,md5,f2c4a4ad0a08006e7be2f0b2838c23e0,Malware payload
2024-02-01,Payload delivery,sha256,e9f988ca4f679627015e82253df88bbc281dab590bce0f29ac8641d139508c88,Malware payload
2024-02-01,Payload delivery,tlsh,t1daa1979b11681cbdc714c7c395d93a9787ed0153a2a8ac18fcad5f0c82ff4b6036a9,
2024-02-01,Payload delivery,ssdeep,48:Yxg3SPhJSPdqKkY7EbnlUQl2O0qhpk6nYK+zebDF4w0dM0tX8r82bp9WG9sYUfiX:QO8kBAKpg9nEi1v1/YerP,
2024-02-01,Other,size-in-bytes,4971,
2024-02-01,Payload delivery,mime-type,application/json,
2024-02-01,Payload delivery,md5,62bc1b126417611dbf001c476ca2c4a3,Malware payload (BumbleBee)
2024-02-01,Payload delivery,sha256,ca54462744cfb523d6a988f633af7485dfc1cc2e78eabdab76fab74a377d2db6,Malware payload (BumbleBee)
2024-02-01,Payload delivery,tlsh,t11745f111e6921ff8e466927681ab252fbb303e184325d37babc0c2377d927d45f1a7,
2024-02-01,Payload delivery,imphash,47e01530ad43ec939d1c47709a80a5c6,
2024-02-01,Payload delivery,ssdeep,24576:+f1mNgvhcTL+puoCTrQwYKUkzGE0MbyvDPZGz7VlWnJ0iKS0tMNiF:dQS+WvVUxle5F,
2024-02-01,Other,size-in-bytes,1226247,
2024-02-01,Payload delivery,mime-type,application/x-dosexec,
2024-02-01,Payload delivery,md5,72c0aa42f99d2f1125840076c3f2f09e,Malware payload
2024-02-01,Payload delivery,sha256,1af4206ea290cca63cdce6b3da6da3c436e586115aea166e707224e0d6cfb1a1,Malware payload
2024-02-01,Payload delivery,tlsh,t120a1a5ab31550cbc82244be795e43e8b87ad0163a094ec18f4ad4f4c95ff8f6037a9,
2024-02-01,Payload delivery,ssdeep,48:Yxg3SPhJSPdqKkY7EbnlUQl2IKRifk/n0+aW/bDF4w0biYtX8rG2xp9WoKsYUxGu:QOOfkTakuNe9yMG1vbDAr/,
2024-02-01,Other,size-in-bytes,4953,
2024-02-01,Payload delivery,mime-type,application/json,
2024-02-01,Payload delivery,md5,ad606376c582084d53e5970a387c517d,Malware payload
2024-02-01,Payload delivery,sha256,897175d657ceaa1c10a4eec5ef81406c84062203c2159cc47ff97ee76f84fd58,Malware payload
2024-02-01,Payload delivery,tlsh,t1b4a1c7ab31564c7cca2487ea98d13e8b57ac01b39194dc18f9ed5f5c85fe8f1037a9,
2024-02-01,Payload delivery,ssdeep,48:Yxg3SPhJSPdqKkY7EbnlUQl2IRifk/n0+aW0DF4w0biYtXnR2Hp9WO8ZUxG1v+bv:QOXkTa1uh49AMG1vSmACEGo,
2024-02-01,Other,size-in-bytes,4856,
2024-02-01,Payload delivery,mime-type,application/json,
2024-02-01,Payload delivery,md5,2d1bb8473cc206db12920f476110f35b,Malware payload (LummaStealer)
2024-02-01,Payload delivery,sha256,a6fdd90a6930a7a5225a8ab5b7b3a75470c074d4748c911d695e978a065538d8,Malware payload (LummaStealer)
2024-02-01,Payload delivery,tlsh,t15b5633e57595002dd09fa238ca43bd2c71f61efd12814c2de054fbde9c932b49a3a6,
2024-02-01,Payload delivery,imphash,92e05c894e0e4c4ea34a22621a9789dc,
2024-02-01,Payload delivery,ssdeep,98304:aOPPNB7QTJsub0jpNVPoYZj16Qiu1RS1r+hLCJykNHz6XS9GTZrwfK9+2NL1Xy3H:VNByWbVviP8hd46C4TZryKtNL1oz7TtB,
2024-02-01,Other,size-in-bytes,5993048,
2024-02-01,Payload delivery,mime-type,application/x-dosexec,
2024-02-01,Payload delivery,md5,ce85caee2dd397b8a5e29563fcaa4309,Malware payload
2024-02-01,Payload delivery,sha256,0ac222fdf56766c6a6c66314e2286e1bccdc3398cbfa60bc43aeb9068212c149,Malware payload
2024-02-01,Payload delivery,tlsh,t1bba1759f11692cbc8b14c7d699d53e8797bd0053a298ac18fced5f0ca2fe4a203659,
2024-02-01,Payload delivery,ssdeep,48:Yxg3SPhJSPdqKkY7EbnlUQl23Jhpk6nYK+z9SPmDF4w0dM0tXDSPGo2up9WvseNC:QOrkBIeKezz9EEEi1vZhY2Qy7dP,
2024-02-01,Other,size-in-bytes,4940,
2024-02-01,Payload delivery,mime-type,application/json,
2024-02-01,Payload delivery,md5,4d9fbb938c06bc60d69703642595b262,Malware payload
2024-02-01,Payload delivery,sha256,686792fe95152eb19a742432a81ed054ab41943d4a2fa9ba3603533d5e0a8631,Malware payload
2024-02-01,Payload delivery,tlsh,t1fe159e0273d1c062ffab92334b5af6515bbc69260123e61f13a81d79be701b1563e7,
2024-02-01,Payload delivery,imphash,948cc502fe9226992dce9417f952fce3,
2024-02-01,Payload delivery,ssdeep,12288:XqDEvFo+yo4DdbbMWu/jrQu4M9lBAlKhQcDGB3cuBNGE6iOrpfe4JdaDga+Tv:XqDEvCTbMWu7rQYlBQcBiT6rprG8amv,
2024-02-01,Other,size-in-bytes,918016,
2024-02-01,Payload delivery,mime-type,application/x-dosexec,
2024-02-01,Payload delivery,md5,3a07c8a40cc12b2ad495cf4b6c913410,Malware payload
2024-02-01,Payload delivery,sha256,8a050633e72d7775af93eb38f14c1ed1f2e9b2554c304f256ca1499e18e8e668,Malware payload
2024-02-01,Payload delivery,tlsh,t173a1725732554cbc8b248bea94e63eaf43ad0077a1949c18b9ed5f4c91ff8f10276d,
2024-02-01,Payload delivery,ssdeep,48:Yxg3SPhJSPdqKkY7EbnlUQl26Rifk/n0+aWHbgDF4w0biYtXcgFi2Hp9WoibUxGx:QOVkTaRug49KMG1v5vAHcIE,
2024-02-01,Other,size-in-bytes,4779,
2024-02-01,Payload delivery,mime-type,application/json,
2024-02-01,Payload delivery,md5,8edff134d2544c8c4658346c6222f9b6,Malware payload
2024-02-01,Payload delivery,sha256,041d3511336eb2e59aa3cc3b6dd5df75c8a36c6b7033746b4ac0c2df6a9cd8ee,Malware payload
2024-02-01,Payload delivery,tlsh,t15091445a26185dbdcb9496d3d5443ac7876e0053f194ed28e8fddf08a2ff1f102b6a,
2024-02-01,Payload delivery,ssdeep,48:YxY6whdlpkofn16Ru+FvDF4w0NhtXpk2Kp9Wo6sUHs1vFbvKzRteU3wxioorbKHz:BpkocRtxYyH97Ss1vdTHWQPnf5x,
2024-02-01,Other,size-in-bytes,4402,
2024-02-01,Payload delivery,mime-type,application/json,
2024-02-01,Payload delivery,md5,d50c5ac465f6796908a0ca62daafc4a8,Malware payload
2024-02-01,Payload delivery,sha256,97683f462034af30d6b5caa106b6e567251ad8b9a4b61eec378a867c58e869b2,Malware payload
2024-02-01,Payload delivery,tlsh,t11691652561181cbe8628869be0443be35bee05a3a1d4ec28d4be9f5cb1ff6f111765,
2024-02-01,Payload delivery,ssdeep,96:zOzOv+km7O8ZlOFKiwTH9DnT71vfihHxisoZ5kyEvHx1J4+:nPHKT9TTx+RJoDnEvfJ3,
2024-02-01,Other,size-in-bytes,4262,
2024-02-01,Payload delivery,mime-type,application/json,
2024-02-01,Payload delivery,md5,c64a593f62aeac6c4948e924e0f74351,Malware payload (AgentTesla)
2024-02-01,Payload delivery,sha256,1522993a9f49cd91d29498d15a834d1799da9880b6d451006a130d0d1a9985e1,Malware payload (AgentTesla)
2024-02-01,Payload delivery,tlsh,t152b401a533bb4fa3c47acbb4515a85594bf2666b5121eb2ddecbb1ef1832b014b00d,
2024-02-01,Payload delivery,imphash,f34d5f2d4577ed6d9ceec516c1f5a744,
2024-02-01,Payload delivery,ssdeep,12288:LJd53rD220+D1lIo2pt6jHqgf6yYpbk0dyiDf3KXsmBTwMFv:JrDH8tmHIyYpb/NKcmB3F,
2024-02-01,Other,size-in-bytes,510976,
2024-02-01,Payload delivery,mime-type,application/x-dosexec,
2024-02-01,Payload delivery,md5,ac96e86a66349c7514b530677f544451,Malware payload
2024-02-01,Payload delivery,sha256,fb4eb1e33932adc3302448377e7b51a47574f081815895b6f01891e0009ea24a,Malware payload
2024-02-01,Payload delivery,tlsh,t15d917626251c0cbdc7298b92a05c76d76bae027390d4fd2898bd8f0cb5ff2b141769,
2024-02-01,Payload delivery,ssdeep,96:jj5iekxq8pVFawTH9o2nTv71vzhHtsIZhv8nsbhq9R+:jjEvguFaA9o2nbdhNsIr0s89R+,
2024-02-01,Other,size-in-bytes,4215,
2024-02-01,Payload delivery,mime-type,application/json,
2024-02-01,Payload delivery,md5,142cee4769ce9a7f5524875bce745c75,Malware payload
2024-02-01,Payload delivery,sha256,4e1d69540801c3bc03e0d6af17c58eeda902997f5d84986b676433a2d1538aa5,Malware payload
2024-02-01,Payload delivery,tlsh,t15891736629385d7cc758c8ca84fc3d4f567e005bf1649c14a6de8e0ae2ff1b183a61,
2024-02-01,Payload delivery,ssdeep,96:eyerkYOhDH5R0DWfrfT594ds1Y7g1vUreHTMsgiFEK4yJeR:eyeQThr5RIWfrt94ds1Y7FrezMsgiFEz,
2024-02-01,Other,size-in-bytes,4614,
2024-02-01,Payload delivery,mime-type,application/json,
2024-02-01,Payload delivery,md5,0cc70c734e81b96636b02d7a6b9e7bab,Malware payload
2024-02-01,Payload delivery,sha256,d446e09d79bb90e6d3fc4a3fb35b19c674d0d728c4e2cea3f57af8fdc7020613,Malware payload
2024-02-01,Payload delivery,tlsh,t13c91517126180c7d863482c6b4597ad767be0257a1d4ac28a8ee4f4cb7ef1f205b5a,
2024-02-01,Payload delivery,ssdeep,48:YxCC/t2fbZkvnY+Cs+DF4w0nltXPSjeUT2Gp9WnTUd81vdE7b/KcRezbC3wxiook:EebZknCs+w/05TH9I681vdEHAbpZcaMO,
2024-02-01,Other,size-in-bytes,4238,
2024-02-01,Payload delivery,mime-type,application/json,
2024-02-01,Payload delivery,md5,0a8eca4f3f0e2828c0ce4dad6ddc0bee,Malware payload
2024-02-01,Payload delivery,sha256,cc84978185ce84843e93fbe2a330911d2bc4a45cce338947a4522855dea8dd93,Malware payload
2024-02-01,Payload delivery,tlsh,t149b533d62a326a00f1235735d3481056d6a3fd1bbc68e2b88fadf7c1b77c2389566d,
2024-02-01,Payload delivery,imphash,baa93d47220682c04d92f7797d9224ce,
2024-02-01,Payload delivery,ssdeep,49152:veqHvLKkXp+4GU/kTLD8+LQCdaIubiRcDJWLwipuKjPfCZjRYkx2mSB9cLX0:Wo5Xp+0k8CdaIAiAAcipxLfXIYYX0,
2024-02-01,Other,size-in-bytes,2310656,
2024-02-01,Payload delivery,mime-type,application/x-dosexec,
2024-02-01,Payload delivery,md5,5561c52363b7c5afb831c78b84364db4,Malware payload
2024-02-01,Payload delivery,sha256,9cba954129bb0d05376479ff59205fcc7f5c759a7c89bdc2242a6e45ba8fa301,Malware payload
2024-02-01,Payload delivery,tlsh,t18b91869a26095dbdca5497d3e4403ad7876e1093b198de2cd4fc9f08e1ef1f04376a,
2024-02-01,Payload delivery,ssdeep,48:YxY6wodlpkofn16Ru+FzvDFU0NhtXN3rm/2xp9WhHp6Y2UHs1vhmObvK3moRteU4:ApkocRtp9hEA9Sr2Ss1vhPMeHL9Egx,
2024-02-01,Other,size-in-bytes,4284,
2024-02-01,Payload delivery,mime-type,application/json,
2024-02-01,Payload delivery,md5,3b2f4129a2bcd5aae0d5968abd48d5ff,Malware payload
2024-02-01,Payload delivery,sha256,d6b582f78c305eb515551da0cadf7b0db7946b001b33cb46da8af2e4d27dc08a,Malware payload
2024-02-01,Payload delivery,tlsh,t1c6a1b76735654cbcc52487ea94e23e8b57ac0073a1d4ec14a8ec5f5c81fe8f1037ea,
2024-02-01,Payload delivery,ssdeep,48:Yxg3SPhJSPdqKkY7EbnlUQl2vRifk/n0+aWblFDF4w0biYtXqlNBT2Hp9Wt0mUxc:QOKkTaGuIT49YMG1veKAg++qWV,
2024-02-01,Other,size-in-bytes,4832,
2024-02-01,Payload delivery,mime-type,application/json,
2024-02-01,Payload delivery,md5,cba6f4e98bd693829c1231a8c1fec260,Malware payload
2024-02-01,Payload delivery,sha256,f31e3a6671c8b7f561a1fb653c82a3b56788a0c022bf19b95769e01b483ddf9a,Malware payload
2024-02-01,Payload delivery,tlsh,t1acb533e92e364259e8f3bbb4c120636a35276e970048532d617efa52d7fcc7aa110f,
2024-02-01,Payload delivery,imphash,baa93d47220682c04d92f7797d9224ce,
2024-02-01,Payload delivery,ssdeep,49152:KwbSdS2sUdK0OFB66666666666666666666666666666666Ez3423TXFUs+iDHX/:Kw69KB833TXeiTEor7d,
2024-02-01,Other,size-in-bytes,2313216,
2024-02-01,Payload delivery,mime-type,application/x-dosexec,
2024-02-01,Payload delivery,md5,d8c0f6de86cad59e0aca8539ec31d5a2,Malware payload
2024-02-01,Payload delivery,sha256,f5c7e21901dbb4a0ffcff3a2b9a542539f09d31014c3804270611e71bc5c13ec,Malware payload
2024-02-01,Payload delivery,tlsh,t1cc91427266180d7d873482c6b4597ad767be0267a0d4ec28a8fd4f0ca6ff1f205b69,
2024-02-01,Payload delivery,ssdeep,48:YxCMt2fbZkvnY+Cs+DF4w0nltXPSjeUT2Gp9WnTUd81vdE7b/KcRezbC3wxioorM:/bZknCs+w/05TH9I681vdEHAbpZcL7PO,
2024-02-01,Other,size-in-bytes,4238,
2024-02-01,Payload delivery,mime-type,application/json,
2024-02-01,Payload delivery,md5,b9d6dc12ca4779a6405918e8f149e29d,Malware payload
2024-02-01,Payload delivery,sha256,88a375c5672165b85902abf376cc5410edb350e4765b9cdbaf8ffb8b1b2e7b2f,Malware payload
2024-02-01,Payload delivery,tlsh,t139a1869712585cbccf24c7d655da3aab87ed0053a2a4ac14eded5f0c91ff8b20266d,
2024-02-01,Payload delivery,ssdeep,48:Yxg3SPhJSPdqKkY7EbnlUQl2Q4hpk6nYK+zobgDF4w0dM0tXcg/i2up9WXibUfiC:QOuckBtKCz93Ei1vnfYRuIP,
2024-02-01,Other,size-in-bytes,4788,
2024-02-01,Payload delivery,mime-type,application/json,
2024-02-01,Payload delivery,md5,d010e550a4c70e0fa073f5a061ed15af,Malware payload
2024-02-01,Payload delivery,sha256,1a7c33ab68f43c20dfcfcc0983789d5b6e799e4bbee80b990ccf73a2ae5c980f,Malware payload
2024-02-01,Payload delivery,tlsh,t182a165af11692cbcc61487d689d53e9797ed0053a298ac18fced5f0c92fe4b203659,
2024-02-01,Payload delivery,ssdeep,48:Yxg3SPhJSPdqKkY7EbnlUQl2Uzhpk6nYK+z9SPmDF4w0dM0tXDSPGo2up9WvseN1:QOinkBIeKezz9EEEi1vZhYlTdP,
2024-02-01,Other,size-in-bytes,4950,
2024-02-01,Payload delivery,mime-type,application/json,
2024-02-01,Payload delivery,md5,e137c7a4c4c6d8c360d7ccb1ca0f5fe6,Malware payload
2024-02-01,Payload delivery,sha256,7ca8b86868ecf1a22af326c64aaa627e5ede4102b20ae39b1da4aee86049b5d9,Malware payload
2024-02-01,Payload delivery,tlsh,t1cda1a66b32550cbd85248be794e53e8b47ad0163a094ed18f4ad4f4c85ff8f5037a9,
2024-02-01,Payload delivery,ssdeep,48:Yxg3SPhJSPdqKkY7EbnlUQl2ORifk/n0+aW/bDF4w0biYtX8rG2xp9WoKsYUxG1W:QO5kTakuNe9yMG1vbDAII,
2024-02-01,Other,size-in-bytes,4953,
2024-02-01,Payload delivery,mime-type,application/json,
2024-02-01,Payload delivery,md5,0db6a31c276a7b8c58d0da0da7208614,Malware payload (VenomRAT)
2024-02-01,Payload delivery,sha256,8f22087b24bf08eaf834e497a6da159d4662a83b7551f5195ae4621b1b8cba81,Malware payload (VenomRAT)
2024-02-01,Payload delivery,tlsh,t1ff0533a712a7ed10d23125fa568ba5a0affcbda97890df18534b42cb0c745ef8f250,
2024-02-01,Payload delivery,imphash,7515ecf8c0dfa4d230ad835fe0acb57f,
2024-02-01,Payload delivery,ssdeep,12288:R3+RxQMEzHGwMgmCrnro7YNQq4WioPJicryGBWECTOhNBtJMrUA1DR88dbW:tOBKVmCrn0wQb6icoECSmrUab,
2024-02-01,Other,size-in-bytes,809984,
2024-02-01,Payload delivery,mime-type,application/x-dosexec,
2024-02-01,Payload delivery,md5,6af08d4b1b9db23c9f2022bf73a69d01,Malware payload (VenomRAT)
2024-02-01,Payload delivery,sha256,b126774b577f5a4ff8a569f3c59f9a79dea1ecd7bf10b290c373780842ede6f1,Malware payload (VenomRAT)
2024-02-01,Payload delivery,tlsh,t13084f11075c1c1f2c5fa143184e5ca399a3a30720b6a96ebb78d1bba7f113e163362,
2024-02-01,Payload delivery,imphash,bf5a4aa99e5b160f8521cadd6bfe73b8,
2024-02-01,Payload delivery,ssdeep,12288:qh1Lk70Tnvjc3TJDo2JKjELd0ukEu0ChmGPYMeBWiMhA:Ok70Trc39owVyukx6j2A,
2024-02-01,Other,size-in-bytes,400384,
2024-02-01,Payload delivery,mime-type,application/x-dosexec,
2024-02-01,Payload delivery,md5,569d2f81a41a30520d7f12e63d0a4f01,Malware payload
2024-02-01,Payload delivery,sha256,c5b73388f40bcc35d59c8022b48fe03fb28d89e461a3ea4a665f33266ea3dd62,Malware payload
2024-02-01,Payload delivery,tlsh,t17991749a26095dbcca5497d3e5803ad7876e0093a198de2ce8fc9f0ce1ef1f04276a,
2024-02-01,Payload delivery,ssdeep,48:YxY6wndlpkofn16Ru+FzvDFU0NhtXN3rm/2xp9WhHp6Y2UHs1vhmObvK3moRteUm:/pkocRtp9hEA9Sr2Ss1vhPMeHLKKx,
2024-02-01,Other,size-in-bytes,4274,
2024-02-01,Payload delivery,mime-type,application/json,
2024-02-01,Payload delivery,md5,efb71ae97671307d338ebe6b072e7677,Malware payload
2024-02-01,Payload delivery,sha256,0a09174a3b6f3fc506e0ed41ec343186c90e689f71b01e158f745a87eabfef06,Malware payload
2024-02-01,Payload delivery,tlsh,t15f91545a26095dbdcb9496d3e5803ec7876e1453e194de28e4fdcf08a2ff1f10276a,
2024-02-01,Payload delivery,ssdeep,48:YxY6wFdlpkofn16Ru+FvDF4w0NhtXpk2Kp9Wo6sUHs1vFbvKzRteU3wxioorbJSr:lpkocRtxYyH97Ss1vdTHWcuex,
2024-02-01,Other,size-in-bytes,4403,
2024-02-01,Payload delivery,mime-type,application/json,
2024-02-01,Payload delivery,md5,50b53e2a4cc18fd97a0cc48313dd79b3,Malware payload
2024-02-01,Payload delivery,sha256,ef8da71f5fa0956cc5205b74c85967b64ff24bfab46232d9a80df9a66784aa1d,Malware payload
2024-02-01,Payload delivery,tlsh,t1989633a9b3552cfbf497d135c4c3940c8aa2b96593a4ca6b4bb406731b873913d3fb,
2024-02-01,Payload delivery,imphash,1af6c885af093afc55142c2f1761dbe8,
2024-02-01,Payload delivery,ssdeep,196608:VYv8HzXlu8zdQmRrdA6ly8Qnf2ODjMnGydSnbSEPGrbOWoly0oH6+:WYM8zdQOl6F3MnG3nWOGrbK2H6+,
2024-02-01,Other,size-in-bytes,8812935,
2024-02-01,Payload delivery,mime-type,application/x-dosexec,
2024-02-01,Payload delivery,md5,e43666895fabe94cf6ea8f20b3c0a878,Malware payload
2024-02-01,Payload delivery,sha256,36d6a6ad79541c810cb8e02076f7cd0e3a25d54991e683c34be6513c734b655c,Malware payload
2024-02-01,Payload delivery,tlsh,t14aa1859732554cbc8b2487ea94f63eaf47ad0073a494ac14a9ed5f4c90ff8f10276d,
2024-02-01,Payload delivery,ssdeep,48:Yxg3SPhJSPdqKkY7EbnlUQl2kRifk/n0+aWHbgDF4w0biYtXcgFi2Hp9WoibUxGc:QODkTaRug49KMG1v5vAlUlmp,
2024-02-01,Other,size-in-bytes,4770,
2024-02-01,Payload delivery,mime-type,application/json,
2024-02-01,Payload delivery,md5,47731b2516a2d2ec47e2bb5b8f4d407a,Malware payload
2024-02-01,Payload delivery,sha256,db0a971c85782090e2be03bc7ca9a26011eaca32db26ca0ce6776532222326b8,Malware payload
2024-02-01,Payload delivery,tlsh,t10fa196ab31550cbcc52987da94e53f8b87bc00635494ec24a4dc5f5c96fe9f1437ad,
2024-02-01,Payload delivery,ssdeep,48:Yxg3SPhJSPdqKkY7EbnlUQl211KRifk/n0+aWCDF4w0biYtXnQbZ2Hp9WjyUxG1A:QO9fkTa1uAbZ49bMG1vCb8vbJAGhs,
2024-02-01,Other,size-in-bytes,5003,
2024-02-01,Payload delivery,mime-type,application/json,
2024-02-01,Payload delivery,md5,83610062fff5ef45b0182527f0fa7bb2,Malware payload
2024-02-01,Payload delivery,sha256,b6dc7d8e396013feaa4489a2190e28dc6ca310fb3dbe94ba6a1c44bc73e3ce34,Malware payload
2024-02-01,Payload delivery,tlsh,t17791753661140cbd8b28869be0543be35bee05a391d4ac28c4be5f5ca0ff6f211765,
2024-02-01,Payload delivery,ssdeep,96:zOzO5+km7O8ZlOFKiwTH9DnT71vfihHxisoZ56K54+:RPHKT9TTx+RJoDr53,
2024-02-01,Other,size-in-bytes,4262,
2024-02-01,Payload delivery,mime-type,application/json,
2024-02-01,Payload delivery,md5,c6ef9d3b333b69d08065bddd353f0413,Malware payload
2024-02-01,Payload delivery,sha256,952352dc7fdfdb5018d504abcafd1e5f5330621ee7f0bdfda72eb03ea9290262,Malware payload
2024-02-01,Payload delivery,tlsh,t1d1b533f535f61c54c8134bf7a15a1c9ad40b5e4b669206c88dcff2608bfd2b9d1d2c,
2024-02-01,Payload delivery,imphash,baa93d47220682c04d92f7797d9224ce,
2024-02-01,Payload delivery,ssdeep,49152:B951/i8BqTXpOymDwUV5JESd77FRSgk5GsnXATorR1GHm6EUvo8CK:N08BgoX0SN7Kgk5G+QTP5jQv,
2024-02-01,Other,size-in-bytes,2345984,
2024-02-01,Payload delivery,mime-type,application/x-dosexec,
2024-02-01,Payload delivery,md5,eae96118583883ee8b6ebafd810d0d8f,Malware payload
2024-02-01,Payload delivery,sha256,02217b3cae45fb5e4cf5b762990470405f0dd56af17496dafa10e430372e24cf,Malware payload
2024-02-01,Payload delivery,tlsh,t100a184eb61291cbcca15c7c694d93b8797fc011352a4ec24a8dc5b0c93ff97153669,
2024-02-01,Payload delivery,ssdeep,48:Yxg3SPhJSPdqKkY7EbnlUQl21hpk6nYK+z1DF4w0dM0tXnGbZ2up9WSgyUfi1vUy:QOLkBhKWbZz9BEi1vUb8pbbYl8pxP,
2024-02-01,Other,size-in-bytes,5023,
2024-02-01,Payload delivery,mime-type,application/json,
2024-02-01,Payload delivery,md5,3f2f3e75260f803d3e72f343972f74c9,Malware payload
2024-02-01,Payload delivery,sha256,f490a10710ba78993e1b5c5245d56c35885c0e8cc950c42eca1e6414dd674458,Malware payload
2024-02-01,Payload delivery,tlsh,t198a1b6ab35264c7cca1487eb98e53e8b57ad00b39194ec18b8ed5f4c81fe8f103759,
2024-02-01,Payload delivery,ssdeep,48:Yxg3SPhJSPdqKkY7EbnlUQl2VKRifk/n0+aW0DF4w0biYtXnR2Hp9WO8ZUxG1v+W:QOjfkTa1uh49AMG1vSmAi/,
2024-02-01,Other,size-in-bytes,4856,
2024-02-01,Payload delivery,mime-type,application/json,
2024-02-01,Payload delivery,md5,ccd488b896a63c47e5cf1e5c715a1e46,Malware payload
2024-02-01,Payload delivery,sha256,9c7b0e010f105a0f264c6d9026c4f93441b86ef3ad96a14f47a6634a753ae9e5,Malware payload
2024-02-01,Payload delivery,tlsh,t1d541e0da21d601f23a92a9d3f3adc40571e450e75cfeae55a8f874ea40add087d4c7,
2024-02-01,Payload delivery,ssdeep,48:vlKSKVlKhKlmslKdWKggslKeKjlKzKVlKaKLlKNKFlKxKKlKYKMlKVKUlKrKe:vlFQlgmmsl5Pgsldql2AlP2l8Uluplpn,
2024-02-01,Other,size-in-bytes,2025,
2024-02-01,Payload delivery,mime-type,text/x-shellscript,
2024-02-01,Payload delivery,md5,ef8df0f0904817bd26566d3b0171b6b2,Malware payload
2024-02-01,Payload delivery,sha256,6a9ced10ca590abe1b970614de1114b535b6dbd08b11af4ce2cb70c94dff0d70,Malware payload
2024-02-01,Payload delivery,tlsh,t10201dd617150db314c69c9ae2218f3b6115458579a412e3df54eb8b00b2828a73ffb,
2024-02-01,Payload delivery,ssdeep,12:ITDXfOAcM11aWmec1l3FORDGLjkby6/nPYlZYEfeVYKHKXQ+8BB+5TOd5V+8Bg:IvXf3cM1wdecv3UH5/Ql2EPcjtBB+Yh4,
2024-02-01,Other,size-in-bytes,678,
2024-02-01,Payload delivery,mime-type,text/x-shellscript,
2024-02-01,Payload delivery,md5,77d40e6e88f94af88a05460315e11928,Malware payload
2024-02-01,Payload delivery,sha256,6a2de1462b6877634782f710fb15e83c66b602b755e533dc2a87ea61061f53eb,Malware payload
2024-02-01,Payload delivery,tlsh,t14fc2f8eabd30ee707b58987839ce09c06def136f14a37454754fae25620e68e21ec1,
2024-02-01,Payload delivery,ssdeep,768:XwV7RsG1I/lZD7n4P33jnwDuWvW67rLKQAgFA:BGadZD7n47n8Lw,
2024-02-01,Other,size-in-bytes,27067,
2024-02-01,Payload delivery,mime-type,text/x-shellscript,
2024-02-01,Payload delivery,md5,feeb8b624c5e64b2f58196e0b3ec5b43,Malware payload
2024-02-01,Payload delivery,sha256,6dae73dae5996533695dff165a3826d5827abed7da572b9d1e7aaf9580b9bf59,Malware payload
2024-02-01,Payload delivery,tlsh,t182a1c66b36654cbcc624c7ea95e23e4b57ad0073a494ec14e8ac4f5c81fe8f1437ea,
2024-02-01,Payload delivery,ssdeep,48:Yxg3SPhJSPdqKkY7EbnlUQl2RRifk/n0+aWblFDF4w0biYtXqlNBT2Hp9Wt0mUxE:QOckTaGuIT49YMG1veKAFTi,
2024-02-01,Other,size-in-bytes,4832,
2024-02-01,Payload delivery,mime-type,application/json,
2024-02-01,Payload delivery,md5,be83d607bbbb5e851e89a11804415591,Malware payload
2024-02-01,Payload delivery,sha256,38365a9e001bf7fab04deb637f0f455a3e279f68486a329466661b3661ff512a,Malware payload
2024-02-01,Payload delivery,tlsh,t1a9531909f387d225ca550ab584a3842503f3d7d726f3daaa3d8812c50f22fe1de637,
2024-02-01,Payload delivery,imphash,f34d5f2d4577ed6d9ceec516c1f5a744,
2024-02-01,Payload delivery,ssdeep,1536:gKRV4nrq5hp33FkpHp9hy12w6Iu1CGd25eX8A+:PCnrohpHFkpJ9hfIo1dyeMh,
2024-02-01,Other,size-in-bytes,63488,
2024-02-01,Payload delivery,mime-type,application/x-dosexec,
2024-02-01,Payload delivery,md5,d7b150d6119777c36ed604524c9ed95f,Malware payload
2024-02-01,Payload delivery,sha256,3dacf8239ba7afdbae92a827e86dea1ee70cc478d9c6c29bd29010b20a9796f8,Malware payload
2024-02-01,Payload delivery,tlsh,t10da1a79b11641cbcc7148bd395d93a8787ed0153a2a8ac18fced5f0c92ff8b603669,
2024-02-01,Payload delivery,ssdeep,48:Yxg3SPhJSPdqKkY7EbnlUQl2/hpk6nYK+zebDF4w0dM0tX8r82bp9WG9sYUfi1vW:QOJkBAKpg9nEi1v1/Y8uP,
2024-02-01,Other,size-in-bytes,4969,
2024-02-01,Payload delivery,mime-type,application/json,
2024-02-01,Payload delivery,md5,2b8bfed34a4f729bdb8f6033a6dba7fd,Malware payload
2024-02-01,Payload delivery,sha256,583a6d78fe21b93cb2ff738dfa31185a0b9f194fb7c7ec953c01d1a2cc5a5f5e,Malware payload
2024-02-01,Payload delivery,tlsh,t15c91522619386d7ccb58c5ca84fc3d4e567e105bf2649c14a5ed8e0ae2ff1f183a61,
2024-02-01,Payload delivery,ssdeep,96:eyArkYOhDH5R0DWfrfT594ds1Y7g1vUreHTMsgiFEDXdkJeR:eyAQThr5RIWfrt94ds1Y7FrezMsgiFEj,
2024-02-01,Other,size-in-bytes,4624,
2024-02-01,Payload delivery,mime-type,application/json,
2024-02-01,Payload delivery,md5,9e311d957cd89e603c2624245e53a6e1,Malware payload
2024-02-01,Payload delivery,sha256,119c4b9f1b3e3e51058f911de225adb498df1daa338f06c37084b4b6f08d762b,Malware payload
2024-02-01,Payload delivery,tlsh,t10ba1a4ab15295cbccb14c7c695c93ad797ed0053a3a4ac18bdec6f0c82ee8b103659,
2024-02-01,Payload delivery,ssdeep,48:Yxg3SPhJSPdqKkY7EbnlUQl2Nhpk6nYK+z1DF4w0dM0tXnT2up9WSFo8ZUfi1vAE:QO/kB5KDz9vLEi1vYYYmiCP,
2024-02-01,Other,size-in-bytes,4884,
2024-02-01,Payload delivery,mime-type,application/json,
2024-02-01,Payload delivery,md5,9c1a6fd73923f241d186a1d2e500c1ca,Malware payload
2024-02-01,Payload delivery,sha256,ea2fad9d41b2b9c9c30c2a7ff34bbf49d6a80ee98ec66ef3803a075eb032fb3e,Malware payload
2024-02-01,Payload delivery,tlsh,t1b8917552261c0cbdc3394a92e45c76d76bae02739094fd2888bd5f4ca5ff2b141769,
2024-02-01,Payload delivery,ssdeep,96:jjcekxq8pVFawTH9o2nTv71vzhHtsIZhshpR+:jjcvguFaA9o2nbdhNsIrshpR+,
2024-02-01,Other,size-in-bytes,4215,
2024-02-01,Payload delivery,mime-type,application/json,
2024-02-01,Payload delivery,md5,8068ea674a7be33d7733abd4d25e9bb6,Malware payload
2024-02-01,Payload delivery,sha256,b06670ccb53733102238906211cd897244ae8b0df3a51078785e06dd26820409,Malware payload
2024-02-01,Payload delivery,tlsh,t193a1956f31551cbc851487ea98e13e8b87bd00b7a094ec18f8ed5f58a6fe8f103769,
2024-02-01,Payload delivery,ssdeep,48:Yxg3SPhJSPdqKkY7EbnlUQl2URifk/n0+aWKSPmDF4w0biYtXDSPGq2Hp9WcseNs:QODkTaUeuef49VEMG1vHRAXqt,
2024-02-01,Other,size-in-bytes,4922,
2024-02-01,Payload delivery,mime-type,application/json,
2024-02-01,Payload delivery,md5,64ef0ddae1b888ca5807b6550b22907b,Malware payload (RiseProStealer)
2024-02-01,Payload delivery,sha256,240705c86786a842153bbe88e00b9f059ae79d2ac9acb1220897f9456521bea4,Malware payload (RiseProStealer)
2024-02-01,Payload delivery,tlsh,t1004533fac3c5d60ed20ee03298c083985eb47599d134ebeab59b0d5589b20ec2f675,
2024-02-01,Payload delivery,imphash,5ab723dc8d5af21b79dc301ed6a56a64,
2024-02-01,Payload delivery,ssdeep,24576:eO1kP+de6cvnFAKW1OniAKwgwQ9GiyIakEL1op9qzk4rnyIW:/td0vic0zl9jL8lzksDW,
2024-02-01,Other,size-in-bytes,1195008,
2024-02-01,Payload delivery,mime-type,application/x-dosexec,
2024-02-01,Payload delivery,md5,3cc7d6d4dc2102b80a3003d8f6db6c5b,Malware payload
2024-02-01,Payload delivery,sha256,fb343079504053a378aa02e97f343bdd09b7a8ce1c15fd362e62c57a8b0e5041,Malware payload
2024-02-01,Payload delivery,tlsh,t1e79154aa26085dbdca5496d3d5503ad7c76e0493b1d8ed2ce8fd9f08e1ef1f002769,
2024-02-01,Payload delivery,ssdeep,48:YxY6wGdlpkofn16Ru+FkDFU0NhtXeV2Qp9We6T2UHs1vibvKqRteU3wxioLCNulD:GpkocRtG9U/9K2Ss1veiHLCdF9C7x,
2024-02-01,Other,size-in-bytes,4274,
2024-02-01,Payload delivery,mime-type,application/json,
2024-02-01,Payload delivery,md5,1c73c5f996c5c6d841a167018ba6b05f,Malware payload
2024-02-01,Payload delivery,sha256,28e383e8d6e477942758a41d9ce472b7be894400f4e5f733149fe05f4a3857e9,Malware payload
2024-02-01,Payload delivery,tlsh,t1a1a1a7ab25795cbcc724c7c695da3e8357ed001392a4ad14ecac5f0c91fe4b2426aa,
2024-02-01,Payload delivery,ssdeep,48:Yxg3SPhJSPdqKkY7EbnlUQl2zhpk6nYK+zMlFDF4w0dM0tXqlNjT2up9WMTv0mUD:QOxkB6KoTz9DEi1vgQYqvQzP,
2024-02-01,Other,size-in-bytes,4850,
2024-02-01,Payload delivery,mime-type,application/json,
2024-02-01,Payload delivery,md5,2074a390d979698cf7f07cd83d4079a2,Malware payload
2024-02-01,Payload delivery,sha256,0ba9f3b8ae5fbdc5d5afd513f7a02a258123418c766d63d0bacf94e0d52d762d,Malware payload
2024-02-01,Payload delivery,tlsh,t1359174e6b0155eb8c51fc5ea96a938cecabd011390305c5ce5ae4b4b88fe1b51363d,
2024-02-01,Payload delivery,ssdeep,96:XGy9k0yan4wgaBSQcsTN9+BMOy0G1vRctHsz9UAeGxHVXr:+0049rVGmlxV,
2024-02-01,Other,size-in-bytes,4529,
2024-02-01,Payload delivery,mime-type,application/json,
2024-02-01,Payload delivery,md5,27b8cc7e461b13843f0fe4901bee0000,Malware payload
2024-02-01,Payload delivery,sha256,bb99994275da9a484bdf9355cca6dc20c0dac2b524441bdbb5a4451b4b60bacd,Malware payload
2024-02-01,Payload delivery,tlsh,t18d159e0273d1c062ffab92334b5af6515bbc69260123e61f13981db9be701b1563e7,
2024-02-01,Payload delivery,imphash,948cc502fe9226992dce9417f952fce3,
2024-02-01,Payload delivery,ssdeep,12288:/qDEvFo+yo4DdbbMWu/jrQu4M9lBAlKhQcDGB3cuBNGE6iOrpfe4JdaDgaNTV:/qDEvCTbMWu7rQYlBQcBiT6rprG8aJV,
2024-02-01,Other,size-in-bytes,918016,
2024-02-01,Payload delivery,mime-type,application/x-dosexec,
2024-02-01,Payload delivery,md5,b0e0d2c166ff6d5ee5753e3df6b37c20,Malware payload
2024-02-01,Payload delivery,sha256,eec86d27989da7beb099d57f73e24c7c68ef4dfda63aee14307c1549638c04ea,Malware payload
2024-02-01,Payload delivery,tlsh,t1889195b7162c4cbcca2487d3a9943b87567f41a7e084ad58b9a88f0ce0fe1f10136b,
2024-02-01,Payload delivery,ssdeep,96:YAvwlfkvQISnya0o9HT2FJ1vltPBiwUlPnE:YAvTXo9z2FBiwURE,
2024-02-01,Other,size-in-bytes,4339,
2024-02-01,Payload delivery,mime-type,application/json,
2024-02-01,Payload delivery,md5,be47f0f13e5da8e6867f5aaaae751aa1,Malware payload
2024-02-01,Payload delivery,sha256,d3bd2e65c761e3d09ec517e63b2ce171b87079523767c7989008fa9b44fa1157,Malware payload
2024-02-01,Payload delivery,tlsh,t1d941cb7ccf29f8e0033db1a088492e2620949e57d6b58e24d9574ee62d7c20acf2b1,
2024-02-01,Payload delivery,ssdeep,48:LGfEFWuJqs9HZNjd+SfprcKyK0hE6S1FtfsC5P3RX5ZWiaoIhSNt4:LGfEFW87jd+Sfpbaq6S1FtfsC5P39EfB,
2024-02-01,Other,size-in-bytes,2219,
2024-02-01,Payload delivery,mime-type,text/plain,
2024-02-01,Payload delivery,md5,b2d6a88a36a865c10f7e718bb3743330,Malware payload
2024-02-01,Payload delivery,sha256,8d1f3bf06d220230ad3f23e72ba647e9a1de98aac00efb750d49922938cb49e3,Malware payload
2024-02-01,Payload delivery,tlsh,t1c3b533d67e331745d40753bb0ddbbc6263c33dab45a2142c6985f1a62bbc73283a2d,
2024-02-01,Payload delivery,imphash,baa93d47220682c04d92f7797d9224ce,
2024-02-01,Payload delivery,ssdeep,49152:zzZzRxjEYk3EedzmRPwaKUIoOmdW8bYP/dY5tcS+3+k:zV1xfkUecWU9Ot8sPFAtcS+3,
2024-02-01,Other,size-in-bytes,2316800,
2024-02-01,Payload delivery,mime-type,application/x-dosexec,
2024-02-01,Payload delivery,md5,7c25d213ab5ab6c4bad00d7603a31a1e,Malware payload
2024-02-01,Payload delivery,sha256,cf01fea0ac691321bf01848c0179027bb297391da09115ddff057c2fb21f63cc,Malware payload
2024-02-01,Payload delivery,tlsh,t1cba1a5ab32550cbc862487e794e53e8b57ad0163a094ed18f4e94f4c85ff8f1037a9,
2024-02-01,Payload delivery,ssdeep,48:Yxg3SPhJSPdqKkY7EbnlUQl26Rifk/n0+aW/bDF4w0biYtX8rG2xp9WoKsYUxG1k:QOVkTakuNe9yMG1vbDAyyJ,
2024-02-01,Other,size-in-bytes,4953,
2024-02-01,Payload delivery,mime-type,application/json,
2024-02-01,Payload delivery,md5,ef309bf86dad2987acbe2865f7f28ee7,Malware payload
2024-02-01,Payload delivery,sha256,73c7cc46420af94c7276f743d1fe11eee447b79fd6bcfd6913d9331f165160e2,Malware payload
2024-02-01,Payload delivery,tlsh,t1c7a175ab31550cacc62987da94e53b8b87bc01b39494ec24b49c5f5c92ff9f1437ad,
2024-02-01,Payload delivery,ssdeep,96:QOwkTa1uAbZ49bMG1vCb8vbJAJxCoqM8g6:vV9bM2AJxrqM8g6,
2024-02-01,Other,size-in-bytes,5005,
2024-02-01,Payload delivery,mime-type,application/json,
2024-02-01,Payload delivery,md5,7195910dbcd2f23d785a40a2ed01a68c,Malware payload (RiseProStealer)
2024-02-01,Payload delivery,sha256,05b1bb7936de68620fd4fd34b3a9c6ee7f1a0145807e28122eb1b9e29b519534,Malware payload (RiseProStealer)
2024-02-01,Payload delivery,tlsh,t17a4533bd404bda42c53e46bd088d12429b7c747aa68e76377b7fe66404a9c8d738de,
2024-02-01,Payload delivery,imphash,5ab723dc8d5af21b79dc301ed6a56a64,
2024-02-01,Payload delivery,ssdeep,24576:n1GHS3sxYaAj4mY22vZOk+mTG54HMgwQNN2K3yWds0JkKyVi/fZbmNrUXSP:n1GYsxej4mYfk54HnlyadsLIXZSgi,
2024-02-01,Other,size-in-bytes,1195520,
2024-02-01,Payload delivery,mime-type,application/x-dosexec,
2024-02-01,Payload delivery,md5,5dff9011318a0340e310a10be6444743,Malware payload
2024-02-01,Payload delivery,sha256,f602ccd438e8e3d35f588420703c9c717fcd8f89cac255425c3b8d2c3838c351,Malware payload
2024-02-01,Payload delivery,tlsh,t13991b6b7162c4c7cca2487d396903b97567f41abe0849e68f9b88f0cd0fe1f51136a,
2024-02-01,Payload delivery,ssdeep,48:Yx5AvwlYYwvKbsJkmnh+0DFU0omOtXxR23p9WtY2UKJ1vybaKqRrC3wxioiiipkg:YAvwlskv0S7U9/2FJ1vu8iii6FtE,
2024-02-01,Other,size-in-bytes,4323,
2024-02-01,Payload delivery,mime-type,application/json,
2024-02-01,Payload delivery,md5,ce5e8e8577f2df60443affb6abe883fd,Malware payload (BumbleBee)
2024-02-01,Payload delivery,sha256,a89174c7a5d98a48dff193a57120b368a5a8ab6866c0f76750c8bf4f45bd1ac0,Malware payload (BumbleBee)
2024-02-01,Payload delivery,tlsh,t1d745e011e6821fe5d476527781ab252fb7307e194324d377abc0c23b3d927a4af1ab,
2024-02-01,Payload delivery,imphash,47e01530ad43ec939d1c47709a80a5c6,
2024-02-01,Payload delivery,ssdeep,24576:7AQAaooaJ3RctLXHLnP+YrrzFC66tdvzYO1F5ikdPtUeaZHDwEfF:+YL7nP+KCb5/8JLt,
2024-02-01,Other,size-in-bytes,1225230,
2024-02-01,Payload delivery,mime-type,application/x-dosexec,
2024-02-01,Payload delivery,md5,c4ca51e45d1c6c7ea8863ec0b79eabbf,Malware payload
2024-02-01,Payload delivery,sha256,d2ca1f94b5147554ea181685a5eff24121724c9b77cac4ca3db2e1c68f910108,Malware payload
2024-02-01,Payload delivery,tlsh,t128a3e88fab8effe3d6d19339d88f8b728136e13c5a46018775000365d6dba188d253,
2024-02-01,Payload delivery,ssdeep,1536:6yJeiy2fjBgNHYcEdL/cBvtx+XMF+4QSZeK6P72Tsu2bPUSpDI:6y3y2r+mLAFihaTsu2bPUSRI,
2024-02-01,Other,size-in-bytes,104568,
2024-02-01,Payload delivery,mime-type,application/x-executable,
2024-02-01,Payload delivery,md5,66b70086c8d3a3f2f8a63b32583fabbf,Malware payload
2024-02-01,Payload delivery,sha256,0923a398e8c92bbd41fb4c75c8a8251d5984a2fe60d02f900c88dfa4af8901f8,Malware payload
2024-02-01,Payload delivery,tlsh,t133144b93fa01ee7af40ab67648d34b356231bb5129935562b20b3997dd373c4182ff,
2024-02-01,Payload delivery,ssdeep,6144:sn/3npiPMyN0ynLgWml2dQt6bSNzCvSFc/m8Nk6kkm:s/ZiPMYmwQt6WAvSFc/m8Nk69m,
2024-02-01,Other,size-in-bytes,198660,
2024-02-01,Payload delivery,mime-type,application/x-executable,
2024-02-01,Payload delivery,md5,aec11ee194130a76c27925eac83e3fd6,Malware payload
2024-02-01,Payload delivery,sha256,cd27206bfdcc025100d095572301c8f7def4e922263ede85cd51b4299c1e4e4b,Malware payload
2024-02-01,Payload delivery,tlsh,t10b144a9ba72d0387c4ab4ef22d673bf1876da97011a61180a90fffc107739706625b,
2024-02-01,Payload delivery,ssdeep,3072:aFPwrygmMZYvmj+PltoGSfQZM7dFGGrcvGFc/mt3k6k8VM:a9weg7ZMPltoGS3rrcvGFc/mt3k6k8m,
2024-02-01,Other,size-in-bytes,201984,
2024-02-01,Payload delivery,mime-type,application/x-executable,
2024-02-01,Payload delivery,md5,ad5778bbe662d7d3d419f33e29eb498e,Malware payload
2024-02-01,Payload delivery,sha256,fc8a9aebf291ddcd9a507868bf293b5c5ecf95de6b6739acd1b84e67932f9b0e,Malware payload
2024-02-01,Payload delivery,tlsh,t12b144a2b76d1ddfac08356b41fdbd6a1e820f4b81b32a15b37883f592f2d9c449593,
2024-02-01,Payload delivery,ssdeep,3072:U5sIGxBvcedmG0JJn8Ivju71M1LFpZzUSp82btNh08GkxdT+yv3q9JWqcY9WcVn:lmGsngxS5pNTl08GIpv3q9JWqcY9WcF,
2024-02-01,Other,size-in-bytes,196008,
2024-02-01,Payload delivery,mime-type,application/x-executable,
2024-02-01,Payload delivery,md5,ecca94847737a4a0f081c17988ed76c0,Malware payload
2024-02-01,Payload delivery,sha256,420055a9e3b1a12b033aacf335fb123dd10f99c2672c70768ba0747c3d7cb13a,Malware payload
2024-02-01,Payload delivery,tlsh,t17544732e7e22bb7ee27886710bf66fb0c35521d236a1d391e17cd7185ea128c188e7,
2024-02-01,Payload delivery,ssdeep,3072:4jUJ6jNDUR3H4AJ5R9QQZ9AAbVqhlE7hMkxh9ngv1iKGAMP80bjVM:rMjR+9jpIqqhXYOv1iKGAMP80bjm,
2024-02-01,Other,size-in-bytes,273639,
2024-02-01,Payload delivery,mime-type,application/x-executable,
2024-02-01,Payload delivery,md5,03f35fb6d8beec93811a1a910d4abea2,Malware payload
2024-02-01,Payload delivery,sha256,2eadae302691a04c76a35450d89f6bb4b9ce1f3f01d811cd4c0b4013d698cc84,Malware payload
2024-02-01,Payload delivery,tlsh,t1c744a45aab719fb7dc4ecd3305e94512108ca14a12da2fafbab4c618f34b94f44e3d,
2024-02-01,Payload delivery,ssdeep,6144:9NVVeGIMLGZAH7Q6aWb1tmv1iKGAMP80bjm:uAH7QBWBcv1iKGAMP80/m,
2024-02-01,Other,size-in-bytes,277796,
2024-02-01,Payload delivery,mime-type,application/x-executable,
2024-02-01,Payload delivery,md5,c8b022cadda8194efec5e406407bd407,Malware payload
2024-02-01,Payload delivery,sha256,7e14f903d2476931d8adc1bfd537ac8aecc1f69e69d9e7155ccd6d28682347a9,Malware payload
2024-02-01,Payload delivery,tlsh,t1ce146c4a94a19eb7c055fdb168fbaa34071de5512b4f0e96787caaa0074f5ceb00f7,
2024-02-01,Payload delivery,ssdeep,3072:gX3dPAyFOOBpLmPc/f+gmAjD/QR4iptCePn2bK7rdDKE4qmvRqc/btpk67kFM:8PA1OzLmE/c+D/WdP2QEvRqc/btpk67X,
2024-02-01,Other,size-in-bytes,194057,
2024-02-01,Payload delivery,mime-type,application/x-executable,
2024-02-01,Payload delivery,md5,78e8d0437050ed177ca1b870e1285504,Malware payload
2024-02-01,Payload delivery,sha256,15004ff8c231aa01bad46cf8a71aa08f646e4155f598a2c82ac5a7dc9366c0f8,Malware payload
2024-02-01,Payload delivery,tlsh,t1fff36c027791e5b7d1431af21297cb250032e93b252bdc4af7bc2cb5eb291c4a6667,
2024-02-01,Payload delivery,ssdeep,3072:hxkUUnWy5cv49uUzJQr2eOg1Nc3xKw6uj/n2bhtBeUmM1vwmVWYvW1lvWQcY1EKD:hFUWy5cA9unKoK34/Q/2peUmylwllvWE,
2024-02-01,Other,size-in-bytes,169065,
2024-02-01,Payload delivery,mime-type,application/x-executable,
2024-02-01,Payload delivery,md5,635310bf9fce382320b3ee8716a1424f,Malware payload
2024-02-01,Payload delivery,sha256,4470dffdf485099a7ebbe92b3e8d1db1ff14d8b2c39e3aabaa69c8122e86b91b,Malware payload
2024-02-01,Payload delivery,tlsh,t1cbf35b49e203c6f3c8431eb222a7eb6f1631b9359d27cd89f75c2d74ab225c471193,
2024-02-01,Payload delivery,ssdeep,3072:8PSi28gcKeX9BCxDFwlcgPifbAIBXYM2bkzBe/B+NJP8vWQcY1EKk5WcTM:B8gSsFwdPCfBXY1Ke/gNN8vWQcY1EKkM,
2024-02-01,Other,size-in-bytes,173001,
2024-02-01,Payload delivery,mime-type,application/x-executable,
2024-02-01,Payload delivery,md5,355c9ae415faba668e05ba70f6599c7e,Malware payload
2024-02-01,Payload delivery,sha256,fcee35d3c0fd9f68582c8d11bfc133ccb7559053282f859b6c4cab1f38b5ddcb,Malware payload
2024-02-01,Payload delivery,tlsh,t1fb242a08d9619b2fc6e377befb9a428e73361b94a3d7332589345a7427c1b4c29391,
2024-02-01,Payload delivery,ssdeep,3072:tLN858hbjP7HlEfYrMIHKxJyQ1aSSCmqalDMD92bx7BLZfeneeIhGFH0fs7mBzr4:klYokKx8oaLCqaDo5fee47mBzrZjHET,
2024-02-01,Other,size-in-bytes,229089,
2024-02-01,Payload delivery,mime-type,application/x-executable,
2024-02-01,Payload delivery,md5,02e8929813570f32ccd84df7363f99cb,Malware payload
2024-02-01,Payload delivery,sha256,180989d6d886af835ae4584b6047fe4887dedb4a875438d0d124f72aaa29caef,Malware payload
2024-02-01,Payload delivery,tlsh,t198240744ed54976fc2e377fbf79943cd373a0b94a39b722199381a7423c5b9829392,
2024-02-01,Payload delivery,ssdeep,6144:kfteTTU4z8LGg+Wih0DuO+H8yv949o6XwIqcBm:KtyTXzyjkKa6yv949o6XwIqam,
2024-02-01,Other,size-in-bytes,213590,
2024-02-01,Payload delivery,mime-type,application/x-executable,
2024-02-01,Payload delivery,md5,8f0ef21b5de9e86fb84f39100d232d31,Malware payload
2024-02-01,Payload delivery,sha256,8bfbd5faf2dd2dfb76e60c14d010fbf1bcbe980950528709ceac4edc9f003c6a,Malware payload
2024-02-01,Payload delivery,tlsh,t122241944e954872bc3e37bfbf75943cd373a5b54a3db322199382a7427c5b9829392,
2024-02-01,Payload delivery,ssdeep,6144:+dta8mHLmWskspb7HI+YnFavgBE6OCTI6c3m:+dta82xZAjsnwvgBE6OCTI6Wm,
2024-02-01,Other,size-in-bytes,220248,
2024-02-01,Payload delivery,mime-type,application/x-executable,
2024-02-01,Payload delivery,md5,1a0b5e022e20a5094cefb43010023c28,Malware payload
2024-02-01,Payload delivery,sha256,fa8a5bb25887070e48e1ae1d1a5509f600b9a13516c48f9b8b56136557e87858,Malware payload
2024-02-01,Payload delivery,tlsh,t14c928f35a8a1641b403bd8f9356fa28df82194078c4749a4b11f412dcbf6e934baff,
2024-02-01,Payload delivery,ssdeep,384:OftrMf+F0e0H3nZ2W6E45wse5QjuFwgzxdaqlU4:tIn0H3nZh6tOseQZgraqb,
2024-02-01,Other,size-in-bytes,19559,
2024-02-01,Payload delivery,mime-type,text/html,
2024-02-01,Payload delivery,md5,aa36fd19153d0e0ec43941ed04eec570,Malware payload
2024-02-01,Payload delivery,sha256,e39dde9e11a82fbf8de8aa1e668de17d7545c98fa1a7afc80caf603883a8cab7,Malware payload
2024-02-01,Payload delivery,tlsh,t16891b5b7162c4cacca2487d795903b97577f41abe0849e68b9ec8f0ce0fe1f51136a,
2024-02-01,Payload delivery,ssdeep,48:Yx5AvwlYYwoKbsJkmnh+0DFU0omOtXxR23p9WtY2UKJ1vybaKqRrC3wxioinqVNc:YAvwl/kv0S7U9/2FJ1vu8iqP9RE,
2024-02-01,Other,size-in-bytes,4323,
2024-02-01,Payload delivery,mime-type,application/json,
2024-02-01,Payload delivery,md5,c5376b1a316652f90eb8f080f0458eb9,Malware payload
2024-02-01,Payload delivery,sha256,d7e6c1222f4ba4b8164d1386fc7da16797b8a7c6423add0d16e7c93ff7ff6e0a,Malware payload
2024-02-01,Payload delivery,tlsh,t1499174e7b0155eb9c51fc5ea96a939cecabd001390705c1ce59e4a0b98fe1b51363e,
2024-02-01,Payload delivery,ssdeep,96:XGs9k0yan4wgaBSQcsTN9+BMOy0G1vRctHsz9UAeGmNVXr:I0049rVGmlm/,
2024-02-01,Other,size-in-bytes,4529,
2024-02-01,Payload delivery,mime-type,application/json,
2024-02-01,Payload delivery,md5,af5a55c17c38e757c05b9fec7b8da56f,Malware payload
2024-02-01,Payload delivery,sha256,fcc162318f6bbfbb03bfb8dc30bb43139b8fabc061f6dd68a0c284caaec9546f,Malware payload
2024-02-01,Payload delivery,tlsh,t1cca1a8ab25695cfccb24c7d691ca3e4357ed005362a4bd14ecad5f0c91fe8b1426aa,
2024-02-01,Payload delivery,ssdeep,48:Yxg3SPhJSPdqKkY7EbnlUQl2thpk6nYK+zMlFDF4w0dM0tXqlNjT2up9WMTv0mUO:QO7kB6KoTz9DEi1vgQYN9H+P,
2024-02-01,Other,size-in-bytes,4850,
2024-02-01,Payload delivery,mime-type,application/json,
2024-02-01,Payload delivery,md5,146680b36f2d29bd4a4746fed3b78a9c,Malware payload
2024-02-01,Payload delivery,sha256,1edae4ec37422da413913754c75cf8d9fa7fb3eacfd5e2ff0fa316926ce25b4c,Malware payload
2024-02-01,Payload delivery,tlsh,t1e391633561141cbe8628869be0443bb36bee05a391d4ec28d4ae9f5cb4ff5f111769,
2024-02-01,Payload delivery,ssdeep,96:zOzOY+km7O8ZlOFKiwTH9DnT71vfihHxisoZ5mI04Q4+:APHKT9TTx+RJoDj04Q3,
2024-02-01,Other,size-in-bytes,4262,
2024-02-01,Payload delivery,mime-type,application/json,
2024-02-01,Payload delivery,md5,98c3239fdb2b4244e8d9f49aa3ece8c1,Malware payload
2024-02-01,Payload delivery,sha256,d63b392f9dc3441cecd176ef7beb1e16cbe868401bd95fe6acaa54653168f2ec,Malware payload
2024-02-01,Payload delivery,tlsh,t1dfa186ab11641cbcc7148bc355d93a9787ed0153a2a8ad14fced5f0c82ff5b602669,
2024-02-01,Payload delivery,ssdeep,48:Yxg3SPhJSPdqKkY7EbnlUQl22hpk6nYK+zebDF4w0dM0tX8r82bp9WG9sYUfi1ve:QOwkBAKpg9nEi1v1/YZdM+P,
2024-02-01,Other,size-in-bytes,4971,
2024-02-01,Payload delivery,mime-type,application/json,
2024-02-01,Payload delivery,md5,8cf45cae5b557beeef7c0c198fb44e8e,Malware payload
2024-02-01,Payload delivery,sha256,90270b3810f151d0c31c703ee700f32a07c97af92b3e19906cf7bc7ceb2d5b30,Malware payload
2024-02-01,Payload delivery,tlsh,t1adb533ea69365242e36fe3bd74321b219d0bbcbb2214124f451af981cbfe532c2d6c,
2024-02-01,Payload delivery,imphash,baa93d47220682c04d92f7797d9224ce,
2024-02-01,Payload delivery,ssdeep,49152:M63zt8V+dphUB2tbNjcfdLLlARtLODIht4JttazfYWyr8do:MOt8VgQB2DQxhAaDI7y/aYWyrJ,
2024-02-01,Other,size-in-bytes,2331648,
2024-02-01,Payload delivery,mime-type,application/x-dosexec,
2024-02-01,Payload delivery,md5,cbc5233c7963606bc85abafefec07ad1,Malware payload
2024-02-01,Payload delivery,sha256,dc4ee7bfcfe237dcc22f49e5c036a6d397d93a6dc62eb0512f8425908e8b7f99,Malware payload
2024-02-01,Payload delivery,tlsh,t1e7a1855b31151cacc61487ea98e53e8b97bd00b3a1c4ec18b8ed5f58a6fe8f103769,
2024-02-01,Payload delivery,ssdeep,48:Yxg3SPhJSPdqKkY7EbnlUQl2ORifk/n0+aWKSPmDF4w0biYtXDSPGq2Hp9WcseNC:QO9kTaUeuef49VEMG1vHRAolXSYt,
2024-02-01,Other,size-in-bytes,4932,
2024-02-01,Payload delivery,mime-type,application/json,
2024-02-01,Payload delivery,md5,01808775c644e699b86c6a010fba568c,Malware payload
2024-02-01,Payload delivery,sha256,c0b3eb126a4a28d912ce8f54bdd2545b642ae586489e328c59155529092f3d61,Malware payload
2024-02-01,Payload delivery,tlsh,t19491b7b7162c0cbc8a2487d7a5643bd7467f4563e084ad68b9bc8f0ce0fe1f60136a,
2024-02-01,Payload delivery,ssdeep,96:YAvwl6kvQISnya0o9HT2FJ1vltPBiQ+nE:YAvMXo9z2FBiQWE,
2024-02-01,Other,size-in-bytes,4339,
2024-02-01,Payload delivery,mime-type,application/json,
2024-02-01,Payload delivery,md5,ad2fa1293c14223502ec1a928b3e3436,Malware payload
2024-02-01,Payload delivery,sha256,dafead889bc2af13bcc9bd028e780754a9c387d26e64a2ca28147634fa0e2101,Malware payload
2024-02-01,Payload delivery,tlsh,t131b533e3b67bc414e06ba335911dd06e3543cd63ace090a4f905f2c867fdab62697e,
2024-02-01,Payload delivery,imphash,baa93d47220682c04d92f7797d9224ce,
2024-02-01,Payload delivery,ssdeep,49152:JxfFEgTmBkRkNbWDKuixNtLxo5nr0Pm6pH4HzQmw0WcKEZBkpBL:TfXW8KuiBar0+6pH8MPBcKEZBk7L,
2024-02-01,Other,size-in-bytes,2360832,
2024-02-01,Payload delivery,mime-type,application/x-dosexec,
2024-02-01,Payload delivery,md5,a8bac5120e5cf3850a330a259e98aee4,Malware payload
2024-02-01,Payload delivery,sha256,26dd19c3233b6c9eacdab5df35a913eef90d4ffda988ac71e46fdd20ffa97838,Malware payload
2024-02-01,Payload delivery,tlsh,t1d291739a26085dbcca4496d7e8503ad7876e1493b198ed2cd4fc9f08e1ff1f04276e,
2024-02-01,Payload delivery,ssdeep,48:YxY6wW1dlpkofn16Ru+FzvDFU0NhtXN3rm/2xp9WhHp6Y2UHs1vhmObvK3moRteg:epkocRtp9hEA9Sr2Ss1vhPMeHL/RYx,
2024-02-01,Other,size-in-bytes,4284,
2024-02-01,Payload delivery,mime-type,application/json,
2024-02-01,Payload delivery,md5,5de472083f0f5984c1f21bf245afaf77,Malware payload
2024-02-01,Payload delivery,sha256,82b33b0c9c56d104c8abf33322678fdce15484df1eebc84bd91b8b8e74f4c281,Malware payload
2024-02-01,Payload delivery,tlsh,t1a391732629385c7cc658c5ca98fc3d4f5a7e005bf2609c14a5dd8e0ae2ff1f287a62,
2024-02-01,Payload delivery,ssdeep,96:eyjrkYOhDH5R0DWfrfT594ds1Y7g1vUreHTMsgiFEyQYaD9JJeR:eyjQThr5RIWfrt94ds1Y7FrezMsgiFEM,
2024-02-01,Other,size-in-bytes,4614,
2024-02-01,Payload delivery,mime-type,application/json,
2024-02-01,Payload delivery,md5,9a65bae064e4bfcbeb555296172b5ee1,Malware payload (BumbleBee)
2024-02-01,Payload delivery,sha256,9e1620cee00cd5e063f57082c7be44098069470b6670bf7783bab508a4bd7272,Malware payload (BumbleBee)
2024-02-01,Payload delivery,tlsh,t18745f121e2921fe4d476917781ab292fbb303e5c4325d377abc0d2373d927a09f1a6,
2024-02-01,Payload delivery,imphash,47e01530ad43ec939d1c47709a80a5c6,
2024-02-01,Payload delivery,ssdeep,24576:tjaNQAmVsezvsa4S5QKFvJ0ftDuSiPefLEubi7BModVq:fB3fx0ftDuvlPi,
2024-02-01,Other,size-in-bytes,1225231,
2024-02-01,Payload delivery,mime-type,application/x-dosexec,
2024-02-01,Payload delivery,md5,9d8b19bc08a17432b91fc43248972469,Malware payload
2024-02-01,Payload delivery,sha256,6a09274cfd2c15d0296cee961edc05e8821d1c8f436d67e165dbaeafc52d1bad,Malware payload
2024-02-01,Payload delivery,tlsh,t191a186eb65291cbcc619c7c290d93b8797fc015352a4ec28b89c6b0c92ff97153669,
2024-02-01,Payload delivery,ssdeep,48:Yxg3SPhJSPdqKkY7EbnlUQl2thpk6nYK+z1DF4w0dM0tXnGbZ2up9WSgyUfi1vUw:QOrkBhKWbZz9BEi1vUb8pbbYcXh5dP,
2024-02-01,Other,size-in-bytes,5023,
2024-02-01,Payload delivery,mime-type,application/json,
2024-02-01,Payload delivery,md5,2a3f83611500da3ec65b8397da0d2a92,Malware payload
2024-02-01,Payload delivery,sha256,c7d019541bd3e83f100a5057d15a98bf2292d253bf525b6a848bb8b312a1fb4e,Malware payload
2024-02-01,Payload delivery,tlsh,t1a891635a26085dbccb9496e3d5803ad7976e1453a194dd2ce4fdcb08a1ff1f10276a,
2024-02-01,Payload delivery,ssdeep,48:YxY6wx4dlpkofn16Ru+FvDF4w0NhtXpk2Kp9Wo6sUHs1vFbvKzRteU3wxioorbmK:hApkocRtxYyH97Ss1vdTHWmFmrvx,
2024-02-01,Other,size-in-bytes,4402,
2024-02-01,Payload delivery,mime-type,application/json,
2024-02-01,Payload delivery,md5,325727f544d6de0435130203f6daf2f9,Malware payload
2024-02-01,Payload delivery,sha256,17379cae9071b701ab07fedac47a27a16d68fd5d84975ab5d567f8893638d38e,Malware payload
2024-02-01,Payload delivery,tlsh,t15591635a26095dbdcb94a6d7d8803ad7d76e0053e1a4ed28e4fd8f08e1ef1f10276a,
2024-02-01,Payload delivery,ssdeep,48:YxY6wvdlpkofn16Ru+FvDF4w0NhtXpk2Kp9Wo6sUHs1vFbvKzRteU3wxioorbIQ6:npkocRtxYyH97Ss1vdTHWIQMx,
2024-02-01,Other,size-in-bytes,4413,
2024-02-01,Payload delivery,mime-type,application/json,
2024-02-01,Payload delivery,md5,f3e7032f0f3074f5b4d2293798aec6f4,Malware payload
2024-02-01,Payload delivery,sha256,521b3e94816ed860e389767885fc31f4bcfd709c84b3ff129c1b68472ad1d21c,Malware payload
2024-02-01,Payload delivery,tlsh,t141916426251c0cbdc2394b93d05c7aa76bae027390d4fd2898bd5f4ca5ff2b141769,
2024-02-01,Payload delivery,ssdeep,96:jjrekxq8pVFawTH9o2nTv71vzhHtsIZhSiR+:jjrvguFaA9o2nbdhNsIrSiR+,
2024-02-01,Other,size-in-bytes,4225,
2024-02-01,Payload delivery,mime-type,application/json,
2024-02-01,Payload delivery,md5,fca9e83df24c55cbe35d8c3aec7cda85,Malware payload (Amadey)
2024-02-01,Payload delivery,sha256,ef21d3cbdde09f64c2200fdd0fee0b3fb5f7e101f996ec47cf335b30343be7c3,Malware payload (Amadey)
2024-02-01,Payload delivery,tlsh,t15b0523ef5136cd12d3317df0a5a1699e8b2cfeafa48cae04173f668618741ed4b065,
2024-02-01,Payload delivery,imphash,7515ecf8c0dfa4d230ad835fe0acb57f,
2024-02-01,Payload delivery,ssdeep,24576:Zbu3e3VNiSwsnVwQ66icoECgRzRnQ3v0lqXMXH:Q3ev0snVlJoEB9QcqXq,
2024-02-01,Other,size-in-bytes,809984,
2024-02-01,Payload delivery,mime-type,application/x-dosexec,
2024-02-01,Payload delivery,md5,ebab8016c97c7a189dde231c9841cba0,Malware payload
2024-02-01,Payload delivery,sha256,0dcc40112d824e41c9dd70a6c5ba760fe93d6430a4fa4d75b895bc239163b44e,Malware payload
2024-02-01,Payload delivery,tlsh,t10da1979712685c7ccf24c7d645da3aab97ed0017a2a4ac14eded5f0c91ff8b10266d,
2024-02-01,Payload delivery,ssdeep,48:Yxg3SPhJSPdqKkY7EbnlUQl2qhpk6nYK+zobgDF4w0dM0tXcg/i2up9WXibUfi1+:QOUkBtKCz93Ei1vnfYptkQBP,
2024-02-01,Other,size-in-bytes,4788,
2024-02-01,Payload delivery,mime-type,application/json,
2024-02-01,Payload delivery,md5,1b9778e63437fc45ff7914c103e04584,Malware payload
2024-02-01,Payload delivery,sha256,77e0cbfb78b01f4738396a1b020375f0f12288fe15ae5f671089af16dd3fb4ab,Malware payload
2024-02-01,Payload delivery,tlsh,t11d9194b7162c4cbcca1487d795903b87567f41a7e094ae68b9b88f0ce0fe1f51136a,
2024-02-01,Payload delivery,ssdeep,48:Yx5AvwlYYwKKbsJkmnh+0DFU0omOtXxR23p9WtY2UKJ1vybaKqRrC3wxioi/xdtE:YAvwltkv0S7U9/2FJ1vu8iztE,
2024-02-01,Other,size-in-bytes,4323,
2024-02-01,Payload delivery,mime-type,application/json,
2024-02-01,Payload delivery,md5,7215d98fc537a42fa7a509fd83c900f2,Malware payload
2024-02-01,Payload delivery,sha256,6d0b016897780bc2cbd1264bdffcb3af582d664996005fe8e7ef7a1ab127799a,Malware payload
2024-02-01,Payload delivery,tlsh,t135a1869f61692cbccb1487d259d53e8787ed0053a298ac18fced6f0c92fe8b103659,
2024-02-01,Payload delivery,ssdeep,48:Yxg3SPhJSPdqKkY7EbnlUQl2Nhpk6nYK+z9SPmDF4w0dM0tXDSPGo2up9WvseNEm:QOPkBIeKezz9EEEi1vZhYjBLdP,
2024-02-01,Other,size-in-bytes,4940,
2024-02-01,Payload delivery,mime-type,application/json,
2024-02-01,Payload delivery,md5,55289f24ae5416eaef50fa7a456210d3,Malware payload
2024-02-01,Payload delivery,sha256,c2768c433b8f7cb8e26cf014b1d370bea42d1d57fe81cc0a19fa55052f697acd,Malware payload
2024-02-01,Payload delivery,tlsh,t1e7a1a7ab65795cbcc724c7d695d63e8357ed0013a2e4ad14ecac5f0c91fe8b10369a,
2024-02-01,Payload delivery,ssdeep,48:Yxg3SPhJSPdqKkY7EbnlUQl2Chpk6nYK+zMlFDF4w0dM0tXqlNjT2up9WMTv0mUm:QOAkB6KoTz9DEi1vgQYmzTP,
2024-02-01,Other,size-in-bytes,4860,
2024-02-01,Payload delivery,mime-type,application/json,
2024-02-01,Payload delivery,md5,01ed2299ae340925a807b441030a0f88,Malware payload
2024-02-01,Payload delivery,sha256,8898437a73c5b84df6497f4e94a16026cf767d7c5346810d8a37697146336e4f,Malware payload
2024-02-01,Payload delivery,tlsh,t15e9195f7b0255eb8c61fc5ea56a938cfcabc001390745c1ce59e4b4b88fe1b513239,
2024-02-01,Payload delivery,ssdeep,96:XGOr9k0yan4wgaBSQcsTN9+BMOy0G1vRctHsz9UAeGG5G4qVXr:o0049rVGmlH4I,
2024-02-01,Other,size-in-bytes,4529,
2024-02-01,Payload delivery,mime-type,application/json,
2024-02-01,Payload delivery,md5,96b4c477e806341f3346972a7245a56a,Malware payload
2024-02-01,Payload delivery,sha256,d445a830276796e5e3ee8dec8e64a4efda88cf4c2af27eba0f5251766bd32cb3,Malware payload
2024-02-01,Payload delivery,tlsh,t17491512619386c7cc658c8ca94fc3d4f567e105bf1609c14a6de8e0ae2ff1f183a61,
2024-02-01,Payload delivery,ssdeep,96:eyLrkYOhDH5R0DWfrfT594ds1Y7g1vUreHTMsgiFE8juJeR:eyLQThr5RIWfrt94ds1Y7FrezMsgiFEq,
2024-02-01,Other,size-in-bytes,4614,
2024-02-01,Payload delivery,mime-type,application/json,
2024-02-01,Payload delivery,md5,6c1a4e962283823b7933d6d77d813122,Malware payload
2024-02-01,Payload delivery,sha256,91b25b3654fccca6dff866dbce0a3a2bd0d1c82f1f2d620d311c7f09d0df8740,Malware payload
2024-02-01,Payload delivery,tlsh,t1d141dd7ccf29f8e0033db0a088492e2620949e57d6f58e24d9574ee62d7c24acf1b1,
2024-02-01,Payload delivery,ssdeep,48:LGfEFWuJqs9HZNjd+SfprcKyK0hE6S1FtfsC5P3RX5ZWiaoIhSNtP:LGfEFW87jd+Sfpbaq6S1FtfsC5P39Efu,
2024-02-01,Other,size-in-bytes,2219,
2024-02-01,Payload delivery,mime-type,text/plain,
2024-02-01,Payload delivery,md5,7d4e686be03d65d6dae523e061d34b3f,Malware payload
2024-02-01,Payload delivery,sha256,5f658d2f2f4dffdbc9d5bb6dfa52b920c382a0e18dc389e92993b225962c61d6,Malware payload
2024-02-01,Payload delivery,tlsh,t1e641dd7dcf29f8e0033db0a088492e2620949e57d6f58e24d9574ee62d7c30acf1b1,
2024-02-01,Payload delivery,ssdeep,48:LGfEFWuJqs9HZNjd+SfprcKyK0hE6S1FtfsC5P3RX5ZWiaoIhSNtVI:LGfEFW87jd+Sfpbaq6S1FtfsC5P39Efn,
2024-02-01,Other,size-in-bytes,2219,
2024-02-01,Payload delivery,mime-type,text/plain,
2024-02-01,Payload delivery,md5,e53f42ad5be339b6c87a4f12ad8db6df,Malware payload
2024-02-01,Payload delivery,sha256,e689d72a433cc1085e6af42316676db57a4e62a6ac44c701f8abd4ff0722383c,Malware payload
2024-02-01,Payload delivery,tlsh,t10fa1965b31551cbc862487eb98e13e8b97bd00a3a1c4ac18b8ed5f5c96fe8f103769,
2024-02-01,Payload delivery,ssdeep,48:Yxg3SPhJSPdqKkY7EbnlUQl2VgRifk/n0+aWKSPmDF4w0biYtXDSPGq2Hp9WcseI:QOlkTaUeuef49VEMG1vHRAIYPA/t,
2024-02-01,Other,size-in-bytes,4922,
2024-02-01,Payload delivery,mime-type,application/json,
2024-02-01,Payload delivery,md5,66c7f0a530cbf751558eb53d868123cb,Malware payload
2024-02-01,Payload delivery,sha256,7a3ba5780172e0bf35147999dc49e95ee5f87d20a46f6325bc7fa0c832703741,Malware payload
2024-02-01,Payload delivery,tlsh,t151a1759f11692cbcca1487d659d93f9797ed0053a2a8ac18bced5f0c92fe4b103659,
2024-02-01,Payload delivery,ssdeep,48:Yxg3SPhJSPdqKkY7EbnlUQl2johpk6nYK+z9SPmDF4w0dM0tXDSPGo2up9WvseNB:QO5skBIeKezz9EEEi1vZhYQEdP,
2024-02-01,Other,size-in-bytes,4940,
2024-02-01,Payload delivery,mime-type,application/json,
2024-02-01,Payload delivery,md5,2568512ece2dd6b34651d00742c05cbf,Malware payload
2024-02-01,Payload delivery,sha256,d616b363c4cad13a8cc4c01d6143fa6efc59f518c074e0baa17825e4da7d098a,Malware payload
2024-02-01,Payload delivery,tlsh,t196a197ab31550cbcc52987ea94e13f8b47bc01635494ec28a4ac5f5c92ff9f1437ad,
2024-02-01,Payload delivery,ssdeep,48:Yxg3SPhJSPdqKkY7EbnlUQl2nRifk/n0+aWCDF4w0biYtXnQbZ2Hp9WjyUxG1vC7:QOCkTa1uAbZ49bMG1vCb8vbJAPl,
2024-02-01,Other,size-in-bytes,5005,
2024-02-01,Payload delivery,mime-type,application/json,
2024-02-01,Payload delivery,md5,ea569a2c0342721fd48105c9d3b25832,Malware payload
2024-02-01,Payload delivery,sha256,8b93317e5cd2798ddc84ac12a4134196318662307b58a665467a1f41ccd3aef1,Malware payload
2024-02-01,Payload delivery,tlsh,t129a1749732554cbc8b2487eb94e63eab47ad0073a0949c28e9ed5f5c91ff8f10276d,
2024-02-01,Payload delivery,ssdeep,48:Yxg3SPhJSPdqKkY7EbnlUQl2sRifk/n0+aWHbgDF4w0biYtXcgFi2Hp9WoibUxGo:QOjkTaRug49KMG1v5vAD0w,
2024-02-01,Other,size-in-bytes,4769,
2024-02-01,Payload delivery,mime-type,application/json,
2024-02-01,Payload delivery,md5,56784664bdd7671c1132db930c7f69bc,Malware payload
2024-02-01,Payload delivery,sha256,2a8d5ab70412a6736bb28ef830e5638a012924d2daecd3d17c1a856d2e06bc61,Malware payload
2024-02-01,Payload delivery,tlsh,t1707633b6a541107bd46818fc6987a2accb2327650e3dbd7451c8624c3f2b6f6df498,
2024-02-01,Payload delivery,imphash,884310b1928934402ea6fec1dbd3cf5e,
2024-02-01,Payload delivery,ssdeep,196608:p66970k98wf0+c51vW8BiChgEjuRtHfx4HliX:p6Uok9Nc51vni6AzIq,
2024-02-01,Other,size-in-bytes,7487144,
2024-02-01,Payload delivery,mime-type,application/x-dosexec,
2024-02-01,Payload delivery,md5,448d243578e7da2454098a43ab04f4ad,Malware payload
2024-02-01,Payload delivery,sha256,2fd96ef9fb5cc02917aadf565f393da08208210fbddbc3007aa5cc06213bf9d2,Malware payload
2024-02-01,Payload delivery,tlsh,t1a6a1859712685dbc8b14cbd754da3aab83ed0053a2a4ac14eded5f0c91ff8b502669,
2024-02-01,Payload delivery,ssdeep,48:Yxg3SPhJSPdqKkY7EbnlUQl2thpk6nYK+zobgDF4w0dM0tXcg/i2up9WXibUfi1O:QOvkBtKCz93Ei1vnfY8ZVcNP,
2024-02-01,Other,size-in-bytes,4788,
2024-02-01,Payload delivery,mime-type,application/json,
2024-02-01,Payload delivery,md5,e4f9b7e988f84da331cd516ff4f5ee14,Malware payload
2024-02-01,Payload delivery,sha256,c51bed509e986e2300455fa9b3c7e017644d3e2db15d70b56cb804798f8a56e6,Malware payload
2024-02-01,Payload delivery,tlsh,t1ff91327162180c7d873882d6b4557ad767be0267a0d4ac28a8ed4f0cb7ff1f205b55,
2024-02-01,Payload delivery,ssdeep,48:YxC9t2fbZkvnY+Cs+DF4w0nltXPSjeUT2Gp9WnTUd81vdE7b/KcRezbC3wxioor6:GbZknCs+w/05TH9I681vdEHAbpZcNHO,
2024-02-01,Other,size-in-bytes,4238,
2024-02-01,Payload delivery,mime-type,application/json,
2024-02-01,Payload delivery,md5,1c357b4ba377b8620d932d029171d1d2,Malware payload
2024-02-01,Payload delivery,sha256,e7172ace390d5bfbb7ca4a97b2a7b5852477177d7be3a42071a1e156a31c764d,Malware payload
2024-02-01,Payload delivery,tlsh,t178917526251c0cbec6394bd2a05c76d767ae0273a094fd2888bd9f4ca5ff2b141769,
2024-02-01,Payload delivery,ssdeep,96:jjqgekxq8pVFawTH9o2nTv71vzhHtsIZhXxbR+:jjqgvguFaA9o2nbdhNsIrXtR+,
2024-02-01,Other,size-in-bytes,4215,
2024-02-01,Payload delivery,mime-type,application/json,
2024-02-01,Payload delivery,md5,6ae529676c45e2f39b4ffd300468eafc,Malware payload
2024-02-01,Payload delivery,sha256,37be6944f35f9f69f332a7a05135ca6bd9aa2b239e8bfb79aee49729ddf47d51,Malware payload
2024-02-01,Payload delivery,tlsh,t14c91a7b7152c4cbc8a2487d7e5943bd796bf4167e0949d68f8b88f08e0fe1f50136a,
2024-02-01,Payload delivery,ssdeep,96:YAvwlpkvQISnya0o9HT2FJ1vltPBiCNsUnE:YAvtXo9z2FBiCvE,
2024-02-01,Other,size-in-bytes,4339,
2024-02-01,Payload delivery,mime-type,application/json,
2024-02-01,Payload delivery,md5,90af626c3430bef92f63475c9a06aa72,Malware payload
2024-02-01,Payload delivery,sha256,1e9d73400503accf110fb346644f98b2cda7978d436b2f53d50d53362642da32,Malware payload
2024-02-01,Payload delivery,tlsh,t10791549a27085dbdca4496d3e5943ad7876e0493b198ed2ce8fd9f0ce1ef1f002799,
2024-02-01,Payload delivery,ssdeep,48:YxY6wg/dlpkofn16Ru+FkDFU0NhtXeV2Qp9We6T2UHs1vibvKqRteU3wxioLVsB3:wnpkocRtG9U/9K2Ss1veiHLVG1x,
2024-02-01,Other,size-in-bytes,4274,
2024-02-01,Payload delivery,mime-type,application/json,
2024-02-01,Payload delivery,md5,cd5822de7bbfde20c728515d73858064,Malware payload
2024-02-01,Payload delivery,sha256,cf5975eb39859def5feaccc30a964dcd3b6f725dc96e76a229f52dd0dec43353,Malware payload
2024-02-01,Payload delivery,tlsh,t1f0a1a5ab31554cbcc624c7ea94e23e8b57ac0073a094ed14a8bc5f5c95fe8f1427ea,
2024-02-01,Payload delivery,ssdeep,48:Yxg3SPhJSPdqKkY7EbnlUQl2pRifk/n0+aWblFDF4w0biYtXqlNBT2Hp9Wt0mUxh:QOokTaGuIT49YMG1veKAl+q48n,
2024-02-01,Other,size-in-bytes,4832,
2024-02-01,Payload delivery,mime-type,application/json,
2024-02-01,Payload delivery,md5,2870570ec24894562dd13eb653a4be03,Malware payload
2024-02-01,Payload delivery,sha256,f108d680ab96dbbf0f9de7c3872abf21d1d18ccc6666ab6a6e343984c688e723,Malware payload
2024-02-01,Payload delivery,tlsh,t15fa1969b11691cbcc724cbc295d93a8787ed0113a2a8ac14fcad5f0c82ff4b60366a,
2024-02-01,Payload delivery,ssdeep,48:Yxg3SPhJSPdqKkY7EbnlUQl2/hpk6nYK+zebDF4w0dM0tX8r82bp9WG9sYUfi1v1:QOFkBAKpg9nEi1v1/YvNtZHaVzP,
2024-02-01,Other,size-in-bytes,4971,
2024-02-01,Payload delivery,mime-type,application/json,
2024-02-01,Payload delivery,md5,a48589bd620162e1a57ce4de38b63613,Malware payload
2024-02-01,Payload delivery,sha256,680a59cc62a9a5d46982e5ff5983a189e2c1dd3ea656ffb5d68a7eb8a1955404,Malware payload
2024-02-01,Payload delivery,tlsh,t1a491527562180d7e833482d7b4557ad367be0267a0d4ac28a8ed4f0cb6ff1f205b69,
2024-02-01,Payload delivery,ssdeep,96:2bZknCs+w/05TH9I681vdEHAbpZc73rCsO:2b21R0B9I6KEgbp+73r5O,
2024-02-01,Other,size-in-bytes,4237,
2024-02-01,Payload delivery,mime-type,application/json,
2024-02-01,Payload delivery,md5,cd0856e65f716974f034f3f82dd3b7f6,Malware payload (BumbleBee)
2024-02-01,Payload delivery,sha256,86029cd1d45413ae3639fc0ff0c81fcef99e7fd6d45c8a4ce079c6933e13d0cf,Malware payload (BumbleBee)
2024-02-01,Payload delivery,tlsh,t10545e021e6921ff4d477817681ab263bbb307e580324d3b7a7c0d3377d927a45b266,
2024-02-01,Payload delivery,imphash,47e01530ad43ec939d1c47709a80a5c6,
2024-02-01,Payload delivery,ssdeep,24576:SxOU/7+LUu4af1WAiwdwjUWHWQuONnh7AC2Dq+FRPa8DacrDSE:YKVvxa4s0HBaciE,
2024-02-01,Other,size-in-bytes,1223183,
2024-02-01,Payload delivery,mime-type,application/x-dosexec,
2024-02-01,Payload delivery,md5,f0dbce37e44e122dbf623002a7d608cd,Malware payload
2024-02-01,Payload delivery,sha256,f0e71ee7fb32dfa819e503106a581fa5f39fb1ab7beff11752bf274cf0daf2f8,Malware payload
2024-02-01,Payload delivery,tlsh,t1fca1c7ab35564cbcca2487ea98d13e8b57ad00b39194ec14f8ec5f4c81fe8f103799,
2024-02-01,Payload delivery,ssdeep,48:Yxg3SPhJSPdqKkY7EbnlUQl2LRifk/n0+aW0DF4w0biYtXnR2Hp9WO8ZUxG1v+bF:QOSkTa1uh49AMG1vSmA10s,
2024-02-01,Other,size-in-bytes,4855,
2024-02-01,Payload delivery,mime-type,application/json,
2024-02-01,Payload delivery,md5,65be56b2cc69e12cf014919db8f592c7,Malware payload
2024-02-01,Payload delivery,sha256,eda44da44ad911d132a560f8113799c251825994a3e9794ba22bfab3ad4c14a3,Malware payload
2024-02-01,Payload delivery,tlsh,t17491759926095ebcca5496e3e8503ad7876e1093f098dd2cd4fc9f08e1ef1f04276a,
2024-02-01,Payload delivery,ssdeep,48:YxY6wXdlpkofn16Ru+FzvDFU0NhtXN3rm/2xp9WhHp6Y2UHs1vhmObvK3moRteU6:PpkocRtp9hEA9Sr2Ss1vhPMeHLb4p0x,
2024-02-01,Other,size-in-bytes,4273,
2024-02-01,Payload delivery,mime-type,application/json,
2024-02-01,Payload delivery,md5,57127d72840bfb347efa8184430c807a,Malware payload
2024-02-01,Payload delivery,sha256,3a5bf218c9b69d45ad24550b21339fcc4ffd1241e4d0a2f5955d6afe07ead7fd,Malware payload
2024-02-01,Payload delivery,tlsh,t1c69154aa27095dbcc65496e3d5943ad7876e0093f194ed2ce8fd9f08e1ef1f00279a,
2024-02-01,Payload delivery,ssdeep,48:YxY6w5Wdlpkofn16Ru+FkDFU0NhtXeV2Qp9We6T2UHs1vibvKqRteU3wxioLsTeZ:pGpkocRtG9U/9K2Ss1veiHLMeLrx,
2024-02-01,Other,size-in-bytes,4274,
2024-02-01,Payload delivery,mime-type,application/json,
2024-02-01,Payload delivery,md5,612a2ec9f0fec840156e6ba6071517e3,Malware payload
2024-02-01,Payload delivery,sha256,5e6b5a06c361914996e56f67eb1dc51a5d355b63fff7437b67e3a564f55f95e6,Malware payload
2024-02-01,Payload delivery,tlsh,t13fa1a6ab35664c7cca2487ea98e13e8b57ad01b3a194dc14b9ac5f4891fe8f103799,
2024-02-01,Payload delivery,ssdeep,48:Yxg3SPhJSPdqKkY7EbnlUQl2kRifk/n0+aW0DF4w0biYtXnR2Hp9WO8ZUxG1v+bv:QOHkTa1uh49AMG1vSmA3xj5,
2024-02-01,Other,size-in-bytes,4866,
2024-02-01,Payload delivery,mime-type,application/json,
2024-02-01,Payload delivery,md5,d95f343de24dedceb06f8535ab88f850,Malware payload
2024-02-01,Payload delivery,sha256,050236254aafd1ee8e7b43bf4bacefabf7f09efec663942f5587ab4f2d81d9b3,Malware payload
2024-02-01,Payload delivery,tlsh,t14aa184eb65251cbcca18c7c694d93b8797fc011352a8ec28b89c5b0c92ff97152669,
2024-02-01,Payload delivery,ssdeep,48:Yxg3SPhJSPdqKkY7EbnlUQl2kxhpk6nYK+z1DF4w0dM0tXnGbZ2up9WSgyUfi1vF:QOyBkBhKWbZz9BEi1vUb8pbbYrLMP,
2024-02-01,Other,size-in-bytes,5033,
2024-02-01,Payload delivery,mime-type,application/json,
2024-02-01,Payload delivery,md5,507525a64102b89cb1a8f1a86cdf6b02,Malware payload (RiseProStealer)
2024-02-01,Payload delivery,sha256,0623e6c5c164bc400ccc4b172b4bd9a56fce014ff347d6abe2f377be6fdcea47,Malware payload (RiseProStealer)
2024-02-01,Payload delivery,tlsh,t1244533a725274264ca70fa3983d950f827acbe5c9b02077b396bc698d2f421d7353e,
2024-02-01,Payload delivery,imphash,5ab723dc8d5af21b79dc301ed6a56a64,
2024-02-01,Payload delivery,ssdeep,24576:54W4uu2s2E/7g/jjWzf2wQ4RHW/nSuM9UDP966ziuv:5Jfu2nE8/uyl4R2/Suqitziuv,
2024-02-01,Other,size-in-bytes,1196032,
2024-02-01,Payload delivery,mime-type,application/x-dosexec,
2024-02-01,Payload delivery,md5,9a226cd0f40b74d044042cedfa81642d,Malware payload
2024-02-01,Payload delivery,sha256,240676a513f7cf7a75ebe1bea05bca9332aaa1d3164a5a0ff6ac3e27c8fe19fe,Malware payload
2024-02-01,Payload delivery,tlsh,t1a6a1a5ab31550cbc86248bea94e53e4b87ad0173a194ed18f8ed4f4c85ff8f5037a9,
2024-02-01,Payload delivery,ssdeep,48:Yxg3SPhJSPdqKkY7EbnlUQl2vRifk/n0+aW/bDF4w0biYtX8rG2xp9WoKsYUxG1p:QOakTakuNe9yMG1vbDAdUOANTwE,
2024-02-01,Other,size-in-bytes,4953,
2024-02-01,Payload delivery,mime-type,application/json,
2024-02-01,Payload delivery,md5,18154bbf4ffce229b9acfd11a2d357c9,Malware payload
2024-02-01,Payload delivery,sha256,ed5d7bdc85ad5d31484b8bc03d6ebe13e1cc980fd9f715a845821c12c72e8994,Malware payload
2024-02-01,Payload delivery,tlsh,t165a1d6ab35554cbcc624c7ea94e23e4713ac00b7a1d4ed18e8ac4f5c90fe8f1037aa,
2024-02-01,Payload delivery,ssdeep,48:Yxg3SPhJSPdqKkY7EbnlUQl2RPRifk/n0+aWblFDF4w0biYtXqlNBT2Hp9Wt0mU7:QOgkTaGuIT49YMG1veKAkOTii,
2024-02-01,Other,size-in-bytes,4832,
2024-02-01,Payload delivery,mime-type,application/json,
2024-02-01,Payload delivery,md5,4bdfe9c249c2398bfacef224608eb8c3,Malware payload (RiseProStealer)
2024-02-01,Payload delivery,sha256,98afd97bd9afb9bf5dd78097020f0d1ac1b60fae3986309311ef1b766ec037d9,Malware payload (RiseProStealer)
2024-02-01,Payload delivery,tlsh,t1114533d501076010d43171b98898415cfaf57efe4ba826254e9f87262fe4edfab8bb,
2024-02-01,Payload delivery,imphash,5ab723dc8d5af21b79dc301ed6a56a64,
2024-02-01,Payload delivery,ssdeep,24576:v8HMuWKgRGJRfM0zoIF8jwQvyEvO/fkrZbmNrU0W0R8YOV:kHMuWdRG3k0zpFmlY/fkrZSgulO,
2024-02-01,Other,size-in-bytes,1195520,
2024-02-01,Payload delivery,mime-type,application/x-dosexec,
2024-02-01,Payload delivery,md5,b69f009651fc3ae4c925465200487035,Malware payload
2024-02-01,Payload delivery,sha256,34a7fe2f22dce2e2b3fad5e2e1b7be68ee930daa8cc56821d4adeaa7c5a59819,Malware payload
2024-02-01,Payload delivery,tlsh,t1a8a194ab55795cbccf14c7d695c93a8793ed015363a8ec18bdec6f0c82ef8a102659,
2024-02-01,Payload delivery,ssdeep,48:Yxg3SPhJSPdqKkY7EbnlUQl2lhpk6nYK+z1DF4w0dM0tXnT2up9WSFo8ZUfi1vAc:QOzkB5KDz9vLEi1vYYYtiP,
2024-02-01,Other,size-in-bytes,4884,
2024-02-01,Payload delivery,mime-type,application/json,
2024-02-01,Payload delivery,md5,6d82ab137e612ddc178eb294bb624f94,Malware payload
2024-02-01,Payload delivery,sha256,67fc6a82891a4d4f15d61b2e3cc12b22aff000b4ec67fbd01f0634f59b101789,Malware payload
2024-02-01,Payload delivery,tlsh,t16f91762561180cbe8628869be4447ff35bee05a391d4ec28d4be9f5ca0ff6f111765,
2024-02-01,Payload delivery,ssdeep,96:zOzOe+km7O8ZlOFKiwTH9DnT71vfihHxisoZ54eD4+:GPHKT9TTx+RJoD4eD3,
2024-02-01,Other,size-in-bytes,4262,
2024-02-01,Payload delivery,mime-type,application/json,
2024-02-01,Payload delivery,md5,153b559df50ced2087c9bee61f929da2,Malware payload
2024-02-01,Payload delivery,sha256,8f2a1dc001d0541ee74994c185b10232478f0c17d7232f8175be993a719b02f0,Malware payload
2024-02-01,Payload delivery,tlsh,t1bd76333368e4ad75da636ff45ac8d90cf83bae4558bcd616f0bc711499a3e820d0ee,
2024-02-01,Payload delivery,imphash,884310b1928934402ea6fec1dbd3cf5e,
2024-02-01,Payload delivery,ssdeep,196608:1MC3FoKCHe7qjYPc9+yqreK8iMVuSRM2/9KExIiX:1dFoKKe7MqByeAumD/9KEWq,
2024-02-01,Other,size-in-bytes,7287565,
2024-02-01,Payload delivery,mime-type,application/x-dosexec,
2024-02-01,Payload delivery,md5,3162c09ab2002987b1a5d1dc45f27183,Malware payload (Amadey)
2024-02-01,Payload delivery,sha256,baae54b22382156a9ebd746388451f337adde54ae71cadd7addaf60ea5044d59,Malware payload (Amadey)
2024-02-01,Payload delivery,tlsh,t1f00523bf5f273d90c399faf802036332995bba61c205e325da6f69271d584dd2b431,
2024-02-01,Payload delivery,imphash,7515ecf8c0dfa4d230ad835fe0acb57f,
2024-02-01,Payload delivery,ssdeep,24576:xlRkm9nkwQNBaWnBCqYgV1SDyR5QnQ3v0lIc:xlP9nklNBaWntYI8D+5QQcl,
2024-02-01,Other,size-in-bytes,809984,
2024-02-01,Payload delivery,mime-type,application/x-dosexec,
2024-02-01,Payload delivery,md5,a8d2c4aba43f1a5ad3ac424e962a764b,Malware payload
2024-02-01,Payload delivery,sha256,bd821462d0e09691dc4979b7f91c64886c121ce9c8c37f372737449ea63efca3,Malware payload
2024-02-01,Payload delivery,tlsh,t1e2159e0273d1c062ffab92334b5af6515bbc69260123e61f13981db9be701b1563e7,
2024-02-01,Payload delivery,imphash,948cc502fe9226992dce9417f952fce3,
2024-02-01,Payload delivery,ssdeep,12288:gqDEvFo+yo4DdbbMWu/jrQu4M9lBAlKhQcDGB3cuBNGE6iOrpfe4JdaDga9T/:gqDEvCTbMWu7rQYlBQcBiT6rprG8a5/,
2024-02-01,Other,size-in-bytes,918016,
2024-02-01,Payload delivery,mime-type,application/x-dosexec,
2024-02-01,Payload delivery,md5,bb12d66e9a285ba16a2b89f37742e726,Malware payload
2024-02-01,Payload delivery,sha256,710b07c98f63528d17067f86356538e5f7bddea37c31f4781455a41b6566f43a,Malware payload
2024-02-01,Payload delivery,tlsh,t1cba1a5ab15695cbccb14c7c295c93a9793ed015363a4ac18bded6f0c82fe8b143659,
2024-02-01,Payload delivery,ssdeep,48:Yxg3SPhJSPdqKkY7EbnlUQl2chpk6nYK+z1DF4w0dM0tXnT2up9WSFo8ZUfi1vAE:QOKkB5KDz9vLEi1vYYYLQP,
2024-02-01,Other,size-in-bytes,4874,
2024-02-01,Payload delivery,mime-type,application/json,
2024-02-01,Payload delivery,md5,6cf3eb29fa1921908ac34fe1f1ab6563,Malware payload
2024-02-01,Payload delivery,sha256,4d68f4b8ae1c3f8c9e06ab683a48ed09008d85ab3135241082b942d1947bc697,Malware payload
2024-02-01,Payload delivery,tlsh,t14ca1749732554cbc8b2487ea94e63eab47ad1073a094ac24a9ed5f4c91ff8f10276d,
2024-02-01,Payload delivery,ssdeep,48:Yxg3SPhJSPdqKkY7EbnlUQl2KRifk/n0+aWHbgDF4w0biYtXcgFi2Hp9WoibUxGu:QOBkTaRug49KMG1v5vAPGG,
2024-02-01,Other,size-in-bytes,4780,
2024-02-01,Payload delivery,mime-type,application/json,
2024-02-01,Payload delivery,md5,68a082b5ece4648eef141f5bcfabc3b4,Malware payload
2024-02-01,Payload delivery,sha256,6b5aa7bb874c0a5f424031a1247b489409b7c78a89a6299e4450c65379763d65,Malware payload
2024-02-01,Payload delivery,tlsh,t10f918622251c0cbec6294b93e05c76d76bee02779084fd2898bd9f0ca5ff2b141769,
2024-02-01,Payload delivery,ssdeep,96:jjIekxq8pVFawTH9o2nTv71vzhHtsIZh1LH5R+:jjIvguFaA9o2nbdhNsIr1tR+,
2024-02-01,Other,size-in-bytes,4215,
2024-02-01,Payload delivery,mime-type,application/json,
2024-02-01,Payload delivery,md5,439db8a4fc269ae16415a74f9f8a04c9,Malware payload
2024-02-01,Payload delivery,sha256,0b80b40272dcec73df6575c6cc130efe6777181f8d7a612e2210599ee10dee48,Malware payload
2024-02-01,Payload delivery,tlsh,t1c1a1b56b35650cbcc624c7ea94e23e4b57ac00b7a194ad14e8ac5f5c91fe8f1037ea,
2024-02-01,Payload delivery,ssdeep,48:Yxg3SPhJSPdqKkY7EbnlUQl2wRifk/n0+aWblFDF4w0biYtXqlNBT2Hp9Wt0mUxK:QOPkTaGuIT49YMG1veKAdMso,
2024-02-01,Other,size-in-bytes,4831,
2024-02-01,Payload delivery,mime-type,application/json,
2024-02-01,Payload delivery,md5,ff8423c213bb4edafb7337a2f7197784,Malware payload
2024-02-01,Payload delivery,sha256,9c4fc248a9cd3dc51809eaee66046d47b5cd863d84d74e2889497d75730a6b90,Malware payload
2024-02-01,Payload delivery,tlsh,t167a1869712685cbc8b14c7d780da3aab83ed0053a2a4ac14aded5f0c91ff8b50266d,
2024-02-01,Payload delivery,ssdeep,48:Yxg3SPhJSPdqKkY7EbnlUQl22hpk6nYK+zobgDF4w0dM0tXcg/i2up9WXibUfi1f:QOMkBtKCz93Ei1vnfYZYO0hKSP,
2024-02-01,Other,size-in-bytes,4798,
2024-02-01,Payload delivery,mime-type,application/json,
2024-02-01,Payload delivery,md5,3424ff9df4ae398c94d6017086b351e7,Malware payload
2024-02-01,Payload delivery,sha256,cd2a7e63ab373416efd09fc28a87a2d32383b687f4ab05958722055adc6b3ae4,Malware payload
2024-02-01,Payload delivery,tlsh,t1899175fb71255ebcc51fc5ee96a938cecabd001390705c2ce5aa4b0b88fe1b513639,
2024-02-01,Payload delivery,ssdeep,96:XGm9k0yan4wgaBSQcsTN9+BMOy0G1vRctHsz9UAeGaqOxVXr:a0049rVGmlaqU,
2024-02-01,Other,size-in-bytes,4539,
2024-02-01,Payload delivery,mime-type,application/json,
2024-02-01,Payload delivery,md5,3d19f3a7f3b2bf17cd2979284db40396,Malware payload
2024-02-01,Payload delivery,sha256,458569c54f6cde77609579e5554e6dcfbc958467e34ccb2349c22eeff4c5ce7a,Malware payload
2024-02-01,Payload delivery,tlsh,t136d4235a9d476a39ef949b709808821d1197ef33beb4d35b0340b61f637fa872c66c,
2024-02-01,Payload delivery,imphash,af02ce4a4548e322a95ca15cb9608683,
2024-02-01,Payload delivery,ssdeep,12288:8HLUMuiv9RgfSjAzRty26xGJeMTE3Z2ap4srKWLZS:WtARD6EAMC41V,
2024-02-01,Other,size-in-bytes,603120,
2024-02-01,Payload delivery,mime-type,application/x-dosexec,
2024-02-01,Payload delivery,md5,6590ff5a44064e26da187d5ea0694ac5,Malware payload
2024-02-01,Payload delivery,sha256,54cddd16403a6e468fd5eadab8a654f577d7683fbbff11ecf0f53bcf666c4507,Malware payload
2024-02-01,Payload delivery,tlsh,t1b6928f35a8a1641b4037d8f9356fa28df82194078c4744a4b11f412dcbf6e934baff,
2024-02-01,Payload delivery,ssdeep,384:OftrMf+F0e0H3ns2W6E45wse5QjuFwgzxdaqlU4:tIn0H3nsh6tOseQZgraqb,
2024-02-01,Other,size-in-bytes,19559,
2024-02-01,Payload delivery,mime-type,text/html,
2024-02-01,Payload delivery,md5,134f7f8c81986aee41f40d23dda0be3b,Malware payload
2024-02-01,Payload delivery,sha256,0078d54b1973a90ebc0e350f7f1d0522b33ba8bd5cb7b87fcdffec7092a1eeb6,Malware payload
2024-02-01,Payload delivery,tlsh,t145a174ab31550cacc62987da94e53f8b57bd01639494ec24a49c9f5c92ff8f1037ad,
2024-02-01,Payload delivery,ssdeep,48:Yxg3SPhJSPdqKkY7EbnlUQl2DRifk/n0+aWCDF4w0biYtXnQbZ2Hp9WjyUxG1vCp:QOSkTa1uAbZ49bMG1vCb8vbJAqYrt,
2024-02-01,Other,size-in-bytes,5005,
2024-02-01,Payload delivery,mime-type,application/json,
2024-02-01,Payload delivery,md5,f7585c4235aa5faa059b135615a5a890,Malware payload
2024-02-01,Payload delivery,sha256,24ff1ce302e7e19e56834991a7aa05d63f74180c53a0e5bc6390df436e263064,Malware payload
2024-02-01,Payload delivery,tlsh,t14c41dc7ccf29f8e0033db0a088492e2620949e57d6f58e24d9574ee62d7c20acf2b1,
2024-02-01,Payload delivery,ssdeep,48:LGfEFWuJqs9HZNjd+SfprcKyK0hE6S1FtfsC5P3RX5ZWiaoIhSNtk:LGfEFW87jd+Sfpbaq6S1FtfsC5P39Ef9,
2024-02-01,Other,size-in-bytes,2219,
2024-02-01,Payload delivery,mime-type,text/plain,
2024-02-01,Payload delivery,md5,e8ea953dea5e80a0a2e47a2c566faf10,Malware payload (Stealc)
2024-02-01,Payload delivery,sha256,08a46a5b2503d5023fe60b0aecfd85149070eaa351bf3246e0dde12614957801,Malware payload (Stealc)
2024-02-01,Payload delivery,tlsh,t1e714bf253ae0d072eae745766c74d6a0e93fbc72fa75814f76482b1f3d322d18a253,
2024-02-01,Payload delivery,imphash,762b6c41f88b6fa0c86015ba9e6e2f6f,
2024-02-01,Payload delivery,ssdeep,3072:1JC0bLfUkY5yFcuxK40X9IBHk9Z1GO/kX37ezLtLxua5uHaoOx6TNm5:HC6LdY5QvWX51F/4LCKHaoOl,
2024-02-01,Other,size-in-bytes,192000,
2024-02-01,Payload delivery,mime-type,application/x-dosexec,
2024-02-01,Payload delivery,md5,04ae437d7b980d3857ec40f6cfd7c287,Malware payload
2024-02-01,Payload delivery,sha256,5fa89fe95f27f122363a3499adcede525062931738e4fbaae74b42e60b0abb8d,Malware payload
2024-02-01,Payload delivery,tlsh,t19c763311f28664f8d251dc729ffa5a218b27ef96fcb0c304275f99158af2a43560f2,
2024-02-01,Payload delivery,imphash,884310b1928934402ea6fec1dbd3cf5e,
2024-02-01,Payload delivery,ssdeep,196608:RpnXYqCxgN9/oPJNQn7CEwm6tPS46FD72iX:DToIoNaFDaq,
2024-02-01,Other,size-in-bytes,7467332,
2024-02-01,Payload delivery,mime-type,application/x-dosexec,
2024-02-01,Payload delivery,md5,325ac8de2856a8af4b48cdc14e987250,Malware payload
2024-02-01,Payload delivery,sha256,22e331f7be806b5b2ab482d3e3f01dc790a3a189c4668d40408ed37bd077505c,Malware payload
2024-02-01,Payload delivery,tlsh,t1b691b5b7162c4cadca2487d385903b97567f81a7e0949e68b9a88f0ce0fe1b51137a,
2024-02-01,Payload delivery,ssdeep,48:Yx5AvwlYYwhKbsJkmnh+0DFU0omOtXxR23p9WtY2UKJ1vybaKqRrC3wxioiMVYRh:YAvwlekv0S7U9/2FJ1vu8iMVI4E,
2024-02-01,Other,size-in-bytes,4323,
2024-02-01,Payload delivery,mime-type,application/json,
2024-02-01,Payload delivery,md5,20fb745ba200fa7367bccb28f3852255,Malware payload
2024-02-01,Payload delivery,sha256,7a55e6a691f6a80a23d200bf07f733f6286842e92135a3cc116d91192938de2a,Malware payload
2024-02-01,Payload delivery,tlsh,t1ab73124849b18b4a98b1c8dd779e1cc740c30feb7c837162bb0a55746ec869a772f7,
2024-02-01,Payload delivery,ssdeep,1536:hZ0xhzZ51e3tq971/KDY8pTEIDkeIWz6vOATj0LoY+qneocq:hZgf5lZFKDYPIgeLCZU,
2024-02-01,Other,size-in-bytes,77056,
2024-02-01,Payload delivery,mime-type,application/octet-stream,
2024-02-01,Payload delivery,md5,1ca98f97024c299ad5d280a435f98942,Malware payload
2024-02-01,Payload delivery,sha256,43ef869676cb2656b6b4a07792430e10aec6dcaa29ac6a0f434f095d66b2857c,Malware payload
2024-02-01,Payload delivery,tlsh,t156a1a99b25795cbcc724c7c655c63e8357ed005392a4ad14eced5f0c92fe8b1036aa,
2024-02-01,Payload delivery,ssdeep,48:Yxg3SPhJSPdqKkY7EbnlUQl2RbRhpk6nYK+zMlFDF4w0dM0tXqlNjT2up9WMTv0/:QOPhkB6KoTz9DEi1vgQY4qGIP,
2024-02-01,Other,size-in-bytes,4850,
2024-02-01,Payload delivery,mime-type,application/json,
2024-02-01,Payload delivery,md5,4bdc6b1fd0688214e3485c3359394776,Malware payload
2024-02-01,Payload delivery,sha256,d14661419b35b46d2c1ac294676b4fe01d0e1639911ad6223819027ca194b831,Malware payload
2024-02-01,Payload delivery,tlsh,t12432c0f40ae4f619b1a71d930df0302f6e88e4e0873262d9c79794ee481795e04b7c,
2024-02-01,Payload delivery,ssdeep,192:1n9hGwB/qZ5E8QruxTmwsUV7dYwbDSxWgjXg2mfQfyk87O0/wbWD2srIIbCpz1f8:97SZ6fix6WdYmSxrDgZYWiyIImplHc,
2024-02-01,Other,size-in-bytes,11008,
2024-02-01,Payload delivery,mime-type,application/octet-stream,
2024-02-01,Payload delivery,md5,ad2aa6f2615d162b2b2f32de79df3260,Malware payload
2024-02-01,Payload delivery,sha256,3912fd49f447f88a48a3a9f9400ed5eb1d53fb7039d19ca715f0d783e15cb5e0,Malware payload
2024-02-01,Payload delivery,tlsh,t1e7a1859732554cbccb2487ea54e63eaf47ad1073a0949c28a9ed4f4c91ff8f103769,
2024-02-01,Payload delivery,ssdeep,48:Yxg3SPhJSPdqKkY7EbnlUQl21pRifk/n0+aWHbgDF4w0biYtXcgFi2Hp9WoibUxl:QOOkTaRug49KMG1v5vA3u9Jw,
2024-02-01,Other,size-in-bytes,4780,
2024-02-01,Payload delivery,mime-type,application/json,
2024-02-01,Payload delivery,md5,729298b55797539789b4a72fd91be0a9,Malware payload
2024-02-01,Payload delivery,sha256,060e19bde130bd3507135e12e027c732565ae9ec1025ea6dfa0fed7d5a35a348,Malware payload
2024-02-01,Payload delivery,tlsh,t1d9a1879b11641cbdcb24c7c255d93a8787ed0153a2a8ad18fced5f0c82ff5b603669,
2024-02-01,Payload delivery,ssdeep,48:Yxg3SPhJSPdqKkY7EbnlUQl2Phpk6nYK+zebDF4w0dM0tX8r82bp9WG9sYUfi1vb:QO9kBAKpg9nEi1v1/YLQSm1P,
2024-02-01,Other,size-in-bytes,4971,
2024-02-01,Payload delivery,mime-type,application/json,
2024-02-01,Payload delivery,md5,1c3df9e1290a7ef1a257978fe559ca7b,Malware payload
2024-02-01,Payload delivery,sha256,d78bc5336df0cf98578fab19d6458d0899e18afe619a26b6fd86b9cdf69a575d,Malware payload
2024-02-01,Payload delivery,tlsh,t13091427222180c7e873482d6b4557ad767be0267a0d4ec28a8bd4f0cb6ff1f205b69,
2024-02-01,Payload delivery,ssdeep,96:QbZknCs+w/05TH9I681vdEHAbpZcLTnnO:Qb21R0B9I6KEgbp+LjO,
2024-02-01,Other,size-in-bytes,4238,
2024-02-01,Payload delivery,mime-type,application/json,
2024-02-01,Payload delivery,md5,2a1e6059db2dc812ef7cc19cd0eaedb2,Malware payload
2024-02-01,Payload delivery,sha256,f078fca308fb025c9582269f63ea371e35b8bc892aa397fa1f523d8e25c22ab2,Malware payload
2024-02-01,Payload delivery,tlsh,t145a1985b31151cbc862447ea98e13e8b87ad00b3a194ac18b8ed5f5c96fe8f103769,
2024-02-01,Payload delivery,ssdeep,48:Yxg3SPhJSPdqKkY7EbnlUQl2bRifk/n0+aWKSPmDF4w0biYtXDSPGq2Hp9WcseNX:QO2kTaUeuef49VEMG1vHRAl6ct,
2024-02-01,Other,size-in-bytes,4922,
2024-02-01,Payload delivery,mime-type,application/json,
2024-02-01,Payload delivery,md5,c3c68a2788bf7d87e6a0d98fbc6938e7,Malware payload
2024-02-01,Payload delivery,sha256,d1800eb52485503fa1acc1fc849780ecc00b6d606e391d219fc814d5987cfee5,Malware payload
2024-02-01,Payload delivery,tlsh,t1dfa185eb65691cbcca15c7c290d93b9797fc011352a4ec24bcac5b0c92ff9b153669,
2024-02-01,Payload delivery,ssdeep,96:QOnkBhKWbZz9BEi1vUb8pbbYyLhRFvCOP:OZ9BEQYaRFv9,
2024-02-01,Other,size-in-bytes,5023,
2024-02-01,Payload delivery,mime-type,application/json,
2024-02-01,Payload delivery,md5,5811fdc3dfbfc8f8b9bdeb991a142ef8,Malware payload
2024-02-01,Payload delivery,sha256,7cbf3f63d7bce66468d0073a8cf25e4024615f85dc2845430e29a4debe34683b,Malware payload
2024-02-01,Payload delivery,tlsh,t16c9164aa36085dbcc65496d7d5803ad7876e0493b198dd28e8fd9f08f1ef1f002769,
2024-02-01,Payload delivery,ssdeep,48:YxY6wCdlpkofn16Ru+FkDFU0NhtXeV2Qp9We6T2UHs1vibvKqRteU3wxioLyfPmJ:ipkocRtG9U/9K2Ss1veiHLAuUax,
2024-02-01,Other,size-in-bytes,4284,
2024-02-01,Payload delivery,mime-type,application/json,
2024-02-01,Payload delivery,md5,21db5cac9fc24ed7098a42fa8fc0abda,Malware payload
2024-02-01,Payload delivery,sha256,bc3a1b7f2c89f74c373cf492c1bc8328739ab0db4c470837d2f9a991649253e1,Malware payload
2024-02-01,Payload delivery,tlsh,t11a532a05b7cba321c6740ab880f3c89506f697d779b3d78a3d8552c61e12be1ca437,
2024-02-01,Payload delivery,imphash,f34d5f2d4577ed6d9ceec516c1f5a744,
2024-02-01,Payload delivery,ssdeep,1536:VfK439aue6k3P6rFNs7wk7wCeXpTnOXLwfq:Vv3Fe6ks0fm1OXr,
2024-02-01,Other,size-in-bytes,62976,
2024-02-01,Payload delivery,mime-type,application/x-dosexec,
2024-02-01,Payload delivery,md5,03cb3cce8256cc9d1afe6e1ebf18e0ea,Malware payload (Socks5Systemz)
2024-02-01,Payload delivery,sha256,2b53c25ae5c4c6dfd3ef4afa1009dc4679ac297ccd864ebacaa6318c5a612965,Malware payload (Socks5Systemz)
2024-02-01,Payload delivery,tlsh,t176763308443fd9faf9224e762567e48c503f3e155a38423c29a9bd6c5fbfd2ad1163,
2024-02-01,Payload delivery,imphash,884310b1928934402ea6fec1dbd3cf5e,
2024-02-01,Payload delivery,ssdeep,196608:LP+Cf/+k0ukXQLcjSHyInI/4WVHgHqytKxCcR1V1CiX:L2Wb09AIjSSIITSKW8Eq,
2024-02-01,Other,size-in-bytes,7286403,
2024-02-01,Payload delivery,mime-type,application/x-dosexec,
2024-02-01,Payload delivery,md5,e1c91903f9bcac699ba9439c11234b7b,Malware payload (BumbleBee)
2024-02-01,Payload delivery,sha256,420c1e93fee87e07fdd31dd87aeb4a2e1841cb7821dcefe1583f9f070f06a4af,Malware payload (BumbleBee)
2024-02-01,Payload delivery,tlsh,t17f45f111e6921fe8d476917680ab252bbb307e5c0325d3b7abc0c3377d927a45f1a7,
2024-02-01,Payload delivery,imphash,47e01530ad43ec939d1c47709a80a5c6,
2024-02-01,Payload delivery,ssdeep,24576:M/kSJKPlJI73kGeg/3Lnh/Guc8D6npAT/5F4x5us+fZ6nGpms1RNQVWr:20c2Y9zVjTox5uks1RyVu,
2024-02-01,Other,size-in-bytes,1225229,
2024-02-01,Payload delivery,mime-type,application/x-dosexec,
2024-02-01,Payload delivery,md5,0a674b8f2fc04080b2da857f6f9aec99,Malware payload (Stealc)
2024-02-01,Payload delivery,sha256,b58375afbfc0e7ad017686b34eeac43b53fd3a49954ceb69a1e0e099ea792f9c,Malware payload (Stealc)
2024-02-01,Payload delivery,tlsh,t19a14cf6439e8c0f6eae744316c75d2a06a2fbcb69f64808f7758275e3e232d15b213,
2024-02-01,Payload delivery,imphash,762b6c41f88b6fa0c86015ba9e6e2f6f,
2024-02-01,Payload delivery,ssdeep,3072:dJC0bLfUkY5yFcutLCuh0XqgkcvMZIo2SCuL5m4PXx6TNm5:vC6LdY5QvtWuyqXBOgXl,
2024-02-01,Other,size-in-bytes,192000,
2024-02-01,Payload delivery,mime-type,application/x-dosexec,
2024-02-01,Payload delivery,md5,58b4c2b79c612d1f4a81f4a74337d263,Malware payload
2024-02-01,Payload delivery,sha256,7764f23393df659edf52ae2457db64a3f362ee46baeeb0076649b2c860d037b1,Malware payload
2024-02-01,Payload delivery,tlsh,t18191522625385d7cc658c4ca94fc3d4e567d005bf1609c14a6ed8e0ae2ff1f183a61,
2024-02-01,Payload delivery,ssdeep,96:eyjrkYOhDH5R0DWfrfT594ds1Y7g1vUreHTMsgiFEpKxJeR:eyjQThr5RIWfrt94ds1Y7FrezMsgiFEZ,
2024-02-01,Other,size-in-bytes,4614,
2024-02-01,Payload delivery,mime-type,application/json,
2024-02-01,Payload delivery,md5,025a76933ac436c41909f0f385229d3e,Malware payload
2024-02-01,Payload delivery,sha256,17ccda24e12e010bf647dde2fd4bd0bc116db5fe38f25e66163c6c9474222da3,Malware payload
2024-02-01,Payload delivery,tlsh,t106a163ab32550cbcc62487e795e53e8b87ad0163a0d4ed18f4a94f4c85ff8f503ba9,
2024-02-01,Payload delivery,ssdeep,48:Yxg3SPhJSPdqKkY7EbnlUQl2PRifk/n0+aW/bDF4w0biYtX8rG2xp9WoKsYUxG1e:QOCkTakuNe9yMG1vbDAwG75,
2024-02-01,Other,size-in-bytes,4963,
2024-02-01,Payload delivery,mime-type,application/json,
2024-02-01,Payload delivery,md5,0faf17116f59ef1d5099ce7ee3292aa7,Malware payload (Smoke Loader)
2024-02-01,Payload delivery,sha256,e9ed6dac1e89a98c18050a6f82321f34b02ccbe47554485de56578ebe5387500,Malware payload (Smoke Loader)
2024-02-01,Payload delivery,tlsh,t1ee14cf617ae0c077e7bb8530e874d2a4693fbc765b74818f36582f5e2e223d18a523,
2024-02-01,Payload delivery,imphash,762b6c41f88b6fa0c86015ba9e6e2f6f,
2024-02-01,Payload delivery,ssdeep,3072:7JCULLfk1Y5ylM+u1bCvvoZdvvgzEcdp+pFDFSTqzD9uK5R15x6TNm5:lCqLsY5QPus3YdAo2Eleqz715l,
2024-02-01,Other,size-in-bytes,192000,
2024-02-01,Payload delivery,mime-type,application/x-dosexec,
2024-02-01,Payload delivery,md5,8e37bf5210ad66322e4e9adf8bcc3b5b,Malware payload
2024-02-01,Payload delivery,sha256,693d1b77de7d91491d186d4805073d71b6dd8efde3a43d01370250a517e67279,Malware payload
2024-02-01,Payload delivery,tlsh,t143b533e653f04278e92397f699010ba2239bdd535811571c1732fa9abbbf43ec090f,
2024-02-01,Payload delivery,imphash,baa93d47220682c04d92f7797d9224ce,
2024-02-01,Payload delivery,ssdeep,49152:vNvVV3ZayizN3+WTvvP+lhd6B77iCLNFVwnBJLP0Q0bf3zSTn0+WcH:1NJYpkWT33BPicDeQQaPzMWcH,
2024-02-01,Other,size-in-bytes,2348544,
2024-02-01,Payload delivery,mime-type,application/x-dosexec,
2024-02-01,Payload delivery,md5,6a63297174fc4af629d5c1b3912856a1,Malware payload
2024-02-01,Payload delivery,sha256,c00c564480af157063127ce322a05e2041eff88a3b6d061b5287b3da65237abe,Malware payload
2024-02-01,Payload delivery,tlsh,t1e3b533f71bf7aad8d8672f78436ad3581c239ca78180d5192d63f6520bbe2f01064f,
2024-02-01,Payload delivery,imphash,baa93d47220682c04d92f7797d9224ce,
2024-02-01,Payload delivery,ssdeep,49152:JIhBO5MMl3xcIIcWIQWH/v4R9YarhwpHPFVAhSyOlQTSsP2LQ:mD813nWs34R9Yaho9MSnsOL,
2024-02-01,Other,size-in-bytes,2360832,
2024-02-01,Payload delivery,mime-type,application/x-dosexec,
2024-02-01,Payload delivery,md5,028deb8ff3fdbbdc9139a28479b927eb,Malware payload
2024-02-01,Payload delivery,sha256,8fcdd4aef68acc0ba4109c73f842b6d1e553e56fe052acc6fa7015aa133da2b1,Malware payload
2024-02-01,Payload delivery,tlsh,t1b1a195ab15295cbccb14c7c695c93a8797ed015393a8ac18fded6f0c82ee8b142659,
2024-02-01,Payload delivery,ssdeep,48:Yxg3SPhJSPdqKkY7EbnlUQl2Hhpk6nYK+z1DF4w0dM0tXnT2up9WSFo8ZUfi1vAA:QOVkB5KDz9vLEi1vYYY6pP,
2024-02-01,Other,size-in-bytes,4874,
2024-02-01,Payload delivery,mime-type,application/json,
2024-02-01,Payload delivery,md5,413a926e4bdac386515d9125671514b2,Malware payload
2024-02-01,Payload delivery,sha256,e80b94fd468a9216feb0d1a8da065cc67b4b4069bc628620c51a35c73d2fe0a1,Malware payload
2024-02-01,Payload delivery,tlsh,t1de91b5a7152c4cbcca2487e7a9943bd7967f4567e0849d68f8b88f08e0fe1f11136b,
2024-02-01,Payload delivery,ssdeep,96:YAvwl7kvQISnya0o9HT2FJ1vltPBidZnE:YAvfXo9z2FBidJE,
2024-02-01,Other,size-in-bytes,4329,
2024-02-01,Payload delivery,mime-type,application/json,
2024-02-01,Payload delivery,md5,129a4ddabb027fb7cebd3d28264ae01b,Malware payload
2024-02-01,Payload delivery,sha256,5bcde434ba237ffce999b6bd004efaca691f106f22c519fa5d9e9667f39339f2,Malware payload
2024-02-01,Payload delivery,tlsh,t10291635a26085dbdcb9496d3d4843ad7d7ae0053a0a4ed2ce4fd8f08e1ef1f102b6a,
2024-02-01,Payload delivery,ssdeep,48:YxY6wOdlpkofn16Ru+FvDF4w0NhtXpk2Kp9Wo6sUHs1vFbvKzRteU3wxioorb2j0:upkocRtxYyH97Ss1vdTHW2Sx,
2024-02-01,Other,size-in-bytes,4403,
2024-02-01,Payload delivery,mime-type,application/json,
2024-02-01,Payload delivery,md5,f652a7ed544d1fdee0c38cd0b43bd593,Malware payload (Socks5Systemz)
2024-02-01,Payload delivery,sha256,251dc20962f6f250ccd72f7bfa8e685ae432213dace54d6b0f045cceebad6bc1,Malware payload (Socks5Systemz)
2024-02-01,Payload delivery,tlsh,t100763312b5c2c878e5b48fb176e0170d68237e3bdc2cb39473b985a686bb5c068117,
2024-02-01,Payload delivery,imphash,884310b1928934402ea6fec1dbd3cf5e,
2024-02-01,Payload delivery,ssdeep,196608:XMxORnjxu/pgBXn4YWrIzhPwZOcgtSjqIryiiX:XMkdjxu/poOIzxIzgtsqIfq,
2024-02-01,Other,size-in-bytes,7323643,
2024-02-01,Payload delivery,mime-type,application/x-dosexec,
2024-02-01,Payload delivery,md5,5ecdab8104bfd4c06e51696368fc0822,Malware payload
2024-02-01,Payload delivery,sha256,3ac8c440a577155af8ae70d4863ec97c06fd923a5c19138481192a5096ce1f5e,Malware payload
2024-02-01,Payload delivery,tlsh,t12491662562580cbdc628869be4443be35bee05a351d4ec28c4be9f5ca1ff5f101769,
2024-02-01,Payload delivery,ssdeep,96:zOzOa+km7O8ZlOFKiwTH9DnT71vfihHxisoZ5XV4+:iPHKT9TTx+RJoDXV3,
2024-02-01,Other,size-in-bytes,4272,
2024-02-01,Payload delivery,mime-type,application/json,
2024-02-01,Payload delivery,md5,f1c46f2c1744729333eb8798fe5025c1,Malware payload
2024-02-01,Payload delivery,sha256,bc0f7a70d089a5d0174555cb6f4724ef22529ed7b13523f17bbb8385072516eb,Malware payload
2024-02-01,Payload delivery,tlsh,t1149174aa36095ebcc65497d3e4503ad7876e1093b1a8dd2ce4fc9f08e1ef1f04276a,
2024-02-01,Payload delivery,ssdeep,48:YxY6wSdlpkofn16Ru+FzvDFU0NhtXN3rm/2xp9WhHp6Y2UHs1vhmObvK3moRteUM:SpkocRtp9hEA9Sr2Ss1vhPMeHLOzRyx,
2024-02-01,Other,size-in-bytes,4274,
2024-02-01,Payload delivery,mime-type,application/json,
2024-02-01,Payload delivery,md5,525e04cc2910d7082424f2b2a73f49c9,Malware payload
2024-02-01,Payload delivery,sha256,66959a158a33199922111d190c2200a83e0225426a61cff5f44669512cec94c9,Malware payload
2024-02-01,Payload delivery,tlsh,t145a1b8ab31664c7cca2487ea98d13a8b57ad00b39194dc14b9bd5f4c81fe8f1037a9,
2024-02-01,Payload delivery,ssdeep,48:Yxg3SPhJSPdqKkY7EbnlUQl2DRifk/n0+aW0DF4w0biYtXnR2Hp9WO8ZUxG1v+b4:QOSkTa1uh49AMG1vSmAERpP,
2024-02-01,Other,size-in-bytes,4866,
2024-02-01,Payload delivery,mime-type,application/json,
2024-02-01,Payload delivery,md5,08b5b58db0fc6cfa74a70d2888bf56c7,Malware payload
2024-02-01,Payload delivery,sha256,b65d1caa91691717eec4dc4eb8b82326e60e3f755392a7eb7d460b42de98a35f,Malware payload
2024-02-01,Payload delivery,tlsh,t1fcb533eb8f3a9281c54f2f3d520e8ea051179f8f1b2724897a29f84ddb7e3399851d,
2024-02-01,Payload delivery,imphash,baa93d47220682c04d92f7797d9224ce,
2024-02-01,Payload delivery,ssdeep,49152:/YvTzF1vZGcVwhhnXSSshKVDupDm2H36OamX5dtZhBqDqmFQ:wbjvpOhhnUhGKBzDlqJFQ,
2024-02-01,Other,size-in-bytes,2315264,
2024-02-01,Payload delivery,mime-type,application/x-dosexec,
2024-02-01,Payload delivery,md5,c3458a5f646cf834083613ea67a57e0d,Malware payload
2024-02-01,Payload delivery,sha256,0e733414b4f4d7ee6a3a4118258e4ebee7932178b4f7097a9f7ee3aa347ea4e0,Malware payload
2024-02-01,Payload delivery,tlsh,t1fca1a59f21692cbcc61487d689d93e9797ed0053a2e8ac18bced5f0c92ff4a103655,
2024-02-01,Payload delivery,ssdeep,48:Yxg3SPhJSPdqKkY7EbnlUQl2nhpk6nYK+z9SPmDF4w0dM0tXDSPGo2up9WvseNEz:QOBkBIeKezz9EEEi1vZhYu9dP,
2024-02-01,Other,size-in-bytes,4940,
2024-02-01,Payload delivery,mime-type,application/json,
2024-02-01,Payload delivery,md5,e50661f7b8b737c45fa56c8cbe8aa7a6,Malware payload
2024-02-01,Payload delivery,sha256,d258a97d8a87dec9a788e734cbeefddf41df23532c2e58aff510d022dee342e7,Malware payload
2024-02-01,Payload delivery,tlsh,t11ba1b76735654cacc624c7da94e23e8b57ad00b3a1d4ed14e8bc5f9891ee8f1037ea,
2024-02-01,Payload delivery,ssdeep,48:Yxg3SPhJSPdqKkY7EbnlUQl2ARifk/n0+aWblFDF4w0biYtXqlNBT2Hp9Wt0mUxB:QODkTaGuIT49YMG1veKACg,
2024-02-01,Other,size-in-bytes,4832,
2024-02-01,Payload delivery,mime-type,application/json,
2024-02-01,Payload delivery,md5,7159337e7a6ec1e8fd3d6fad5cfb8b97,Malware payload
2024-02-01,Payload delivery,sha256,deb57d468ca8f7d9a4070b73ccafc8f659b492025c524d644ae92cdf7b506a15,Malware payload
2024-02-01,Payload delivery,tlsh,t104a1649f21692cbcc71487d699d93e8797fd0053a298ac18bded5f0c92ff8a103659,
2024-02-01,Payload delivery,ssdeep,48:Yxg3SPhJSPdqKkY7EbnlUQl2uhpk6nYK+z9SPmDF4w0dM0tXDSPGo2up9WvseNEQ:QOgkBIeKezz9EEEi1vZhYyaKEMcdP,
2024-02-01,Other,size-in-bytes,4940,
2024-02-01,Payload delivery,mime-type,application/json,
2024-02-01,Payload delivery,md5,9668cc9b3d36487df24590c11b5cf17c,Malware payload
2024-02-01,Payload delivery,sha256,97f9ed4b1cdb73188178e9addb867d4255e39cfb10376d34769bc9b7e49547f5,Malware payload
2024-02-01,Payload delivery,tlsh,t138a1a7ab25695cbcc724c7c695d63e8357ed0013a2a4ad14ecec5f0c81fe4b1426aa,
2024-02-01,Payload delivery,ssdeep,48:Yxg3SPhJSPdqKkY7EbnlUQl2Shpk6nYK+zMlFDF4w0dM0tXqlNjT2up9WMTv0mUa:QOYkB6KoTz9DEi1vgQYThPN6P,
2024-02-01,Other,size-in-bytes,4850,
2024-02-01,Payload delivery,mime-type,application/json,
2024-02-01,Payload delivery,md5,d0042da71cf148267f4a6c75ab952468,Malware payload
2024-02-01,Payload delivery,sha256,13442263b2e65c65b14aae6feb62a5b975effc7fcabf5e230af18df8f5a44f67,Malware payload
2024-02-01,Payload delivery,tlsh,t11d9185e7b1155ebcc51fc9ea56a939cecabd015390305c5ce59e4b0b88fe1b51323d,
2024-02-01,Payload delivery,ssdeep,96:XGW9k0yan4wgaBSQcsTN9+BMOy0G1vRctHsz9UAeGLaaxSlVXr:q0049rVGmlLaaxS3,
2024-02-01,Other,size-in-bytes,4529,
2024-02-01,Payload delivery,mime-type,application/json,
2024-02-01,Payload delivery,md5,126e65c1700b530adecbf6f2316af92f,Malware payload
2024-02-01,Payload delivery,sha256,f44244f4bd0d6c1a908386111cd2069151000d3552340658b9bf8d70bc8733c9,Malware payload
2024-02-01,Payload delivery,tlsh,t1b2a1a6ab35550cbc86244be794e53e4b47ad0163a0d4ed14f8ed4f4c95ff4e2037a9,
2024-02-01,Payload delivery,ssdeep,48:Yxg3SPhJSPdqKkY7EbnlUQl2BRifk/n0+aW/bDF4w0biYtX8rG2xp9WoKsYUxG1q:QO8kTakuNe9yMG1vbDA7YcUE,
2024-02-01,Other,size-in-bytes,4953,
2024-02-01,Payload delivery,mime-type,application/json,
2024-02-01,Payload delivery,md5,00ba91b7ad086e7101a622a90abfeb9a,Malware payload
2024-02-01,Payload delivery,sha256,e7f839a03844438e1769d161a03fbf9832604ef167c8106bf744a9e19edfa595,Malware payload
2024-02-01,Payload delivery,tlsh,t1dd41cc7ccf29f8e0037db0a088492e2620949e57d6b58e24d9574ee62d7c20adf1b1,
2024-02-01,Payload delivery,ssdeep,48:LGfEFWuJqs9HZNjd+SfprcKyK0hE6S1FtfsC5P3RX5ZWiaoIhSNtPP:LGfEFW87jd+Sfpbaq6S1FtfsC5P39Efm,
2024-02-01,Other,size-in-bytes,2219,
2024-02-01,Payload delivery,mime-type,text/plain,
2024-02-01,Payload delivery,md5,95578dc7b38a8518ea67e73724a826ae,Malware payload
2024-02-01,Payload delivery,sha256,b4dff5325fe4b1538fa46f93f9e0709062a322b7ee270e895daa64295aaf7178,Malware payload
2024-02-01,Payload delivery,tlsh,t1909175e771255eb9c51fc5ee95a938cecabd011390305c1ce5ae4b4b88fe1b52363d,
2024-02-01,Payload delivery,ssdeep,96:XGL9k0yan4wgaBSQcsTN9+BMOy0G1vRctHsz9UAeGfkxkL0VXr:n0049rVGmlfEkq,
2024-02-01,Other,size-in-bytes,4539,
2024-02-01,Payload delivery,mime-type,application/json,
2024-02-01,Payload delivery,md5,1115d6c66e8c775dffea6fec39c1c207,Malware payload
2024-02-01,Payload delivery,sha256,604c0b69c8f25661fc36b04de63826f1554a1c262f15a0854abffa97763e90ce,Malware payload
2024-02-01,Payload delivery,tlsh,t16a91752662540cbd8728868be4547bf35bee059361d4ec28d4ae5f5ca0ff5f101769,
2024-02-01,Payload delivery,ssdeep,96:zOzOs+km7O8ZlOFKiwTH9DnT71vfihHxisoZ5k7J4+:EPHKT9TTx+RJoDk7J3,
2024-02-01,Other,size-in-bytes,4262,
2024-02-01,Payload delivery,mime-type,application/json,
2024-02-01,Payload delivery,md5,eee98eb66d0fef3dcb95c3d93b53d2c3,Malware payload
2024-02-01,Payload delivery,sha256,89458126874350c1c16c7adc1b01f1bc5b70875d539a0b0fb3014fa825187671,Malware payload
2024-02-01,Payload delivery,tlsh,t11e91427562180d7e863982c7b4597ad367be0257a0d4ac28a8bd4f0ce6ff1f205b59,
2024-02-01,Payload delivery,ssdeep,48:YxC9t2fbZkvnY+Cs+DF4w0nltXPSjeUT2Gp9WnTUd81vdE7b/KcRezbC3wxioorL:ObZknCs+w/05TH9I681vdEHAbpZcmp3O,
2024-02-01,Other,size-in-bytes,4238,
2024-02-01,Payload delivery,mime-type,application/json,
2024-02-01,Payload delivery,md5,e905195453dab23d789940a5a6ef30be,Malware payload (BumbleBee)
2024-02-01,Payload delivery,sha256,b2cbdacc3d4d6a0c3ce700fea97024fde6258d7b3df653bb9d95343fc9935ea3,Malware payload (BumbleBee)
2024-02-01,Payload delivery,tlsh,t16a45e012e6921fe8d0b69176809b262bbb703e5c4325e377e7c0d2373d937d45b1aa,
2024-02-01,Payload delivery,imphash,47e01530ad43ec939d1c47709a80a5c6,
2024-02-01,Payload delivery,ssdeep,24576:ln+5EYhtdpUjD+2c7nwn5tI3194JLGPpxR4kY7CefCv9F2STtIekpbP:SV0Fe3WMd4ks1ezTtpsP,
2024-02-01,Other,size-in-bytes,1222159,
2024-02-01,Payload delivery,mime-type,application/x-dosexec,
2024-02-01,Payload delivery,md5,4c63bdad9f954da8d2457e206aece49a,Malware payload (RiseProStealer)
2024-02-01,Payload delivery,sha256,f4a65a7534570d4ede30d29e6974ccf3c0722f869159d1e908d63a539f5cfb28,Malware payload (RiseProStealer)
2024-02-01,Payload delivery,tlsh,t1c84533bb7036ca82e634ec342ca9e0dd91da62925d49ad96b15705e42ce43df7f0f3,
2024-02-01,Payload delivery,imphash,5ab723dc8d5af21b79dc301ed6a56a64,
2024-02-01,Payload delivery,ssdeep,24576:Wy2qTVJL8PnFNUjWFjfqPf8TwQC6icoEChdn1:/TXL8/3o2jMfWlBoEk,
2024-02-01,Other,size-in-bytes,1195520,
2024-02-01,Payload delivery,mime-type,application/x-dosexec,
2024-02-01,Payload delivery,md5,72fc3907cc35a64db30754cde1cc9286,Malware payload
2024-02-01,Payload delivery,sha256,4656135796d2c9a5bc728d91337c38000d653ca40f423b3cb07bfead5d9f5a06,Malware payload
2024-02-01,Payload delivery,tlsh,t1dd9195b7151c4cacca1487d7d5903b87967f8167e0949e58b9a88f0cd0fe1f51136a,
2024-02-01,Payload delivery,ssdeep,48:Yx5AvwlYYw5KbsJkmnh+0DFU0omOtXxR23p9WtY2UKJ1vybaKqRrC3wxioilW+EE:YAvwlKkv0S7U9/2FJ1vu8ilWXE,
2024-02-01,Other,size-in-bytes,4323,
2024-02-01,Payload delivery,mime-type,application/json,
2024-02-01,Payload delivery,md5,d5c2af2de054b0afb23b9e638951a690,Malware payload
2024-02-01,Payload delivery,sha256,3fa7e80f339bf30ecfaadebf2c79c68e65d1419cd6ae8e49b6872fdcef57179d,Malware payload
2024-02-01,Payload delivery,tlsh,t182159e0273d1c062ffab92334b5af6515bbc69260123e61f13981db9be701b1563e7,
2024-02-01,Payload delivery,imphash,948cc502fe9226992dce9417f952fce3,
2024-02-01,Payload delivery,ssdeep,12288:IqDEvFo+yo4DdbbMWu/jrQu4M9lBAlKhQcDGB3cuBNGE6iOrpfe4JdaDgaJTI:IqDEvCTbMWu7rQYlBQcBiT6rprG8aNI,
2024-02-01,Other,size-in-bytes,918528,
2024-02-01,Payload delivery,mime-type,application/x-dosexec,
2024-02-01,Payload delivery,md5,9ec463c2172315de975c9d3e4876c0c6,Malware payload
2024-02-01,Payload delivery,sha256,f65ec5dc622efd62bc3e387177d994a8a9a690e97bb45a1ca9bd8a97d5c45045,Malware payload
2024-02-01,Payload delivery,tlsh,t1ed9154a926185dbcca5496d3d9843ad7c76e0093a194ed28e9fd9f08e1ef1f00276a,
2024-02-01,Payload delivery,ssdeep,48:YxY6w+odlpkofn16Ru+FkDFU0NhtXeV2Qp9We6T2UHs1vibvKqRteU3wxioLb0UY:uQpkocRtG9U/9K2Ss1veiHLb2Hx,
2024-02-01,Other,size-in-bytes,4274,
2024-02-01,Payload delivery,mime-type,application/json,
2024-02-01,Payload delivery,md5,f618eff394d75aabd35267a539d2f554,Malware payload
2024-02-01,Payload delivery,sha256,68c3cfff137ffffda490d231c7fa2a5e99a0e1ec953dc9ab832030a7a3339262,Malware payload
2024-02-01,Payload delivery,tlsh,t131a174eb65691cbcca18c7c294d93b8697bd01139294ec28ac9c6f0c92ff87152669,
2024-02-01,Payload delivery,ssdeep,48:Yxg3SPhJSPdqKkY7EbnlUQl2Zhpk6nYK+z1DF4w0dM0tXnGbZ2up9WSgyUfi1vUu:QODkBhKWbZz9BEi1vUb8pbbYKFDXP,
2024-02-01,Other,size-in-bytes,5032,
2024-02-01,Payload delivery,mime-type,application/json,
2024-02-01,Payload delivery,md5,e865418777b55b54c9ccb6ce57b9a7a8,Malware payload
2024-02-01,Payload delivery,sha256,0310744f655d64319613cb23973cf867af2b7ca2d047c06bbce2f438544e4567,Malware payload
2024-02-01,Payload delivery,tlsh,t132a186ab71560cbcc62987da94e13f8b57bc00a35494ec24a49c5f5cd2fe9f1437ad,
2024-02-01,Payload delivery,ssdeep,48:Yxg3SPhJSPdqKkY7EbnlUQl2KRifk/n0+aWCDF4w0biYtXnQbZ2Hp9WjyUxG1vCj:QOZkTa1uAbZ49bMG1vCb8vbJAIc9,
2024-02-01,Other,size-in-bytes,5005,
2024-02-01,Payload delivery,mime-type,application/json,
2024-02-01,Payload delivery,md5,488ada0f07ca8d0d10d12bf650c3a6c0,Malware payload
2024-02-01,Payload delivery,sha256,6d5402b1fca23ea11846b7d1e6a47c7c87a1062a92bcfcff003971c34647803f,Malware payload
2024-02-01,Payload delivery,tlsh,t168a1b7ab31564c7cca1487da98d13e8b57ad01b3a194ec18b9ec5f4c95ff8f103799,
2024-02-01,Payload delivery,ssdeep,48:Yxg3SPhJSPdqKkY7EbnlUQl20Rifk/n0+aW0DF4w0biYtXnR2Hp9WO8ZUxG1v+bb:QOPkTa1uh49AMG1vSmAKLJg,
2024-02-01,Other,size-in-bytes,4866,
2024-02-01,Payload delivery,mime-type,application/json,
2024-02-01,Payload delivery,md5,220f6a39266596c61eeea8c594c6563d,Malware payload
2024-02-01,Payload delivery,sha256,96170500892625aebd18f2b1d900e8f4aff44f479e082efb2b58b021067687a5,Malware payload
2024-02-01,Payload delivery,tlsh,t141b533fad7387a91dc07b7b262fdb46512432d0f846228885159f796837e778f62bc,
2024-02-01,Payload delivery,imphash,baa93d47220682c04d92f7797d9224ce,
2024-02-01,Payload delivery,ssdeep,49152:Lufr67HK8djY9Rp/v9wQGMDOvvDS7NIp+6k8C9aHbyiOabTZ6:cN5/SQGbm76Wa9OMTA,
2024-02-01,Other,size-in-bytes,2334720,
2024-02-01,Payload delivery,mime-type,application/x-dosexec,
2024-02-01,Payload delivery,md5,15d2a46b1fe638ef3d6b1f4a36a2aa12,Malware payload
2024-02-01,Payload delivery,sha256,caee19b179596faac87f5f2a26f219462e4d815c7a1bdb0333a6aee468c9330f,Malware payload
2024-02-01,Payload delivery,tlsh,t132b533f43cff5b80e31b1b71668d805a89135e5f82d2604a26a4f5a8fffdd358198e,
2024-02-01,Payload delivery,imphash,baa93d47220682c04d92f7797d9224ce,
2024-02-01,Payload delivery,ssdeep,49152:0T4rHxcpw2jzxGdiQHJilrnAuYMtt7L2TKtA7NeZ:0Mrxcf09JiGrGt7L28Ape,
2024-02-01,Other,size-in-bytes,2324992,
2024-02-01,Payload delivery,mime-type,application/x-dosexec,
2024-02-01,Payload delivery,md5,b16b5596c2f3de304e79fe5067bdaf72,Malware payload
2024-02-01,Payload delivery,sha256,a75c680f6441ab89ecaaae01b35a7c90d07c729ba74bb0bcfda730b2feff95c2,Malware payload
2024-02-01,Payload delivery,tlsh,t1659154aa26085ebcc654a6d3d9903ad7c76e0493b194ed2cd8fd9f08e1ff1f00275a,
2024-02-01,Payload delivery,ssdeep,48:YxY6wkdlpkofn16Ru+FkDFU0NhtXeV2Qp9We6T2UHs1vibvKqRteU3wxioLHM00X:MpkocRtG9U/9K2Ss1veiHLsXx,
2024-02-01,Other,size-in-bytes,4274,
2024-02-01,Payload delivery,mime-type,application/json,
2024-02-01,Payload delivery,md5,a970868479f065de9bee245f1e2112a5,Malware payload
2024-02-01,Payload delivery,sha256,0d4103498b7105286a872cea1cc07a1e9eedc5fc184dad3c2e0a1db2f5fa860d,Malware payload
2024-02-01,Payload delivery,tlsh,t12e91546926095dbdcb9496d3e5843ad7876e0453e094ed28e8bdcb0ca1ef1f102b6a,
2024-02-01,Payload delivery,ssdeep,48:YxY6wqJdlpkofn16Ru+FvDF4w0NhtXpk2Kp9Wo6sUHs1vFbvKzRteU3wxioorbDZ:mpkocRtxYyH97Ss1vdTHWDEqdLTx,
2024-02-01,Other,size-in-bytes,4403,
2024-02-01,Payload delivery,mime-type,application/json,
2024-02-01,Payload delivery,md5,e9de2c30175fd423499380c7d77c755b,Malware payload
2024-02-01,Payload delivery,sha256,8d269771fc4888eda4c948577988c934b603688d2865ef29610a13b928b1f6e4,Malware payload
2024-02-01,Payload delivery,tlsh,t1f4a1989b25795cbdc724c7d695d63e8357fd0017a2a4ac14ecec6f0c81fe8714269a,
2024-02-01,Payload delivery,ssdeep,48:Yxg3SPhJSPdqKkY7EbnlUQl2Hhpk6nYK+zMlFDF4w0dM0tXqlNjT2up9WMTv0mUa:QOJkB6KoTz9DEi1vgQYv7E/NP,
2024-02-01,Other,size-in-bytes,4850,
2024-02-01,Payload delivery,mime-type,application/json,
2024-02-01,Payload delivery,md5,adbeb15ec9a1cda3641673bc6d912236,Malware payload
2024-02-01,Payload delivery,sha256,c5bd4a1af066e852f977828e446b995deaa4fde4834f3b692a080eee79994b1d,Malware payload
2024-02-01,Payload delivery,tlsh,t180b533c6eef31151e193ab79e922891992d37f031d49035a2836ff949bfebb054d9c,
2024-02-01,Payload delivery,imphash,baa93d47220682c04d92f7797d9224ce,
2024-02-01,Payload delivery,ssdeep,49152:XXHC1oUP6xeOcvvbBlQDXD0gRcAmHOeVPZ4O8sN3QbCg2C2+P90ZX:HHC1hP6svB2DX5RcApeVBR8smf794X,
2024-02-01,Other,size-in-bytes,2342912,
2024-02-01,Payload delivery,mime-type,application/x-dosexec,
2024-02-01,Payload delivery,md5,3e204273e50d2bf6e3db732d6a91c6d2,Malware payload
2024-02-01,Payload delivery,sha256,eef20bd1f4c10b7f5f92847760d191d21d7a3e8705149f7a816ef9cc083f3eb9,Malware payload
2024-02-01,Payload delivery,tlsh,t138918566251c0cbdc6398b93e45c76d76bae02639084fd2888bd4f4ca5ff2b141769,
2024-02-01,Payload delivery,ssdeep,96:jjoekxq8pVFawTH9o2nTv71vzhHtsIZhLQR+:jjovguFaA9o2nbdhNsIrLQR+,
2024-02-01,Other,size-in-bytes,4225,
2024-02-01,Payload delivery,mime-type,application/json,
2024-02-01,Payload delivery,md5,2e737d81f5530b3ea051b509d1c88d86,Malware payload
2024-02-01,Payload delivery,sha256,c22308af82d26a9259f5ae74eeb96481637a7eab3aba954da2f72a9314157c8c,Malware payload
2024-02-01,Payload delivery,tlsh,t11da1a5ab32550cbc862487eb94e53e8b87ad0173b194ac18f4ad4f4c95ff8f5037a9,
2024-02-01,Payload delivery,ssdeep,48:Yxg3SPhJSPdqKkY7EbnlUQl2SRifk/n0+aW/bDF4w0biYtX8rG2xp9WoKsYUxG1/:QOlkTakuNe9yMG1vbDAqS4,
2024-02-01,Other,size-in-bytes,4963,
2024-02-01,Payload delivery,mime-type,application/json,
2024-02-01,Payload delivery,md5,5e8b1f882733fd0ab1d899f8ab51115c,Malware payload
2024-02-01,Payload delivery,sha256,ad7d1626e08b9e928866c9cc9f406783b0fa76a43785f47c101e3e5cad20c1a7,Malware payload
2024-02-01,Payload delivery,tlsh,t1d0a164ab31550cbcc52983ea94e53b9b97bc01639494ec28b49c9f5c92ff8f1437ad,
2024-02-01,Payload delivery,ssdeep,48:Yxg3SPhJSPdqKkY7EbnlUQl2ERifk/n0+aWCDF4w0biYtXnQbZ2Hp9WjyUxG1vC3:QOLkTa1uAbZ49bMG1vCb8vbJArvl,
2024-02-01,Other,size-in-bytes,5005,
2024-02-01,Payload delivery,mime-type,application/json,
2024-02-01,Payload delivery,md5,1ee6d77d2b584426134686ced9647c22,Malware payload
2024-02-01,Payload delivery,sha256,1b3b6bc70337cfccaef0763e318ed4c83b26e06e0dd1525902696e7caa418979,Malware payload
2024-02-01,Payload delivery,tlsh,t116a1b76b35654cbcc624c7ea94e23d8753ac0073a594ed14e8ac5f5c94fe8f1437e9,
2024-02-01,Payload delivery,ssdeep,48:Yxg3SPhJSPdqKkY7EbnlUQl20Rifk/n0+aWblFDF4w0biYtXqlNBT2Hp9Wt0mUxH:QOzkTaGuIT49YMG1veKAso,
2024-02-01,Other,size-in-bytes,4832,
2024-02-01,Payload delivery,mime-type,application/json,
2024-02-01,Payload delivery,md5,1673dc20433116e4eb1b0ad52013c283,Malware payload
2024-02-01,Payload delivery,sha256,1302a3dc037c92a3b2c051facc3ba3b93aa9c5a0922c41ce2fdc86daa10edf4a,Malware payload
2024-02-01,Payload delivery,tlsh,t1c091522629386d7cc75885ca98fc3d4f567d005bf2609c14a6de8e0ae2ff1f183a65,
2024-02-01,Payload delivery,ssdeep,96:eyHrkYOhDH5R0DWfrfT594ds1Y7g1vUreHTMsgiFEM2kJeR:eyHQThr5RIWfrt94ds1Y7FrezMsgiFEl,
2024-02-01,Other,size-in-bytes,4624,
2024-02-01,Payload delivery,mime-type,application/json,
2024-02-01,Payload delivery,md5,ba5a510ae36f44c526eff1f964cfc78a,Malware payload
2024-02-01,Payload delivery,sha256,4cec51a06b2b6e22ec134ab0011f80923c5b7e0417bd79b444f4f08d66f445c8,Malware payload
2024-02-01,Payload delivery,tlsh,t184531949b78ba322c9550ab580e3d51103f2e74b26b3da8e3ec912c65f13bd5cd827,
2024-02-01,Payload delivery,imphash,f34d5f2d4577ed6d9ceec516c1f5a744,
2024-02-01,Payload delivery,ssdeep,1536:Q8Kxu2Y/RVyGLAaYfC9t1Tj2lclEj/si+C:uZYtYfC9fTj2lnj9,
2024-02-01,Other,size-in-bytes,61440,
2024-02-01,Payload delivery,mime-type,application/x-dosexec,
2024-02-01,Payload delivery,md5,9e570bdd352e34ab4d8d8727e8b77068,Malware payload (CoinMiner)
2024-02-01,Payload delivery,sha256,6deef09b38b16ecd63af7d2efb74e3ee865514fd1919c6d2ec6f4cc32d29036f,Malware payload (CoinMiner)
2024-02-01,Payload delivery,tlsh,t141d396db0724c22d1b00c641abc8d4983516d996c4f6db18a5ef541bfeb90ee4aec2,
2024-02-01,Payload delivery,ssdeep,3072:/jL+dKMubHspZQ513Rqyy7XZngqmY04y2:/HkKtbcZyy7X5gK,
2024-02-01,Other,size-in-bytes,130826,
2024-02-01,Payload delivery,mime-type,text/plain,
2024-02-01,Payload delivery,md5,ea5c604d87031c75493ac33920be4ac5,Malware payload (RiseProStealer)
2024-02-01,Payload delivery,sha256,9f5cf6ee9063605f68c9161088f53df01dc42faea53adc560dc66d28ce98667d,Malware payload (RiseProStealer)
2024-02-01,Payload delivery,tlsh,t15d4533eee29725a4ca7027b87d5162eb3b8dfda4911883a0318f16171df01de2b577,
2024-02-01,Payload delivery,imphash,5ab723dc8d5af21b79dc301ed6a56a64,
2024-02-01,Payload delivery,ssdeep,24576:z5Bsrwns5Zo3NU4JObRBwQyyEvOiw9UGPl:z6/CUz7lBL+ql,
2024-02-01,Other,size-in-bytes,1195520,
2024-02-01,Payload delivery,mime-type,application/x-dosexec,
2024-02-01,Payload delivery,md5,b54e72fe3720ab01a9cfc089bce7bcd9,Malware payload
2024-02-01,Payload delivery,sha256,5fe52e9bb095b4ffc30632bad6bad3130ef21f0bbb15787cbb306d7a311c99e2,Malware payload
2024-02-01,Payload delivery,tlsh,t10991a6b7161c0cbc862487e3a5943bd7967f4567e0849d68b9e88f08e0fe1f10136b,
2024-02-01,Payload delivery,ssdeep,96:YAvwlMkvQISnya0o9HT2FJ1vltPBiV3iXi5nE:YAvSXo9z2FBiV3iX8E,
2024-02-01,Other,size-in-bytes,4329,
2024-02-01,Payload delivery,mime-type,application/json,
2024-02-01,Payload delivery,md5,806eb41c957b83e935d96210c94f52fa,Malware payload
2024-02-01,Payload delivery,sha256,7c07ea934850cf69031eae84d14765cf16e32f136022ffbdeb166ff7da1ce302,Malware payload
2024-02-01,Payload delivery,tlsh,t13e91659a26094dbdca5497d3e8443ad7876e1093b198dd2cd4fd9f08e1ef1f04276e,
2024-02-01,Payload delivery,ssdeep,96:CpkocRtp9hEA9Sr2Ss1vhPMeHLRynaHHQ+tQix:CG/79y2SmUeHLgaHHQ+tZx,
2024-02-01,Other,size-in-bytes,4274,
2024-02-01,Payload delivery,mime-type,application/json,
2024-02-01,Payload delivery,md5,5f89acf87379b240652ceda005af8a20,Malware payload
2024-02-01,Payload delivery,sha256,0b0d074860400827b732bddab8c6f413da60b051434812d2f51e8cacce2bd838,Malware payload
2024-02-01,Payload delivery,tlsh,t1cfa1a6ab15795cbccb14c7c695c93a8797ed015353a8ac18fded6f0c82fe8b102669,
2024-02-01,Payload delivery,ssdeep,48:Yxg3SPhJSPdqKkY7EbnlUQl2xhpk6nYK+z1DF4w0dM0tXnT2up9WSFo8ZUfi1vAY:QODkB5KDz9vLEi1vYYYKjlP,
2024-02-01,Other,size-in-bytes,4874,
2024-02-01,Payload delivery,mime-type,application/json,
2024-02-01,Payload delivery,md5,27e2a4f1dd38822138211405bcc9dc47,Malware payload
2024-02-01,Payload delivery,sha256,efc5c3d9325b2611a6e66ffc22dac5d966f6ce62336bcfcd29876b76da350dfb,Malware payload
2024-02-01,Payload delivery,tlsh,t14aa1759b31551cac861487fb98e13e8b97ad00a3a194ec18b8ed5f4c96fe8f103769,
2024-02-01,Payload delivery,ssdeep,48:Yxg3SPhJSPdqKkY7EbnlUQl2xgRifk/n0+aWKSPmDF4w0biYtXDSPGq2Hp9Wcse+:QO1kTaUeuef49VEMG1vHRAift,
2024-02-01,Other,size-in-bytes,4932,
2024-02-01,Payload delivery,mime-type,application/json,
2024-02-01,Payload delivery,md5,ab015d2acb29314b751f80f5ac8d34d8,Malware payload
2024-02-01,Payload delivery,sha256,8fc6c565954c77ce2973352e79ff9178d2cc8d82e7507fda9d73a75e7e590da4,Malware payload
2024-02-01,Payload delivery,tlsh,t14591762562581cbe8628868be0483ee35bfe05a391c4ac28d4be9f5ca1ff5f111765,
2024-02-01,Payload delivery,ssdeep,96:zOzOn+km7O8ZlOFKiwTH9DnT71vfihHxisoZ5hinT74+:vPHKT9TTx+RJoDknT73,
2024-02-01,Other,size-in-bytes,4262,
2024-02-01,Payload delivery,mime-type,application/json,
2024-02-01,Payload delivery,md5,64462125f06d4f4e3150d7d75026d637,Malware payload
2024-02-01,Payload delivery,sha256,3bf40a2db5bb5dcaa8c4c6e9b01e09ae4d1d766a46ffdaa9ee1df9a1df2cedaf,Malware payload
2024-02-01,Payload delivery,tlsh,t14091a5b7162c4cacca2487d395903b87577f41a7f0949e68b9f88f0cd0fe1b51136a,
2024-02-01,Payload delivery,ssdeep,48:Yx5AvwlYYw8KbsJkmnh+0DFU0omOtXxR23p9WtY2UKJ1vybaKqRrC3wxioiRNpUi:YAvwlbkv0S7U9/2FJ1vu8iRNpUPNE,
2024-02-01,Other,size-in-bytes,4323,
2024-02-01,Payload delivery,mime-type,application/json,
2024-02-01,Payload delivery,md5,c90148d0462bec2e0687da943e2881aa,Malware payload
2024-02-01,Payload delivery,sha256,ead9e65b56294fecc7d8efd0100bc5cf989fed83496acd997c80a9becc98ee9e,Malware payload
2024-02-01,Payload delivery,tlsh,t16441cc7dcf29f8e0033db0a088492e2620949e57d6b58e24d9574ee62d7c24acf2b1,
2024-02-01,Payload delivery,ssdeep,48:LGfEFWuJqs9HZNjd+SfprcKyK0hE6S1FtfsC5P3RX5ZWiaoIhSNtx:LGfEFW87jd+Sfpbaq6S1FtfsC5P39EfA,
2024-02-01,Other,size-in-bytes,2219,
2024-02-01,Payload delivery,mime-type,text/plain,
2024-02-01,Payload delivery,md5,d5d5c428f47eb1a1ed873a441333a342,Malware payload (Amadey)
2024-02-01,Payload delivery,sha256,e870d0cd39821efab63201bb85b96e57635b1d4072bf188e8943badd88dae8f5,Malware payload (Amadey)
2024-02-01,Payload delivery,tlsh,t1e90523fa0b9e9600d16abdf7048e21466efabc66c7607170153b19950eb80dfbfe31,
2024-02-01,Payload delivery,imphash,7515ecf8c0dfa4d230ad835fe0acb57f,
2024-02-01,Payload delivery,ssdeep,24576:e8iBUtKeNnS0wQwBaWnBCqns+dYUdZbmNrU0W0RLZv5:e8f0In3lwBaWntnGUZSgu,
2024-02-01,Other,size-in-bytes,809472,
2024-02-01,Payload delivery,mime-type,application/x-dosexec,
2024-02-01,Payload delivery,md5,caf1f424894261c0e0810596e6330772,Malware payload (Socks5Systemz)
2024-02-01,Payload delivery,sha256,66d125eff16185fd17b899d75578367a93b7691b697667769331c732e1f93053,Malware payload (Socks5Systemz)
2024-02-01,Payload delivery,tlsh,t186563345ade1c8b2d104d6bc0a7f5165fabb343854b207e473aec0bcde7a88739897,
2024-02-01,Payload delivery,imphash,884310b1928934402ea6fec1dbd3cf5e,
2024-02-01,Payload delivery,ssdeep,196608:BOQFq9jWL9Y85dB+3ac9gSjf8lkA83yEJfb3:BOb09Y85rM9jgkA83vJb3,
2024-02-01,Other,size-in-bytes,6406849,
2024-02-01,Payload delivery,mime-type,application/x-dosexec,
2024-02-01,Payload delivery,md5,e08f82679da5005cf38b9cc72a623016,Malware payload
2024-02-01,Payload delivery,sha256,5f12fb2bf15bfe8a633223032f54b7cbf6253106bf0c7b733615d90023b8eb60,Malware payload
2024-02-01,Payload delivery,tlsh,t1b0a1d7ab31664c7cca1487ea98e53e8b57ad01b3a194ec14b9ac5f4cc1ff4f103759,
2024-02-01,Payload delivery,ssdeep,48:Yxg3SPhJSPdqKkY7EbnlUQl2HRifk/n0+aW0DF4w0biYtXnR2Hp9WO8ZUxG1v+bV:QOWkTa1uh49AMG1vSmAf+ij,
2024-02-01,Other,size-in-bytes,4856,
2024-02-01,Payload delivery,mime-type,application/json,
2024-02-01,Payload delivery,md5,9bfcdf2d1ec6a88ad1d7d96babcadc12,Malware payload
2024-02-01,Payload delivery,sha256,5873ca8466bc64fdee72e2da41da2572b0982508234b5eea81fd0ba0554fcc97,Malware payload
2024-02-01,Payload delivery,tlsh,t19b5633b334f0297ed3846a3256bb8c48c82c737f9539240d3985b8dddb5a51e9cb23,
2024-02-01,Payload delivery,imphash,884310b1928934402ea6fec1dbd3cf5e,
2024-02-01,Payload delivery,ssdeep,98304:Nvri8BwIyNU2TPJisXZu0pYLuEBoNUkLqTcHM5cp+E47+cw5kl5DaXdk3snN0MWz:UJTPJiqZ6Bo6utkF+cOZXe3aNQb3,
2024-02-01,Other,size-in-bytes,6384370,
2024-02-01,Payload delivery,mime-type,application/x-dosexec,
2024-02-01,Payload delivery,md5,5397fd6ca481f544d6d5877c9cab4ab1,Malware payload
2024-02-01,Payload delivery,sha256,522aadce9963b5cafe04e03c412571c6ec607847bb42e797a5025d8c4de94167,Malware payload
2024-02-01,Payload delivery,tlsh,t10e916426261c0cbe83394a92905c7bd767ae027390d4fd2888bd9f0ca5ff2b141769,
2024-02-01,Payload delivery,ssdeep,96:jjVekxq8pVFawTH9o2nTv71vzhHtsIZhfKBR+:jjVvguFaA9o2nbdhNsIrfGR+,
2024-02-01,Other,size-in-bytes,4215,
2024-02-01,Payload delivery,mime-type,application/json,
2024-02-01,Payload delivery,md5,fc8f8811a0c06c8f09966821c555a671,Malware payload
2024-02-01,Payload delivery,sha256,f2c46eac1edb68c0c81f1d4ebc7479827673807c2aea95077f1c3be27e5b8b61,Malware payload
2024-02-01,Payload delivery,tlsh,t1afa197ab15681cbcc714cbd295d93a9787ed0153a298ac14fced5f0c82ff4b603669,
2024-02-01,Payload delivery,ssdeep,48:Yxg3SPhJSPdqKkY7EbnlUQl26NGhpk6nYK+zebDF4w0dM0tX8r82bp9WG9sYUfij:QOdkBAKpg9nEi1v1/YxuACP,
2024-02-01,Other,size-in-bytes,4971,
2024-02-01,Payload delivery,mime-type,application/json,
2024-02-01,Payload delivery,md5,062aafe67bf7eed4856ed24882f6683d,Malware payload
2024-02-01,Payload delivery,sha256,ffcc0a755a1ea9ef95745fc298597b0fc19333640b470dae01024cf56085ad28,Malware payload
2024-02-01,Payload delivery,tlsh,t195a1889712685cbccf14c7d755da3aab43ed0013a2a4ac18eded5f0c91ff8b502669,
2024-02-01,Payload delivery,ssdeep,48:Yxg3SPhJSPdqKkY7EbnlUQl2+hpk6nYK+zobgDF4w0dM0tXcg/i2up9WXibUfi1b:QOIkBtKCz93Ei1vnfY/XrWP,
2024-02-01,Other,size-in-bytes,4788,
2024-02-01,Payload delivery,mime-type,application/json,
2024-02-01,Payload delivery,md5,7cb1dc7b34125b9a7d0d84d7d66474a3,Malware payload
2024-02-01,Payload delivery,sha256,bb05bf232429e2db091d0de661eda68fc4acb5d55b6fd6adce2d32430b3f052f,Malware payload
2024-02-01,Payload delivery,tlsh,t1f3a1b6ab15695c7ccb14c7c685c93a8797ed015393a8ec18fded6f0c82fe4b142659,
2024-02-01,Payload delivery,ssdeep,48:Yxg3SPhJSPdqKkY7EbnlUQl2vhpk6nYK+z1DF4w0dM0tXnT2up9WSFo8ZUfi1vAF:QO5kB5KDz9vLEi1vYYY7i9WP,
2024-02-01,Other,size-in-bytes,4874,
2024-02-01,Payload delivery,mime-type,application/json,
2024-02-01,Payload delivery,md5,14e8c29e2e3115dc2f75328f46e18d0f,Malware payload
2024-02-01,Payload delivery,sha256,54c58afd2d6d411b8546fcb782f48818fef95a647f37fc18643045c1530bfd30,Malware payload
2024-02-01,Payload delivery,tlsh,t1a6a1955732154cbc8b1487eb94e63eaf87ad00b7a5a49c18a9ad4f4c91ff8f103769,
2024-02-01,Payload delivery,ssdeep,48:Yxg3SPhJSPdqKkY7EbnlUQl2tRifk/n0+aWHbgDF4w0biYtXcgFi2Hp9WoibUxGq:QOwkTaRug49KMG1v5vAh9,
2024-02-01,Other,size-in-bytes,4780,
2024-02-01,Payload delivery,mime-type,application/json,
2024-02-01,Payload delivery,md5,d21a36003f0f4d72eaa2d4961b3eca78,Malware payload (AgentTesla)
2024-02-01,Payload delivery,sha256,a47ba5991ade84ef2d1e978995208bfe43bf3be9d7fc37fe24ff9ab87e9e6f22,Malware payload (AgentTesla)
2024-02-01,Payload delivery,tlsh,t1f135ae02b3d18036ffab92739b6ab20157bd7d654223852f13982db9bd701b1273d6,
2024-02-01,Payload delivery,imphash,afcdf79be1557326c854b6e20cb900a7,
2024-02-01,Payload delivery,ssdeep,24576:3AHnh+eWsN3skA4RV1Hom2KXMmHaj8VfiI9uQN+8Z5:qh+ZkldoPK8Yaj8VfX9N,
2024-02-01,Other,size-in-bytes,1157120,
2024-02-01,Payload delivery,mime-type,application/x-dosexec,
2024-02-01,Payload delivery,md5,e5c227a72ee5075ae60d6eb0bd9ab5e3,Malware payload
2024-02-01,Payload delivery,sha256,377f01f1370cda91c999bef9ab47ac4a592ba9966b4242d9ea3d86718bbc646b,Malware payload
2024-02-01,Payload delivery,tlsh,t14391622619385d7cc758c5ca98fc3d4e567e105bf1609c14a6dd8e0ae2ff1f283a61,
2024-02-01,Payload delivery,ssdeep,96:ey8rkYOhDH5R0DWfrfT594ds1Y7g1vUreHTMsgiFE+y+2JeR:ey8QThr5RIWfrt94ds1Y7FrezMsgiFEk,
2024-02-01,Other,size-in-bytes,4624,
2024-02-01,Payload delivery,mime-type,application/json,
2024-02-01,Payload delivery,md5,342c1637c0d650bf0c705acad94b36f5,Malware payload
2024-02-01,Payload delivery,sha256,7b93be672632a18f26a11b455c8b6563cd6d481b81b2718e23130fdb90b1d8f0,Malware payload
2024-02-01,Payload delivery,tlsh,t13091517122080c7ec23482c7a4557ad767be0257a194ec2ca8fd4f4ce6ef1f205b59,
2024-02-01,Payload delivery,ssdeep,48:YxClt2fbZkvnY+Cs+DF4w0nltXPSjeUT2Gp9WnTUd81vdE7b/KcRezbC3wxiooro:mbZknCs+w/05TH9I681vdEHAbpZcfzO,
2024-02-01,Other,size-in-bytes,4238,
2024-02-01,Payload delivery,mime-type,application/json,
2024-02-01,Payload delivery,md5,7841e834c7e0cc3894d22ffeaa1a31b2,Malware payload
2024-02-01,Payload delivery,sha256,ebdcd7281f1fe4af11281604e6c5a2b8628fd9497cfea5e35ab4f20b6a1a9a96,Malware payload
2024-02-01,Payload delivery,tlsh,t13fa187eb15691cbcc7148bc255d93a8787ed0153a2a8ad14fced5f0c82ff4b603669,
2024-02-01,Payload delivery,ssdeep,48:Yxg3SPhJSPdqKkY7EbnlUQl2hhpk6nYK+zebDF4w0dM0tX8r82bp9WG9sYUfi1vH:QOrkBAKpg9nEi1v1/YNUQYP,
2024-02-01,Other,size-in-bytes,4971,
2024-02-01,Payload delivery,mime-type,application/json,
2024-02-01,Payload delivery,md5,e114b2bec374a5c58b3324de42059937,Malware payload (BumbleBee)
2024-02-01,Payload delivery,sha256,135cbe3db09b993f77c6c1988ec81ca429e804f1d17555b942376eb49c5e221e,Malware payload (BumbleBee)
2024-02-01,Payload delivery,tlsh,t19845e011e6921ff8d476917680ab252bb7303e594719d377abc0d2373d83be06b1a7,
2024-02-01,Payload delivery,imphash,47e01530ad43ec939d1c47709a80a5c6,
2024-02-01,Payload delivery,ssdeep,24576:hFK18pAURvWDd/xiios/xLkCf+lNn+Oc+xBoNd/RCX3eSqCWxEDgimyp:TRgFokkg+/nfOdCNPp,
2024-02-01,Other,size-in-bytes,1223693,
2024-02-01,Payload delivery,mime-type,application/x-dosexec,
2024-02-01,Payload delivery,md5,78d376b4f5da3c6424e2023edb63e0d3,Malware payload
2024-02-01,Payload delivery,sha256,8f49cc28f327cb332f96e3828f372b167adb93569a1cfcbdf38cf5f0813de0ca,Malware payload
2024-02-01,Payload delivery,tlsh,t126d41220bda1c037c6f756394538c761a96f7c32adb9655b3b442f2e2c722809b697,
2024-02-01,Payload delivery,imphash,762b6c41f88b6fa0c86015ba9e6e2f6f,
2024-02-01,Payload delivery,ssdeep,12288:D0R3bXxkKcJsRJYwPYK/RJ3lOG7/2WwQbn20LlyKYWQAv:DSn8eJPDlX1bnbKWZv,
2024-02-01,Other,size-in-bytes,628736,
2024-02-01,Payload delivery,mime-type,application/x-dosexec,
2024-02-01,Payload delivery,md5,7532f30036a8e42c1559c4fd8e7c1509,Malware payload
2024-02-01,Payload delivery,sha256,17527e50070c4db8fddc1f637e27f3418e57dbc8c17310543027443a78fe5a7b,Malware payload
2024-02-01,Payload delivery,tlsh,t1d0a1965f31561cbc861487eb98e13e9b97ad00a3a094ac18f4ed5f4c96ff4f1037a9,
2024-02-01,Payload delivery,ssdeep,48:Yxg3SPhJSPdqKkY7EbnlUQl2rRifk/n0+aWKSPmDF4w0biYtXDSPGq2Hp9WcseNn:QOakTaUeuef49VEMG1vHRALgOt,
2024-02-01,Other,size-in-bytes,4922,
2024-02-01,Payload delivery,mime-type,application/json,
2024-02-01,Payload delivery,md5,d111222d4de16ba07e1818422597692a,Malware payload
2024-02-01,Payload delivery,sha256,26aeb158ed86d52a65cbcf5a761e8f7f7cdb6c0d8319c433d50e9fc8a6b30eb0,Malware payload
2024-02-01,Payload delivery,tlsh,t11da1959736554dbc8b2487ea94e63eaf47ad0077a0949c24a9ed4f4ca0ff8f10376d,
2024-02-01,Payload delivery,ssdeep,48:Yxg3SPhJSPdqKkY7EbnlUQl2HRifk/n0+aWHbgDF4w0biYtXcgFi2Hp9WoibUxGQ:QOekTaRug49KMG1v5vAdH,
2024-02-01,Other,size-in-bytes,4770,
2024-02-01,Payload delivery,mime-type,application/json,
2024-02-01,Payload delivery,md5,cfec1facc43f51eecf53b4a7d18d705b,Malware payload (Smoke Loader)
2024-02-01,Payload delivery,sha256,a6e8dc7302efba3ae9be1604ea1b354163f0d876cf8e76937b81b2d7e810dc07,Malware payload (Smoke Loader)
2024-02-01,Payload delivery,tlsh,t16214bf253af1c072faa745716d74d6a15a3bbcb35e74818f32582f4b3e332918a623,
2024-02-01,Payload delivery,imphash,762b6c41f88b6fa0c86015ba9e6e2f6f,
2024-02-01,Payload delivery,ssdeep,3072:0JCULLfk1Y5ylM+STmMK3FOe9fFb8YCLigyZGHuY5xhux6TNm5:WCqLsY5QPCLa9nCmDZGXhul,
2024-02-01,Other,size-in-bytes,192000,
2024-02-01,Payload delivery,mime-type,application/x-dosexec,
2024-02-01,Payload delivery,md5,3d639c1fe978d3dae22c702796441cf7,Malware payload
2024-02-01,Payload delivery,sha256,3b05ed84a0dc6a1cb4633a6eae9d6b07797a35803e8e9d7ac8d038b8323321c4,Malware payload
2024-02-01,Payload delivery,tlsh,t1b4a184eb61291cbccb19c7c690d93b8797fd015352a4ec24acac9b0c93ff97152669,
2024-02-01,Payload delivery,ssdeep,48:Yxg3SPhJSPdqKkY7EbnlUQl2whpk6nYK+z1DF4w0dM0tXnGbZ2up9WSgyUfi1vU0:QOKkBhKWbZz9BEi1vUb8pbbYKjh6GTP,
2024-02-01,Other,size-in-bytes,5023,
2024-02-01,Payload delivery,mime-type,application/json,
2024-02-01,Payload delivery,md5,2ec6b5129f7cd1fb0b254e9c5fbb3ada,Malware payload
2024-02-01,Payload delivery,sha256,0504279d8816be5897cf620e92f93d877ebc7c513f747ebe141ada51c6b07a3c,Malware payload
2024-02-01,Payload delivery,tlsh,t1dc91659a26095ebdca5497d3d4503ad7876e1493b098de2ce4fc9f0ce1ef1f04276a,
2024-02-01,Payload delivery,ssdeep,48:YxY6wEdlpkofn16Ru+FzvDFU0NhtXN3rm/2xp9WhHp6Y2UHs1vhmObvK3moRteU5:spkocRtp9hEA9Sr2Ss1vhPMeHLJkwLax,
2024-02-01,Other,size-in-bytes,4274,
2024-02-01,Payload delivery,mime-type,application/json,
2024-02-01,Payload delivery,md5,17cf54181a710cc8635e1147f168e9cd,Malware payload
2024-02-01,Payload delivery,sha256,8be51f3a0b69195da2677c02ba3b73543e2023e059f05f8aca56fcdfdb99e31b,Malware payload
2024-02-01,Payload delivery,tlsh,t14291546a26095dbdcb9496d3d9843ac7d76e0053f194de28e4bd8f08e1ef1f10276a,
2024-02-01,Payload delivery,ssdeep,48:YxY6wxdlpkofn16Ru+FvDF4w0NhtXpk2Kp9Wo6sUHs1vFbvKzRteU3wxioorbGUR:xpkocRtxYyH97Ss1vdTHWNHx,
2024-02-01,Other,size-in-bytes,4403,
2024-02-01,Payload delivery,mime-type,application/json,
2024-02-01,Payload delivery,md5,c15313c1fc010ebe7088f04c08cf03df,Malware payload
2024-02-01,Payload delivery,sha256,ef48db9702f97abc4b5d2d2a0156fe864508a398db8b507128cb13cb7e8ab8ec,Malware payload
2024-02-01,Payload delivery,tlsh,t195159e0273d1c062ffab92334b5af6515bbc69260123e61f13a81d79be701b1563e7,
2024-02-01,Payload delivery,imphash,948cc502fe9226992dce9417f952fce3,
2024-02-01,Payload delivery,ssdeep,12288:sqDEvFo+yo4DdbbMWu/jrQu4M9lBAlKhQcDGB3cuBNGE6iOrpfe4JdaDgahTe:sqDEvCTbMWu7rQYlBQcBiT6rprG8a1e,
2024-02-01,Other,size-in-bytes,918016,
2024-02-01,Payload delivery,mime-type,application/x-dosexec,
2024-02-01,Payload delivery,md5,fadd8b188f93ce5dc155402d373d1aaa,Malware payload
2024-02-01,Payload delivery,sha256,86b40a695c879d4e14f1e51ec7aeb540c58f974bce44fcfcf43fb328bf91b335,Malware payload
2024-02-01,Payload delivery,tlsh,t169532a09b78b9261c9650af8d0f3849113f2978765b3db8f39c862d54f22bd2cd427,
2024-02-01,Payload delivery,imphash,f34d5f2d4577ed6d9ceec516c1f5a744,
2024-02-01,Payload delivery,ssdeep,1536:0254KXikWwCLs8whTmcvUq1nTWvDTkKSvVPVVU8c:02bihwCLs8whLUq1TWvDK9jc,
2024-02-01,Other,size-in-bytes,62976,
2024-02-01,Payload delivery,mime-type,application/x-dosexec,
2024-02-01,Payload delivery,md5,e69fb9b706ac625e9c589c19f6675109,Malware payload
2024-02-01,Payload delivery,sha256,dbe117949adb2360ff64ad1ed38b9f0a1d61bfe3fefedec35e4329c4b67b62c8,Malware payload
2024-02-01,Payload delivery,tlsh,t1c5a195af11692cbcc614c7d299d93e8787ed0153a298ac18fced5f0c92fe4b103659,
2024-02-01,Payload delivery,ssdeep,48:Yxg3SPhJSPdqKkY7EbnlUQl2O/hpk6nYK+z9SPmDF4w0dM0tXDSPGo2up9WvseNz:QOADkBIeKezz9EEEi1vZhYErvnSdP,
2024-02-01,Other,size-in-bytes,4940,
2024-02-01,Payload delivery,mime-type,application/json,
2024-02-01,Payload delivery,md5,6c100ab13f53cb57581a2a04759ae203,Malware payload
2024-02-01,Payload delivery,sha256,2056c1906a586f094e066d1796495376239233e78f7733e4924e8b93d01ffd6c,Malware payload
2024-02-01,Payload delivery,tlsh,t11ba1999712685cbccb14c7d741da3a9787ed0013a2a4ac14eded5f0c91ff8b50226d,
2024-02-01,Payload delivery,ssdeep,48:Yxg3SPhJSPdqKkY7EbnlUQl2Uhpk6nYK+zobgDF4w0dM0tXcg/i2up9WXibUfi1V:QOOkBtKCz93Ei1vnfYXLKOtAlDP,
2024-02-01,Other,size-in-bytes,4788,
2024-02-01,Payload delivery,mime-type,application/json,
2024-02-01,Payload delivery,md5,424fd4cfccd3277b0b5a590cc3f1c8e4,Malware payload
2024-02-01,Payload delivery,sha256,04b0e0e08e3f7d74ce09459b3994bd8a21c76567d10742fffbe6764ee2506bd0,Malware payload
2024-02-01,Payload delivery,tlsh,t1bfb533ea2eb30f98ce1783ff950b586107cbbdaba1b161662265f90c93ff0345446e,
2024-02-01,Payload delivery,imphash,baa93d47220682c04d92f7797d9224ce,
2024-02-01,Payload delivery,ssdeep,49152:kQ+1mNXVCzcXg0OSATkadIkf7Gaa/qPQagIFmPPAHiaA0EB:C1wXVwRJTHjIIcPJa,
2024-02-01,Other,size-in-bytes,2301440,
2024-02-01,Payload delivery,mime-type,application/x-dosexec,
2024-02-01,Payload delivery,md5,b1b40643958966c5320f87165c79badb,Malware payload
2024-02-01,Payload delivery,sha256,fa18a08cc5ba4eb21e6b5eb9e281908ee1e9d42048edfff6ca4d3f23cbdf582e,Malware payload
2024-02-01,Payload delivery,tlsh,t17091a5b7162d4cbc8a2487e7a5903bd7567f4167e084ad68b9a88f0ce0fe1f50136b,
2024-02-01,Payload delivery,ssdeep,96:YAvwlmkvQISnya0o9HT2FJ1vltPBik/oSnE:YAvwXo9z2FBik/3E,
2024-02-01,Other,size-in-bytes,4329,
2024-02-01,Payload delivery,mime-type,application/json,
2024-02-01,Payload delivery,md5,467c12103485835b864f1f38768041ad,Malware payload
2024-02-01,Payload delivery,sha256,822cfed6a098d45814d64e50276ee234ea97edffb8360f7f26e6d0fbb2ed7253,Malware payload
2024-02-01,Payload delivery,tlsh,t1f9e4238bae47aa39df9067709908851d2157af33bdb0d29b0340b61e637fa873c75c,
2024-02-01,Payload delivery,imphash,af02ce4a4548e322a95ca15cb9608683,
2024-02-01,Payload delivery,ssdeep,12288:8HLUMuiv9RgfSjAzRty26xGJeMTE3Z2ap4srKWLZ6JCtXZYJfmP:WtARD6EAMC41o6JfmP,
2024-02-01,Other,size-in-bytes,675186,
2024-02-01,Payload delivery,mime-type,application/x-dosexec,
2024-02-01,Payload delivery,md5,be9b7e4aad07af49cdaca2ab45954848,Malware payload
2024-02-01,Payload delivery,sha256,ce0e56a866f4f1a59d8fa2eab091d04a43e51cbe9b90a65131ff0438b4072ea7,Malware payload
2024-02-01,Payload delivery,tlsh,t17d7302964780199f6866ceb7964ae20a35d01cb0cae45a2bb130ef3e2d4d744c736f,
2024-02-01,Payload delivery,ssdeep,1536:cBCxrtK8IYsDLmQp1rTI2W9zHZ5+/7VCAp92Gb3NmmLOlZSyY3S4J8aIi9hF7xzs:cIttDT6LbfbWT5+JeGbdmjlN4Lzl7b90,
2024-02-01,Other,size-in-bytes,78592,
2024-02-01,Payload delivery,mime-type,application/octet-stream,
2024-02-01,Payload delivery,md5,736c1070b9281a590f3e72406fa356cd,Malware payload
2024-02-01,Payload delivery,sha256,e86f7e3aee9e6aeeb07969cacb438406b7ab8dee88d6eb1a50c67aadddd1fb02,Malware payload
2024-02-01,Payload delivery,tlsh,t119a1949732554cbccb2487ea44e23aaf47ad1073a0d49c24a9ad5f4c91ff8f10276d,
2024-02-01,Payload delivery,ssdeep,48:Yxg3SPhJSPdqKkY7EbnlUQl2gRifk/n0+aWHbgDF4w0biYtXcgFi2Hp9WoibUxG8:QOjkTaRug49KMG1v5vAlDW5q,
2024-02-01,Other,size-in-bytes,4780,
2024-02-01,Payload delivery,mime-type,application/json,
2024-02-01,Payload delivery,md5,a6aa9f2d199287114ca3644d31343f60,Malware payload
2024-02-01,Payload delivery,sha256,e98f83ca2b3db1c38ec38c9f354e2350892637511d50152597ca5e6b8236a1f9,Malware payload
2024-02-01,Payload delivery,tlsh,t11ca1a7ab15681cbd8714cbc395d93a9387ed0113a2a8ad14fcad5f0c82ff5b60366a,
2024-02-01,Payload delivery,ssdeep,48:Yxg3SPhJSPdqKkY7EbnlUQl2hhpk6nYK+zebDF4w0dM0tX8r82bp9WG9sYUfi1vS:QOvkBAKpg9nEi1v1/YNOYTP,
2024-02-01,Other,size-in-bytes,4971,
2024-02-01,Payload delivery,mime-type,application/json,
2024-02-01,Payload delivery,md5,97c3a08269eebc3a523bfc9a6e3b5a49,Malware payload
2024-02-01,Payload delivery,sha256,6008de2c0eac7e09f60e8e6bfed4d832bb525f8798bace6f4c4f5ea46be40f32,Malware payload
2024-02-01,Payload delivery,tlsh,t1a6f15300db8b51fef40486b44265ae33e23cda0d4c5c8f74ea24ef679567d05b8c68,
2024-02-01,Payload delivery,ssdeep,48:7I9HOkJOaXrmKSxqxl1/SbcnqMeRSqHfFkrHkL94SqMV7nOYKl0IK+ppobYLQTnu:VkJhYwNSbcxo/AkL94ShlxGKetjJxs+,
2024-02-01,Other,size-in-bytes,8192,
2024-02-01,Payload delivery,mime-type,application/x-dosexec,
2024-02-01,Payload delivery,md5,d4f0f5e44cc36e76fc523730147af1c5,Malware payload
2024-02-01,Payload delivery,sha256,84cfb9a892e85e72037688caf413db7546a2537d3a35867884bb822a8f12b86b,Malware payload
2024-02-01,Payload delivery,tlsh,t1c1a185eb65291cbcca19c7c290d93b8397fc015352a4ec24acac6b0cd2ff97153669,
2024-02-01,Payload delivery,ssdeep,48:Yxg3SPhJSPdqKkY7EbnlUQl2Fhpk6nYK+z1DF4w0dM0tXnGbZ2up9WSgyUfi1vUg:QOXkBhKWbZz9BEi1vUb8pbbYXqP,
2024-02-01,Other,size-in-bytes,5023,
2024-02-01,Payload delivery,mime-type,application/json,
2024-02-01,Payload delivery,md5,50cbf5d2e56f12358c7db15ca94f8ea5,Malware payload (RiseProStealer)
2024-02-01,Payload delivery,sha256,d6bb86741a31c7213c244e545059193f9484bdd48308b5baec1db2f1b2fb9c4a,Malware payload (RiseProStealer)
2024-02-01,Payload delivery,tlsh,t1eb4533ff453fcdd0c432f8f1a9aa5816d79db8b738486a7ba20bc14908391dd9b462,
2024-02-01,Payload delivery,imphash,5ab723dc8d5af21b79dc301ed6a56a64,
2024-02-01,Payload delivery,ssdeep,24576:zmLwE+5WiG/z0jJ6j0tCSYs9SfDSLwQ46icoECLAqfdscNnQ3v0lqCXBT/H:iLXcoz04j09YsJlPoEiNdscNQcqCXR/,
2024-02-01,Other,size-in-bytes,1196032,
2024-02-01,Payload delivery,mime-type,application/x-dosexec,
2024-02-01,Payload delivery,md5,0a12368183624059a336960bcabb61e9,Malware payload (Ransomware.Stop)
2024-02-01,Payload delivery,sha256,8feeee25a76b33e57a4bfef791f98500aa3d6d9bdff3c1926e022f16aed6e709,Malware payload (Ransomware.Stop)
2024-02-01,Payload delivery,tlsh,t17ee423527de6c077f2a35638943494f4aaefbde39aa9918b32583b273d311d048723,
2024-02-01,Payload delivery,imphash,fb785a281db53ea02bf0d250e3cfac23,
2024-02-01,Payload delivery,ssdeep,12288:rkdQ0KN7CUEJgGeEOPSYuIadWiPnZGUQ7rGS2ptbYu2vx2WAeD:d0FgsIadLnZGUQ3wuvYWBD,
2024-02-01,Other,size-in-bytes,686592,
2024-02-01,Payload delivery,mime-type,application/x-dosexec,
2024-02-01,Payload delivery,md5,3aa7650481992c93c804853d3d301532,Malware payload
2024-02-01,Payload delivery,sha256,96318e4491686742fc63a7e437d4b142cafa0def58561f10bfdbc0ab5b34bd5a,Malware payload
2024-02-01,Payload delivery,tlsh,t11d91b5b7162c4cacca1487d795503b97977f41a7f084ae68b9b88f08e0fe1b51136a,
2024-02-01,Payload delivery,ssdeep,48:Yx5AvwlYYwGKbsJkmnh+0DFU0omOtXxR23p9WtY2UKJ1vybaKqRrC3wxioiq/0CI:YAvwlJkv0S7U9/2FJ1vu8iq/0CE,
2024-02-01,Other,size-in-bytes,4323,
2024-02-01,Payload delivery,mime-type,application/json,
2024-02-01,Payload delivery,md5,0f767df1fa30b204dc039a7ced5518d8,Malware payload (BumbleBee)
2024-02-01,Payload delivery,sha256,6b12d3e6d388d1f38b1b99d1bb8070156931f227ae7feef7e5d578e0f54f02a6,Malware payload (BumbleBee)
2024-02-01,Payload delivery,tlsh,t1c145e011e2921fe4d4ba917680ab252bbb703e1c0725d377abc0d3377d937a45b1ab,
2024-02-01,Payload delivery,imphash,47e01530ad43ec939d1c47709a80a5c6,
2024-02-01,Payload delivery,ssdeep,24576:RX2XuxPjBCdsjb/mwzOW2R1c527W6osp2fp7zVrwzeV:jx7BzOWclYplMSV,
2024-02-01,Other,size-in-bytes,1222676,
2024-02-01,Payload delivery,mime-type,application/x-dosexec,
2024-02-01,Payload delivery,md5,46ad97466df99aa9a543421ae04a7e79,Malware payload
2024-02-01,Payload delivery,sha256,e77d5ae727f86c7a6218b72e34b5680f09a101877809378b685a02414776e4f8,Malware payload
2024-02-01,Payload delivery,tlsh,t1c041cc7ccf29f8e0037db0a08c492e2620949e57d6f58e24d9574ee62d7c20adf1b1,
2024-02-01,Payload delivery,ssdeep,48:LGfEFWuJqs9HZNjd+SfprcKyK0hE6S1FtfsC5P3RX5ZWiaoIhSNtv:LGfEFW87jd+Sfpbaq6S1FtfsC5P39EfW,
2024-02-01,Other,size-in-bytes,2219,
2024-02-01,Payload delivery,mime-type,text/plain,
2024-02-01,Payload delivery,md5,cca60dca9f4cf36cd1b1d60e500373d2,Malware payload
2024-02-01,Payload delivery,sha256,d6e0d893103bde84b146eb615d25e893e903f8f1df1f690e5fce966250d7e51d,Malware payload
2024-02-01,Payload delivery,tlsh,t136a1a5ab15695c7ccf20c7c695c93a8757ed015353a8ac18fdac6f0c92fe8a142659,
2024-02-01,Payload delivery,ssdeep,48:Yxg3SPhJSPdqKkY7EbnlUQl2lhpk6nYK+z1DF4w0dM0tXnT2up9WSFo8ZUfi1vAN:QOjkB5KDz9vLEi1vYYY9abSP,
2024-02-01,Other,size-in-bytes,4874,
2024-02-01,Payload delivery,mime-type,application/json,
2024-02-01,Payload delivery,md5,e8edab25182d71766d518c8669093025,Malware payload (Stealc)
2024-02-01,Payload delivery,sha256,6c8b93770c27537af0a0fe9d004892adf406f8dbf39d00117cc230fffe0677f2,Malware payload (Stealc)
2024-02-01,Payload delivery,tlsh,t1b3a5334db5578e32e8b98972a5312bf767be8e7845d435187734b7c8387002b229fb,
2024-02-01,Payload delivery,imphash,f4639a0b3116c2cfc71144b88a929cfd,
2024-02-01,Payload delivery,ssdeep,49152:ChfrF2z0X1W34qvuyXPHcqaGqW9gwLgMyu5noEiyIJAuC:CRFdFWINS/NF9gpMR5oEff,
2024-02-01,Other,size-in-bytes,2123215,
2024-02-01,Payload delivery,mime-type,application/x-dosexec,
2024-02-01,Payload delivery,md5,26d7f0496d1ca8ce97c28933023c528f,Malware payload
2024-02-01,Payload delivery,sha256,d96816cc98c68b88e0a92d5c1544c8bbbe991a31f212e4c5d9f7ea2827f9d9d5,Malware payload
2024-02-01,Payload delivery,tlsh,t135a1779712585dbc8b14c7d785da3aab87ed0013a2a4ac24fded5f0c91ff8b50265a,
2024-02-01,Payload delivery,ssdeep,48:Yxg3SPhJSPdqKkY7EbnlUQl2qhpk6nYK+zobgDF4w0dM0tXcg/i2up9WXibUfi1H:QOokBtKCz93Ei1vnfY2IYP,
2024-02-01,Other,size-in-bytes,4787,
2024-02-01,Payload delivery,mime-type,application/json,
2024-02-01,Payload delivery,md5,0c8d7d504583a74ac00cd9b6c2588a57,Malware payload (Stealc)
2024-02-01,Payload delivery,sha256,9ba80234848ee803f8eadccf2f0a6171d5c62a52ddea54e51cdb05abb0ed3083,Malware payload (Stealc)
2024-02-01,Payload delivery,tlsh,t110a5334db5538e32e8b94972a5312bfb67be8e7845d435187734b7c8787002a239fb,
2024-02-01,Payload delivery,imphash,f4639a0b3116c2cfc71144b88a929cfd,
2024-02-01,Payload delivery,ssdeep,49152:Ch0F2z0X1W34qvuyXPHcqaGqW9gwLgMyu5noEiyIJAuJ:CeFdFWINS/NF9gpMR5oEfM,
2024-02-01,Other,size-in-bytes,2123220,
2024-02-01,Payload delivery,mime-type,application/x-dosexec,
2024-02-01,Payload delivery,md5,fbe9237e0f5f0990d1d8d94200e6b6cd,Malware payload (Smoke Loader)
2024-02-01,Payload delivery,sha256,62bbd56c1f1e4e2a2338f7b064da77fd434f1a4d5f98dca9d92c33c3ab823464,Malware payload (Smoke Loader)
2024-02-01,Payload delivery,tlsh,t1b404cf1139e2d476e6b385741c70f2a15a3bfc6296a7c15f32492b6f3e322d58da13,
2024-02-01,Payload delivery,imphash,fb785a281db53ea02bf0d250e3cfac23,
2024-02-01,Payload delivery,ssdeep,3072:5MYLbn0vp2lB6EeUulj9Dq42PvfhFPTd5SQ593x6TNm5:5/LD0/EYMPvzdB3l,
2024-02-01,Other,size-in-bytes,176128,
2024-02-01,Payload delivery,mime-type,application/x-dosexec,
2024-02-01,Payload delivery,md5,ed58db27119bd185889c20c9a51f965e,Malware payload (Stealc)
2024-02-01,Payload delivery,sha256,af93512692780e607f7f46ba4ec615e13d6e12f541a50017b724eb1c887ceaf2,Malware payload (Stealc)
2024-02-01,Payload delivery,tlsh,t1d2a5334db5578e32e8b94972a5312bfb67be8e7845d435187734b7c8387002b229fb,
2024-02-01,Payload delivery,imphash,f4639a0b3116c2cfc71144b88a929cfd,
2024-02-01,Payload delivery,ssdeep,49152:Ch0F2z0X1W34qvuyXPHcqaGqW9gwLgMyu5noEiyIJAuq:CeFdFWINS/NF9gpMR5oEfn,
2024-02-01,Other,size-in-bytes,2123221,
2024-02-01,Payload delivery,mime-type,application/x-dosexec,
2024-02-01,Payload delivery,md5,62c4a88ae1a4dddd36c7f3b27c928bf5,Malware payload
2024-02-01,Payload delivery,sha256,d5da471955c92e2d292e5ff7a5f40e0d505db94bbf4094841071ea02a06d4d84,Malware payload
2024-02-01,Payload delivery,tlsh,t1bf91437572180c7d863482d6b4597ad767be0267a0d4ec28a8bd4f0ce6ff1f205b66,
2024-02-01,Payload delivery,ssdeep,96:8bZknCs+w/05TH9I681vdEHAbpZcDxlPO:8b21R0B9I6KEgbp+DxlPO,
2024-02-01,Other,size-in-bytes,4238,
2024-02-01,Payload delivery,mime-type,application/json,
2024-02-01,Payload delivery,md5,6610301bed17399db4fd9f8e23c2e952,Malware payload
2024-02-01,Payload delivery,sha256,ab074583daa6f7111e970030ecccffce64ff31fa140dddddba4cab0ee3ec5aeb,Malware payload
2024-02-01,Payload delivery,tlsh,t1f791649a27085dbcc644a6e3d9903ad7876e0493e194ed2cd8fd9f08e1ef1f003769,
2024-02-01,Payload delivery,ssdeep,48:YxY6wZdlpkofn16Ru+FkDFU0NhtXeV2Qp9We6T2UHs1vibvKqRteU3wxioLTQEnn:5pkocRtG9U/9K2Ss1veiHLTJnjxx,
2024-02-01,Other,size-in-bytes,4274,
2024-02-01,Payload delivery,mime-type,application/json,
2024-02-01,Payload delivery,md5,de8290a73d05883f159c2fd797243a0f,Malware payload
2024-02-01,Payload delivery,sha256,eba40c364b51a8a92052368307f0fc091e4897a205aaa7e6f6bdebf0ee6b256d,Malware payload
2024-02-01,Payload delivery,tlsh,t16ca185ab31550cbc86244bea95e53e8b47ad0173a094ad28f4ad4f4c85ff8f6037b9,
2024-02-01,Payload delivery,ssdeep,48:Yxg3SPhJSPdqKkY7EbnlUQl2NGRifk/n0+aW/bDF4w0biYtX8rG2xp9WoKsYUxGO:QOHkTakuNe9yMG1vbDAMF0x,
2024-02-01,Other,size-in-bytes,4953,
2024-02-01,Payload delivery,mime-type,application/json,
2024-02-01,Payload delivery,md5,4ae20f43370521cab3bc99af2e2a749c,Malware payload (RiseProStealer)
2024-02-01,Payload delivery,sha256,03f4d7dfe9f38c2430639b8aa4b4f91c6d61c9123bf6eefe30d0bdb27ea8f0e4,Malware payload (RiseProStealer)
2024-02-01,Payload delivery,tlsh,t14a4533ea0e3f41c8f660aef4401b9566ee6039e1850495053e5f13cf9b68edd9bcad,
2024-02-01,Payload delivery,imphash,5ab723dc8d5af21b79dc301ed6a56a64,
2024-02-01,Payload delivery,ssdeep,24576:OksZQy6CKfK4Ds8hshtJgwQqsiK3R4nk9XCZnQ3v0lH:OksZkC2RoPh8lX3RGKXCZQcH,
2024-02-01,Other,size-in-bytes,1195520,
2024-02-01,Payload delivery,mime-type,application/x-dosexec,
2024-02-01,Payload delivery,md5,8a39039a67ff321f0fdeb6b87bc30170,Malware payload
2024-02-01,Payload delivery,sha256,384d05e14b82195fae86723e2d87bb2427e4cfab611e5c7eaf11c0b567359b38,Malware payload
2024-02-01,Payload delivery,tlsh,t1fba1839f21692cbc871487d698d53e9787ed0053a2a8bc18bced5f0c92fe8a103655,
2024-02-01,Payload delivery,ssdeep,48:Yxg3SPhJSPdqKkY7EbnlUQl2Ohpk6nYK+z9SPmDF4w0dM0tXDSPGo2up9WvseNEc:QOMkBIeKezz9EEEi1vZhYE6dP,
2024-02-01,Other,size-in-bytes,4950,
2024-02-01,Payload delivery,mime-type,application/json,
2024-02-01,Payload delivery,md5,f8c3f6f76ee494743cf667e7ae25e217,Malware payload
2024-02-01,Payload delivery,sha256,102048dc3e7c9800a63c2d79009b1e8558002b8a067d9ebfa3cc77e1db7bca6e,Malware payload
2024-02-01,Payload delivery,tlsh,t1d291435926085dbdca9496d3d8443ad7c76e1453e094ed38e4bd9f08a1ef1f102b6a,
2024-02-01,Payload delivery,ssdeep,48:YxY6wDdlpkofn16Ru+FvDF4w0NhtXpk2Kp9Wo6sUHs1vFbvKzRteU3wxioorbhBL:rpkocRtxYyH97Ss1vdTHWhvx,
2024-02-01,Other,size-in-bytes,4413,
2024-02-01,Payload delivery,mime-type,application/json,
2024-02-01,Payload delivery,md5,4d4ce6dfc1c6ce26867affac62b4aedb,Malware payload
2024-02-01,Payload delivery,sha256,c7ffd4413225926459cc3b68f472c626109fc2ccc6c2b82f214c5d244524736b,Malware payload
2024-02-01,Payload delivery,tlsh,t13891526619385d7ccb5885ca94fc3d4e567d005bf1609c18a5dd8f0ae2ff1f183a65,
2024-02-01,Payload delivery,ssdeep,96:eySPrkYOhDH5R0DWfrfT594ds1Y7g1vUreHTMsgiFERZGEJeR:eySPQThr5RIWfrt94ds1Y7FrezMsgiFl,
2024-02-01,Other,size-in-bytes,4614,
2024-02-01,Payload delivery,mime-type,application/json,
2024-02-01,Payload delivery,md5,7fe86ad75cca00b537fc4607fba2a7bb,Malware payload (Stealc)
2024-02-01,Payload delivery,sha256,13f43a9d30691cddcc7075dbe4585bd906dbc80d4454c6e149d019cbf79a6d45,Malware payload (Stealc)
2024-02-01,Payload delivery,tlsh,t19104cf187af9c437e2f745746870d5a06a3bfc665eb1808f36192aaf3d722c15e623,
2024-02-01,Payload delivery,imphash,fb785a281db53ea02bf0d250e3cfac23,
2024-02-01,Payload delivery,ssdeep,3072:WlYLbnDlIcuL0mITZgqIdn3Xc6Nt/QRSU5ppx6TNm5:W2LDDlWL3EIdn3/NNMpl,
2024-02-01,Other,size-in-bytes,176128,
2024-02-01,Payload delivery,mime-type,application/x-dosexec,
2024-02-01,Payload delivery,md5,c33d59250088122bba9a263446d3f876,Malware payload
2024-02-01,Payload delivery,sha256,78d2625e5934160f346a94c2c52776471e58e0bfe9e5585077fdc2453a8c5b2d,Malware payload
2024-02-01,Payload delivery,tlsh,t109a1955b31551cacc52487e798e13e8b97bd00b7a0c4ac18b8ed5f5896ff8f1037a9,
2024-02-01,Payload delivery,ssdeep,48:Yxg3SPhJSPdqKkY7EbnlUQl2XRifk/n0+aWKSPmDF4w0biYtXDSPGq2Hp9WcseNa:QO2kTaUeuef49VEMG1vHRALVat,
2024-02-01,Other,size-in-bytes,4932,
2024-02-01,Payload delivery,mime-type,application/json,
2024-02-01,Payload delivery,md5,11af0079ff1a42ae09ae1617681ac199,Malware payload
2024-02-01,Payload delivery,sha256,47ce19ce08981c9ea61a5a5138f5563a47db06501f4a6c331e684e39bd77e4bc,Malware payload
2024-02-01,Payload delivery,tlsh,t15c91739a26085dbc865496d3e8403ad7876e1093b198dd2ce4fd9f08f1ef1f04276a,
2024-02-01,Payload delivery,ssdeep,48:YxY6wcdlpkofn16Ru+FzvDFU0NhtXN3rm/2xp9WhHp6Y2UHs1vhmObvK3moRteUk:kpkocRtp9hEA9Sr2Ss1vhPMeHLsGx,
2024-02-01,Other,size-in-bytes,4284,
2024-02-01,Payload delivery,mime-type,application/json,
2024-02-01,Payload delivery,md5,6a60ca47ddf5a1f649a324994af5275f,Malware payload
2024-02-01,Payload delivery,sha256,767b277f754d1e479e5ad2fd2cb13bbed69174abfbb45f5c7c34566caeaaa456,Malware payload
2024-02-01,Payload delivery,tlsh,t1529185f7b1155eb8c61fc5ea569939cfcabd001390709c1ce5aa4b4b98fe1b513239,
2024-02-01,Payload delivery,ssdeep,96:XGr9k0yan4wgaBSQcsTN9+BMOy0G1vRctHsz9UAeGdiaSVXr:30049rVGmldiaw,
2024-02-01,Other,size-in-bytes,4529,
2024-02-01,Payload delivery,mime-type,application/json,
2024-02-01,Payload delivery,md5,98c8559ea1e31353a53f41c6421698c5,Malware payload (Smoke Loader)
2024-02-01,Payload delivery,sha256,6c7e6c28adc7cca655397b19b9cc612a8837027b34a0c2e822ccb5ef42588e4c,Malware payload (Smoke Loader)
2024-02-01,Payload delivery,tlsh,t1eb04df187af0d032d6b346746834d5a46e3bfc6a9ab1818f36492b6f3e323d16d653,
2024-02-01,Payload delivery,imphash,fb785a281db53ea02bf0d250e3cfac23,
2024-02-01,Payload delivery,ssdeep,3072:4XYLbnIvp1dZN4c/TCvASS5aiJx6TNm5:4ILDKP44TCsJl,
2024-02-01,Other,size-in-bytes,176640,
2024-02-01,Payload delivery,mime-type,application/x-dosexec,
2024-02-01,Payload delivery,md5,9d8c2219dfa60091d87999640dd176ac,Malware payload
2024-02-01,Payload delivery,sha256,b6ad859dfdc8b3e6e78a367d313659381700c2eb0bec86b8002061e2cc05ebe1,Malware payload
2024-02-01,Payload delivery,tlsh,t142a1b8ab35664cbcca1487ea94d13e8b57ad00b39194ec18b9ec5f4c81ee8f1437a9,
2024-02-01,Payload delivery,ssdeep,48:Yxg3SPhJSPdqKkY7EbnlUQl2pRifk/n0+aW0DF4w0biYtXnR2Hp9WO8ZUxG1v+bb:QOAkTa1uh49AMG1vSmAuxo,
2024-02-01,Other,size-in-bytes,4855,
2024-02-01,Payload delivery,mime-type,application/json,
2024-02-01,Payload delivery,md5,f7939439aac60e6ab0be2713fe1675f9,Malware payload (Amadey)
2024-02-01,Payload delivery,sha256,52c2f0f68c5d831116f28eb149c452beb211bed6c2f1662cf8a740de61d9be58,Malware payload (Amadey)
2024-02-01,Payload delivery,tlsh,t1e60523b8c31ac530ca52a0ba465749a45fedbe0d57c59a0513afcca18e90bdc5b27f,
2024-02-01,Payload delivery,imphash,7515ecf8c0dfa4d230ad835fe0acb57f,
2024-02-01,Payload delivery,ssdeep,24576:18/0sc0kHgnlwQfRHW/nSWg7i+MZEjTOrG:18RbnllfR2/SWgLP,
2024-02-01,Other,size-in-bytes,809984,
2024-02-01,Payload delivery,mime-type,application/x-dosexec,
2024-02-01,Payload delivery,md5,fade58f10b00100ecc7be2472b2537a6,Malware payload
2024-02-01,Payload delivery,sha256,2703332b91bbef85228fc9dee3ce265411e7ba6e0db2cb60da851a50ecfe4442,Malware payload
2024-02-01,Payload delivery,tlsh,t1b791753662141cbe8a28868be4543bf35bee05a391c4ac28d4be5f5ca1ff5f101765,
2024-02-01,Payload delivery,ssdeep,96:zOzOw+km7O8ZlOFKiwTH9DnT71vfihHxisoZ5WWTzau1y4+:YPHKT9TTx+RJoDWUau03,
2024-02-01,Other,size-in-bytes,4272,
2024-02-01,Payload delivery,mime-type,application/json,
2024-02-01,Payload delivery,md5,7af2ac784f70e1f51e7d397e277332f6,Malware payload
2024-02-01,Payload delivery,sha256,5371fbcc6b09621de71abbb9aebcacdc8315d26702a1d7861ba2dbf4fa139711,Malware payload
2024-02-01,Payload delivery,tlsh,t16e928f35a8a1641b403bd8f9356fa28df82194078c4749a4b11f412dcbf6e934baff,
2024-02-01,Payload delivery,ssdeep,384:OftrMf+F0e0H3nX2W6E45wse5QjuFwgzxdaqlU4:tIn0H3nXh6tOseQZgraqb,
2024-02-01,Other,size-in-bytes,19559,
2024-02-01,Payload delivery,mime-type,text/html,
2024-02-01,Payload delivery,md5,58fa36002cf19ea99853d238ba792030,Malware payload
2024-02-01,Payload delivery,sha256,212dcfc1d4b4eeab364e6916f2abcf9420af59f2de6fd3077528f97298ab3a62,Malware payload
2024-02-01,Payload delivery,tlsh,t1a9916426251c0cbe87294b92a05c7ad76bae02639094fd2888bd4f4ca5ff2f141769,
2024-02-01,Payload delivery,ssdeep,96:jjKekxq8pVFawTH9o2nTv71vzhHtsIZhOgl4R+:jjKvguFaA9o2nbdhNsIr9WR+,
2024-02-01,Other,size-in-bytes,4213,
2024-02-01,Payload delivery,mime-type,application/json,
2024-02-01,Payload delivery,md5,c9ee16a7d49774b72a5969ff18d1ae37,Malware payload
2024-02-01,Payload delivery,sha256,a2272f3a42673bd7456d9e53042b91c2412f282b363cc2117f23e59a6cd0f707,Malware payload
2024-02-01,Payload delivery,tlsh,t161a1b65b35654cacc52487ea94e23e8b57ad0073a594ac18a8ac5f5c85fe8f1037ea,
2024-02-01,Payload delivery,ssdeep,48:Yxg3SPhJSPdqKkY7EbnlUQl2eRifk/n0+aWblFDF4w0biYtXqlNBT2Hp9Wt0mUx2:QOpkTaGuIT49YMG1veKAt6hf,
2024-02-01,Other,size-in-bytes,4830,
2024-02-01,Payload delivery,mime-type,application/json,
2024-02-01,Payload delivery,md5,5b5d4d7cad246be6ebce51baa6423fcf,Malware payload
2024-02-01,Payload delivery,sha256,ee374b224445eb57e89da86ac4fe066c974ce5f8b7e4fd2b92194810a8148609,Malware payload
2024-02-01,Payload delivery,tlsh,t199159e0273d1c062ffab92334b5af6515bbc69260123e61f13981db9be701b1563e7,
2024-02-01,Payload delivery,imphash,948cc502fe9226992dce9417f952fce3,
2024-02-01,Payload delivery,ssdeep,12288:RqDEvFo+yo4DdbbMWu/jrQu4M9lBAlKhQcDGB3cuBNGE6iOrpfe4JdaDgawT4:RqDEvCTbMWu7rQYlBQcBiT6rprG8aI4,
2024-02-01,Other,size-in-bytes,917504,
2024-02-01,Payload delivery,mime-type,application/x-dosexec,
2024-02-01,Payload delivery,md5,c7dfcf13b0dc4dd685114a6a2f0233ac,Malware payload (Stealc)
2024-02-01,Payload delivery,sha256,3786f3f45f703b7faa2b971ac1d9cddfa14115b1926a874a294809bf747355dc,Malware payload (Stealc)
2024-02-01,Payload delivery,tlsh,t1d5a5334db5578e32e8b98972a5312bf767be8e7845d435187734b7c8387002b239fa,
2024-02-01,Payload delivery,imphash,f4639a0b3116c2cfc71144b88a929cfd,
2024-02-01,Payload delivery,ssdeep,49152:ChxF2z0X1W34qvuyXPHcqaGqW9gwLgMyu5noEiyIJAuK:CXFdFWINS/NF9gpMR5oEf7,
2024-02-01,Other,size-in-bytes,2123215,
2024-02-01,Payload delivery,mime-type,application/x-dosexec,
2024-02-01,Payload delivery,md5,e628869e3b9c516d87c3bb745a83d986,Malware payload
2024-02-01,Payload delivery,sha256,04c9430b1c288d7a5c365260cf1e5bcc2598bdaed36e4dc25c47d2801c986634,Malware payload
2024-02-01,Payload delivery,tlsh,t1bba1a8ab25795cbccb24c7c655d63e8757ed0013a2a4ad14ecac5f0c91fe871027aa,
2024-02-01,Payload delivery,ssdeep,48:Yxg3SPhJSPdqKkY7EbnlUQl2ohpk6nYK+zMlFDF4w0dM0tXqlNjT2up9WMTv0mUq:QOGkB6KoTz9DEi1vgQYfgZP,
2024-02-01,Other,size-in-bytes,4850,
2024-02-01,Payload delivery,mime-type,application/json,
2024-02-01,Payload delivery,md5,9c76b991b7add1a19517de948855d44d,Malware payload
2024-02-01,Payload delivery,sha256,df32b1153bb58e0c0513758e50fc8b5599ca7c5c956f999c7c52ce09c67251bd,Malware payload
2024-02-01,Payload delivery,tlsh,t17cb533f60d335a60e10b1bb1959707b23443ae4312b9d323ba54f9a163fcd70b9a9e,
2024-02-01,Payload delivery,imphash,baa93d47220682c04d92f7797d9224ce,
2024-02-01,Payload delivery,ssdeep,49152:pNs/FG+/VhD2XBPRfWiHkogNpDQvqk6qNU:pNswWnw7Hkogg,
2024-02-01,Other,size-in-bytes,2290176,
2024-02-01,Payload delivery,mime-type,application/x-dosexec,
2024-02-01,Payload delivery,md5,74669dafd403bd4e739cf77e82190ac9,Malware payload
2024-02-01,Payload delivery,sha256,eb44d69de701cab47aa17bf017fea07a514c313f7a476e2cf306d231c8254ade,Malware payload
2024-02-01,Payload delivery,tlsh,t194a184ab35550cbcc52987da94e53f8b97bc00a39494ec28a49c9f5cd2ff8f1437a9,
2024-02-01,Payload delivery,ssdeep,48:Yxg3SPhJSPdqKkY7EbnlUQl2xRifk/n0+aWCDF4w0biYtXnQbZ2Hp9WjyUxG1vCU:QOEkTa1uAbZ49bMG1vCb8vbJADVcn,
2024-02-01,Other,size-in-bytes,5015,
2024-02-01,Payload delivery,mime-type,application/json,
2024-02-01,Payload delivery,md5,dc1b799c217adb67ad64a98c6d185ab7,Malware payload
2024-02-01,Payload delivery,sha256,1d88cebe3375e75e6ea5ca524171bd4bf952e5f63503e7719e8cb3609fba263a,Malware payload
2024-02-01,Payload delivery,tlsh,t1ec9186b715284cbcc62487d3a5943bd7467f4167e0c49d58b9b88f0ce0fe1f51136a,
2024-02-01,Payload delivery,ssdeep,96:YAvwlzxkvQISnya0o9HT2FJ1vltPBiguiCRnE:YAvJXo9z2FBigui4E,
2024-02-01,Other,size-in-bytes,4339,
2024-02-01,Payload delivery,mime-type,application/json,
2024-02-01,Payload delivery,md5,cab80508923b0d1c69a39737647d7e73,Malware payload
2024-02-01,Payload delivery,sha256,c54ccb4b9c80f18bb0ad5cd456a147eb6fa3c45c3e3d85e6ba54b7eb48555bd0,Malware payload
2024-02-01,Payload delivery,tlsh,t14c91549a26085dbcc65497d3e5443ad7876e0493a198dd2ce8fddf08e1ef1f002769,
2024-02-01,Payload delivery,ssdeep,48:YxY6wZdlpkofn16Ru+FkDFU0NhtXeV2Qp9We6T2UHs1vibvKqRteU3wxioLFZBd6:5pkocRtG9U/9K2Ss1veiHLFZBdMx,
2024-02-01,Other,size-in-bytes,4274,
2024-02-01,Payload delivery,mime-type,application/json,
2024-02-01,Payload delivery,md5,3f576fb21ab20cb23a90ea580e2bf029,Malware payload
2024-02-01,Payload delivery,sha256,7d382b814ed78cd237d088f3cad718b9aa0ee0392a1aae391569fe2d74c0cb98,Malware payload
2024-02-01,Payload delivery,tlsh,t1a291526926095dbdcb9496d3e4803ac7d76e1053e094ed28e8bd9b08e1ef1f10276a,
2024-02-01,Payload delivery,ssdeep,48:YxY6wadlpkofn16Ru+FvDF4w0NhtXpk2Kp9Wo6sUHs1vFbvKzRteU3wxioorbhHz:apkocRtxYyH97Ss1vdTHWF66x,
2024-02-01,Other,size-in-bytes,4403,
2024-02-01,Payload delivery,mime-type,application/json,
2024-02-01,Payload delivery,md5,fe7272af3c1616acf06f981f09aa08dd,Malware payload
2024-02-01,Payload delivery,sha256,96669cf37e340211284f8069f0301ad6950e9cee40da4efe70608533b93e59ef,Malware payload
2024-02-01,Payload delivery,tlsh,t11ea1b55b35654cbcc624c7ea94e23e8b57ac0073a1d4ec18e8ac5f5894fe8f1437ea,
2024-02-01,Payload delivery,ssdeep,48:Yxg3SPhJSPdqKkY7EbnlUQl2JRifk/n0+aWblFDF4w0biYtXqlNBT2Hp9Wt0mUxR:QO0kTaGuIT49YMG1veKABMiN,
2024-02-01,Other,size-in-bytes,4832,
2024-02-01,Payload delivery,mime-type,application/json,
2024-02-01,Payload delivery,md5,eba777aa272d0496249ff56cb3f2aea8,Malware payload
2024-02-01,Payload delivery,sha256,0c078e6f6eed1168038f9326ab0739b7b7490c929acb5dfc4feab04852cbf028,Malware payload
2024-02-01,Payload delivery,tlsh,t1a991762562140cbd8728869be4447bf35bee059391d4ec28d4be9f5ca0ff5f111769,
2024-02-01,Payload delivery,ssdeep,96:zOzOP+km7O8ZlOFKiwTH9DnT71vfihHxisoZ5O+uI4+:HPHKT9TTx+RJoDRj3,
2024-02-01,Other,size-in-bytes,4262,
2024-02-01,Payload delivery,mime-type,application/json,
2024-02-01,Payload delivery,md5,0617b844f21f4bc62fc92d718ff54bce,Malware payload
2024-02-01,Payload delivery,sha256,1bacaff00afde27de5facadd14e0c02fbd81a454ea26deed7355fdb996aac486,Malware payload
2024-02-01,Payload delivery,tlsh,t15da1855732554cbc8b248beb94e63e9f47ad0073a0949c18a5ed5f4c91ff8f10276d,
2024-02-01,Payload delivery,ssdeep,48:Yxg3SPhJSPdqKkY7EbnlUQl2yRifk/n0+aWHbgDF4w0biYtXcgFi2Hp9WoibUxGX:QOBkTaRug49KMG1v5vAcuBw,
2024-02-01,Other,size-in-bytes,4770,
2024-02-01,Payload delivery,mime-type,application/json,
2024-02-01,Payload delivery,md5,b3288f7c0060ff921a3bc3d4b4874ad5,Malware payload
2024-02-01,Payload delivery,sha256,81e6a1d53ab9cd1e9118c3d0129b0bf05080d7976e97184685ed41ae859f90bc,Malware payload
2024-02-01,Payload delivery,tlsh,t18e9195e7b1155eb8c51fc4ee56a939cfcabd005390305c1cd5aa4b0b88fe1b52363d,
2024-02-01,Payload delivery,ssdeep,96:XGy9k0yan4wgaBSQcsTN9+BMOy0G1vRctHsz9UAeG41XC7RVXr:m0049rVGmliC7r,
2024-02-01,Other,size-in-bytes,4539,
2024-02-01,Payload delivery,mime-type,application/json,
2024-02-01,Payload delivery,md5,6f94bad1d9435f7aac023eb75d8ce4e9,Malware payload
2024-02-01,Payload delivery,sha256,5fc88f61199ae2996e86895ff3534cb50060c3b4d3075c93d7a8fd892e1dec9a,Malware payload
2024-02-01,Payload delivery,tlsh,t1e1a175af11692cbcc71487d659d93e8787ed0057a298ac18bded6f0c92ff4a10365a,
2024-02-01,Payload delivery,ssdeep,48:Yxg3SPhJSPdqKkY7EbnlUQl2ohpk6nYK+z9SPmDF4w0dM0tXDSPGo2up9WvseNEP:QOSkBIeKezz9EEEi1vZhYSC+ndP,
2024-02-01,Other,size-in-bytes,4940,
2024-02-01,Payload delivery,mime-type,application/json,
2024-02-01,Payload delivery,md5,de93893731f1df734bec69affcfb2a91,Malware payload
2024-02-01,Payload delivery,sha256,2ee98c12055a9ba2c14c8d25dec8ce3be1dfe64e71d3e012f4fed8585019096c,Malware payload
2024-02-01,Payload delivery,tlsh,t184919426261c0cbec7384b87a05c7ad76bae02639184fd2898bd4f0ca5ff2b141769,
2024-02-01,Payload delivery,ssdeep,96:jjPekxq8pVFawTH9o2nTv71vzhHtsIZhcvWQR+:jjPvguFaA9o2nbdhNsIrqWQR+,
2024-02-01,Other,size-in-bytes,4225,
2024-02-01,Payload delivery,mime-type,application/json,
2024-02-01,Payload delivery,md5,d22ecd6502551ce5c94af27e9e0f2579,Malware payload
2024-02-01,Payload delivery,sha256,3bf25e0b2f2b923f0f4926a05579bb007c74ba6975da6c4e78fdd07a73325cbd,Malware payload
2024-02-01,Payload delivery,tlsh,t1b3918566261c0cbdc7284b92a01c7bd767ae027790d4fd2888bd9f4ca5ff2b241769,
2024-02-01,Payload delivery,ssdeep,96:jjTekxq8pVFawTH9o2nTv71vzhHtsIZharcR+:jjTvguFaA9o2nbdhNsIrGcR+,
2024-02-01,Other,size-in-bytes,4225,
2024-02-01,Payload delivery,mime-type,application/json,
2024-02-01,Payload delivery,md5,bf9b313b433b4360e6be1180f9ac03b7,Malware payload (Stealc)
2024-02-01,Payload delivery,sha256,1b98ff3d14eb43fe194e8125eb8697285b73e85fb9464fbb738f704f3210b763,Malware payload (Stealc)
2024-02-01,Payload delivery,tlsh,t1d904cf407bf1d036e6b38a745930c2b42e3bbc669a74818b3249bb6f3e322d1dd553,
2024-02-01,Payload delivery,imphash,fb785a281db53ea02bf0d250e3cfac23,
2024-02-01,Payload delivery,ssdeep,3072:ImYLbnFUgErUUUSPxRfLAtXVXaFf8yXU4YZWkkSSa582x6TNm5:IxLDy7UUU+xUoc4WW2l,
2024-02-01,Other,size-in-bytes,176128,
2024-02-01,Payload delivery,mime-type,application/x-dosexec,
2024-02-01,Payload delivery,md5,3b8721bc4dc09659c314ed56bf7a0505,Malware payload
2024-02-01,Payload delivery,sha256,23b9a2d9e7d78c1a617e1f5bbae0af08c0143bfdab09e34ba92b7ef35e5db741,Malware payload
2024-02-01,Payload delivery,tlsh,t1dca1889712685cbccb14c7d645da3aab47ed001392a4ac14eded5f0c91ff8b50266d,
2024-02-01,Payload delivery,ssdeep,48:Yxg3SPhJSPdqKkY7EbnlUQl23hpk6nYK+zobgDF4w0dM0tXcg/i2up9WXibUfi1C:QOpkBtKCz93Ei1vnfYQwP,
2024-02-01,Other,size-in-bytes,4788,
2024-02-01,Payload delivery,mime-type,application/json,
2024-02-01,Payload delivery,md5,b6a101a0b6535086e6139bd3ea78ba56,Malware payload
2024-02-01,Payload delivery,sha256,29236bb32597436b9d700968c03b74a7ac70be356e645bdc85d10b1bfdc29a7f,Malware payload
2024-02-01,Payload delivery,tlsh,t1809197ebb1155eb8c51fc5ee56a939cfcabd001390745c5ce59a4b0b88fe1b51323d,
2024-02-01,Payload delivery,ssdeep,96:XGG9k0yan4wgaBSQcsTN9+BMOy0G1vRctHsz9UAeGzkmVXr:K0049rVGmlzkc,
2024-02-01,Other,size-in-bytes,4529,
2024-02-01,Payload delivery,mime-type,application/json,
2024-02-01,Payload delivery,md5,bc0327aa50ed1ee6c151b70341717fae,Malware payload
2024-02-01,Payload delivery,sha256,dab52f91dd45216c0e50c857e216b7250333169d81045b57eb6cec5e0104aac9,Malware payload
2024-02-01,Payload delivery,tlsh,t15041dc7ccf29f8e0037db0a088492e2620949e57d6f58e24d9574ee62d7c24adf2b1,
2024-02-01,Payload delivery,ssdeep,48:LGfEFWuJqs9HZNjd+SfprcKyK0hE6S1FtfsC5P3RX5ZWiaoIhSNtW:LGfEFW87jd+Sfpbaq6S1FtfsC5P39EfL,
2024-02-01,Other,size-in-bytes,2219,
2024-02-01,Payload delivery,mime-type,text/plain,
2024-02-01,Payload delivery,md5,84266989e91838ab798e85d6bef6de3f,Malware payload
2024-02-01,Payload delivery,sha256,80d195b9c47ed6d4809040d87cc4c38ff94e99886265dd4f7af2e2c20dba42d3,Malware payload
2024-02-01,Payload delivery,tlsh,t1e7a1855b31161cacc61487ea98e13e8b97ad00b3a1d4ec18b8ed5f5c96fe8f103769,
2024-02-01,Payload delivery,ssdeep,48:Yxg3SPhJSPdqKkY7EbnlUQl2MzRifk/n0+aWKSPmDF4w0biYtXDSPGq2Hp9WcseG:QO6IkTaUeuef49VEMG1vHRA1aFnt,
2024-02-01,Other,size-in-bytes,4932,
2024-02-01,Payload delivery,mime-type,application/json,
2024-02-01,Payload delivery,md5,7456c825d6cd1b063029a0216a943886,Malware payload
2024-02-01,Payload delivery,sha256,3d23acb2345a89c3a1513b3a4594135afbb5e6a95786854d42f7d0f0fe9983a3,Malware payload
2024-02-01,Payload delivery,tlsh,t1acb533f834768899e1d72ff18217c5d202236ea73860e205ae58fd205fff67ad941d,
2024-02-01,Payload delivery,imphash,baa93d47220682c04d92f7797d9224ce,
2024-02-01,Payload delivery,ssdeep,49152:PZtCyNHtJyLCCbf8ywyAHgyZSYMpEc4fCNv6yvgUZcXrg6J:PZxLJyuCbBwbAy/I54fC8yvgUZcXrjJ,
2024-02-01,Other,size-in-bytes,2344960,
2024-02-01,Payload delivery,mime-type,application/x-dosexec,
2024-02-01,Payload delivery,md5,d64f94b6e9ee414373822294b72a8bfe,Malware payload
2024-02-01,Payload delivery,sha256,a3610d84ef5ab911ec87ab3bf809e9af68f7e9dc8569c17aed5eb4e8f576d37f,Malware payload
2024-02-01,Payload delivery,tlsh,t1e791622629385c7cc65885ca98fc3d8f567e105bf1649c14a6ee8e0ae2ff1f183a61,
2024-02-01,Payload delivery,ssdeep,96:eyerkYOhDH5R0DWfrfT594ds1Y7g1vUreHTMsgiFEJB0gJeR:eyeQThr5RIWfrt94ds1Y7FrezMsgiFE+,
2024-02-01,Other,size-in-bytes,4624,
2024-02-01,Payload delivery,mime-type,application/json,
2024-02-01,Payload delivery,md5,176bacccc13a1c639e4ad8959ddcbc4d,Malware payload
2024-02-01,Payload delivery,sha256,98664b794be09e85bc58715b21b33005afce3580dc7af6603fa8f681c5c6f8d9,Malware payload
2024-02-01,Payload delivery,tlsh,t18ca194eb15395c7ccb14c7c299c93a9757ed0153a3a8ac18fded6f0c82ee4b142659,
2024-02-01,Payload delivery,ssdeep,48:Yxg3SPhJSPdqKkY7EbnlUQl2ahpk6nYK+z1DF4w0dM0tXnT2up9WSFo8ZUfi1vA3:QOwkB5KDz9vLEi1vYYY5Dz5P,
2024-02-01,Other,size-in-bytes,4874,
2024-02-01,Payload delivery,mime-type,application/json,
2024-02-01,Payload delivery,md5,b4a0bf0ffb5081c3eb078b5a7e424681,Malware payload
2024-02-01,Payload delivery,sha256,904a636e81c487308a3c577cd40eb260367874bc9e21034f9cc647325bf9e9d3,Malware payload
2024-02-01,Payload delivery,tlsh,t175a197ab11681cbcc7148bc295d93a9787ed0153a2a8ac18fced5f0c81ff5a603669,
2024-02-01,Payload delivery,ssdeep,48:Yxg3SPhJSPdqKkY7EbnlUQl2Qhpk6nYK+zebDF4w0dM0tX8r82bp9WG9sYUfi1vy:QOKkBAKpg9nEi1v1/YUSQUXP,
2024-02-01,Other,size-in-bytes,4970,
2024-02-01,Payload delivery,mime-type,application/json,
2024-02-01,Payload delivery,md5,9f497802047768003679c8821d5ec5d9,Malware payload
2024-02-01,Payload delivery,sha256,ec7685d5cd33f784ef08178d6ddfb590f0e66e72bca499c115890bf71ef67d18,Malware payload
2024-02-01,Payload delivery,tlsh,t151a175eb65691cbcca19c7c690d93b8797fc011352a4ec28ac9c9b0cd3fe97153669,
2024-02-01,Payload delivery,ssdeep,48:Yxg3SPhJSPdqKkY7EbnlUQl2Uhpk6nYK+z1DF4w0dM0tXnGbZ2up9WSgyUfi1vUF:QO2kBhKWbZz9BEi1vUb8pbbYnczc33P,
2024-02-01,Other,size-in-bytes,5023,
2024-02-01,Payload delivery,mime-type,application/json,
2024-02-01,Payload delivery,md5,9b7f27694ffa8c57bee06cfe76b6afc1,Malware payload (RiseProStealer)
2024-02-01,Payload delivery,sha256,5eefeb586933e6690445fa50090b95fed1c8a9ed754ab4b2460a7a76bc7f0c52,Malware payload (RiseProStealer)
2024-02-01,Payload delivery,tlsh,t17145335e047aa406c32dd3f4619d49a4ed7d3da9310dae3aa64bc70a2df450dbf37a,
2024-02-01,Payload delivery,imphash,5ab723dc8d5af21b79dc301ed6a56a64,
2024-02-01,Payload delivery,ssdeep,24576:aFE3h3g4mXBDLG2pmoUbj7wQUz+8Akl40MOb9Fqq+rlU:aO3UtqNbflUtrMIcqMU,
2024-02-01,Other,size-in-bytes,1195520,
2024-02-01,Payload delivery,mime-type,application/x-dosexec,
2024-02-01,Payload delivery,md5,2ea22e262bb1ad4dc0d01bd1c9fff678,Malware payload
2024-02-01,Payload delivery,sha256,36f67a23c977254b81082648dc5e192102b49ef7827c90666ce17d5623a8c824,Malware payload
2024-02-01,Payload delivery,tlsh,t1dbb533ef727406b0c06b8ffe641479cd350b9d63194d0b056a69f0ec97bd1721a8ae,
2024-02-01,Payload delivery,imphash,baa93d47220682c04d92f7797d9224ce,
2024-02-01,Payload delivery,ssdeep,49152:KNa95lu2WhRltC+xzyHVsAfa4yects7kF8KPJyU/+NUvgfaW:ea9gy9f/fkLhFW6gSW,
2024-02-01,Other,size-in-bytes,2310144,
2024-02-01,Payload delivery,mime-type,application/x-dosexec,
2024-02-01,Payload delivery,md5,5d30b340251e859e19230e088bed19f4,Malware payload (BumbleBee)
2024-02-01,Payload delivery,sha256,204dee1ff317ab072f7571952fffdd23d8f17bfcb869a3bb284121fd504df9be,Malware payload (BumbleBee)
2024-02-01,Payload delivery,tlsh,t1ff45e011e2a30ff8e476917681ab262bb7307e5c4315d37babc0d2377d927e05b16a,
2024-02-01,Payload delivery,imphash,47e01530ad43ec939d1c47709a80a5c6,
2024-02-01,Payload delivery,ssdeep,24576:rRVKL5uAztHwZpU3Hr9gHg+Rin685cYjsUwJAHGB0KMyDxUBeu5/m:eYj23H54g+KjsUwJ0jKMyX,
2024-02-01,Other,size-in-bytes,1226253,
2024-02-01,Payload delivery,mime-type,application/x-dosexec,
2024-02-01,Payload delivery,md5,8425ddf2afd07a01a99044aaec06d6a6,Malware payload (BumbleBee)
2024-02-01,Payload delivery,sha256,dd2a186e5bd65e6fac8d22848433f0494f732f08311b976bfdea3b177a27b1a7,Malware payload (BumbleBee)
2024-02-01,Payload delivery,tlsh,t1ce45e011e6821fe5d476527781ab252fb7307e194324d377abc0c23b3d927a4af1ab,
2024-02-01,Payload delivery,imphash,47e01530ad43ec939d1c47709a80a5c6,
2024-02-01,Payload delivery,ssdeep,24576:7AQAaooaJ3RctLXHLnP+YrrzFC66tdvzYO1F5ikdPtUeaZHDwEfd:+YL7nP+KCb5/8JLl,
2024-02-01,Other,size-in-bytes,1225234,
2024-02-01,Payload delivery,mime-type,application/x-dosexec,
2024-02-01,Payload delivery,md5,f9c6459a6221b5968eadeb214b9be9e5,Malware payload
2024-02-01,Payload delivery,sha256,870371073f3e54ab1736f0f201c2862f9ff8855fd989cf875192f019a6ee82cb,Malware payload
2024-02-01,Payload delivery,tlsh,t123a1979b25795cbdcb24c7c695ca3e8357ed001363a4bd14ecac6f0c91fe8b14269a,
2024-02-01,Payload delivery,ssdeep,48:Yxg3SPhJSPdqKkY7EbnlUQl2g9hpk6nYK+zMlFDF4w0dM0tXqlNjT2up9WMTv0m7:QOC9kB6KoTz9DEi1vgQYGnJ9P,
2024-02-01,Other,size-in-bytes,4860,
2024-02-01,Payload delivery,mime-type,application/json,
2024-02-01,Payload delivery,md5,17f109169d7648441e7db7d273e627b4,Malware payload
2024-02-01,Payload delivery,sha256,4d09ed53711ce5b51a6ecb9a49f721bc3a6db30a326360e264b95eecf24c9276,Malware payload
2024-02-01,Payload delivery,tlsh,t198a1a5ab15295cbccf14c7c685c93a9797ed015393a8ac18bded5f0c82fe8a143219,
2024-02-01,Payload delivery,ssdeep,48:Yxg3SPhJSPdqKkY7EbnlUQl2uhpk6nYK+z1DF4w0dM0tXnT2up9WSFo8ZUfi1vAC:QOUkB5KDz9vLEi1vYYYazDP,
2024-02-01,Other,size-in-bytes,4874,
2024-02-01,Payload delivery,mime-type,application/json,
2024-02-01,Payload delivery,md5,9745e92f7c88c58dd207c4f7df451c27,Malware payload
2024-02-01,Payload delivery,sha256,f4cf40d746d74bc97a8afb6729058a80fcece7a5f2f564481c06ccc6b1f4aa07,Malware payload
2024-02-01,Payload delivery,tlsh,t1e591773562580cbd862886cbe0543bf36bee05a351d4ac28d4ae9f5cb0ff6f100765,
2024-02-01,Payload delivery,ssdeep,96:zOzO++km7O8ZlOFKiwTH9DnT71vfihHxisoZ5gE7v4+:2PHKT9TTx+RJoDgE7v3,
2024-02-01,Other,size-in-bytes,4262,
2024-02-01,Payload delivery,mime-type,application/json,
2024-02-01,Payload delivery,md5,12a6532a777315d37725315dfc52a7b4,Malware payload
2024-02-01,Payload delivery,sha256,856653075f63fc1e02da5febdae67c1753e9a01aeb67293f96ab0f92402767d8,Malware payload
2024-02-01,Payload delivery,tlsh,t102a1a7ab25695cbccb24c7d695da3e8357ed001362a4ad14eced5f0c81fe8b10279a,
2024-02-01,Payload delivery,ssdeep,48:Yxg3SPhJSPdqKkY7EbnlUQl24hpk6nYK+zMlFDF4w0dM0tXqlNjT2up9WMTv0mUn:QOCkB6KoTz9DEi1vgQYXYIFP,
2024-02-01,Other,size-in-bytes,4850,
2024-02-01,Payload delivery,mime-type,application/json,
2024-02-01,Payload delivery,md5,949e99b54c2b5fda2d7ab4d85d6b161e,Malware payload
2024-02-01,Payload delivery,sha256,440d5d7858542ea788e59ba1cd7a51dce6f6c943c23f7fe2fc77dae954e5b674,Malware payload
2024-02-01,Payload delivery,tlsh,t12191649a26095dbcc65496d3e9903ad7c76e0493b198ed2ce8fd9f08e1ff1f002769,
2024-02-01,Payload delivery,ssdeep,48:YxY6wYGdlpkofn16Ru+FkDFU0NhtXeV2Qp9We6T2UHs1vibvKqRteU3wxioLqPGQ:oWpkocRtG9U/9K2Ss1veiHLqPGeJx,
2024-02-01,Other,size-in-bytes,4274,
2024-02-01,Payload delivery,mime-type,application/json,
2024-02-01,Payload delivery,md5,e969bf663ab93d576422c013ea37cc6b,Malware payload
2024-02-01,Payload delivery,sha256,fe91f92565a6712de53e2a16259619ce9709c3f2c4e2d9b7330106a075845e82,Malware payload
2024-02-01,Payload delivery,tlsh,t1dc91649a26095dbcca5497d3e5803ad7876e0093b198dd2ce4fd9f08e1ef1f14376a,
2024-02-01,Payload delivery,ssdeep,96:rpkocRtp9hEA9Sr2Ss1vhPMeHLFhQJzYx:rG/79y2SmUeHLFh0Yx,
2024-02-01,Other,size-in-bytes,4274,
2024-02-01,Payload delivery,mime-type,application/json,
2024-02-01,Payload delivery,md5,3243a8bb3e8c1fcc572fe40d5e9c2f63,Malware payload
2024-02-01,Payload delivery,sha256,dabed88f931cf470cce0c3c2f87f1dc5c6a5c79a3020e50ab8558ce7c49459df,Malware payload
2024-02-01,Payload delivery,tlsh,t17391417262080c7dc63483d6b4557ad767be0267a0d4ec28a8bd4f4ca6ef1f205b6a,
2024-02-01,Payload delivery,ssdeep,96:bCbZknCs+w/05TH9I681vdEHAbpZc1cZvA7O:ub21R0B9I6KEgbp+1c+O,
2024-02-01,Other,size-in-bytes,4248,
2024-02-01,Payload delivery,mime-type,application/json,
2024-02-01,Payload delivery,md5,436d9e452a9ced0bc239bf9904522998,Malware payload
2024-02-01,Payload delivery,sha256,e66008915c3ff512a132de37512066c8f039317a328dc82ca978d9612781941f,Malware payload
2024-02-01,Payload delivery,tlsh,t14391b6b7151c4cbc8a2487d3a5913bd7567f4567e084ad68b9b88f0ce0fe1f60136a,
2024-02-01,Payload delivery,ssdeep,96:YAvwlGkvQISnya0o9HT2FJ1vltPBigCnE:YAvoXo9z2FBig6E,
2024-02-01,Other,size-in-bytes,4329,
2024-02-01,Payload delivery,mime-type,application/json,
2024-02-01,Payload delivery,md5,74f5482fae9081f31869efe3a6406ddc,Malware payload
2024-02-01,Payload delivery,sha256,fffc99e05d99e56211eeaadd488c15ac2172b4e2c54516857c661a847fa474af,Malware payload
2024-02-01,Payload delivery,tlsh,t1209165aa26095dbcc65496d3e4503ad7876e0493b198de2ce8fd9f08e1ff1f04276a,
2024-02-01,Payload delivery,ssdeep,48:YxY6ws4dlpkofn16Ru+FzvDFU0NhtXN3rm/2xp9WhHp6Y2UHs1vhmObvK3moRteC:rpkocRtp9hEA9Sr2Ss1vhPMeHLNXovx,
2024-02-01,Other,size-in-bytes,4274,
2024-02-01,Payload delivery,mime-type,application/json,
2024-02-01,Payload delivery,md5,2c93bcbc1d1a0ac2149332c36af60f9e,Malware payload
2024-02-01,Payload delivery,sha256,a9817141df34243db051975de74e8d95258b7faa335cfe8b5969a019fbda9552,Malware payload
2024-02-01,Payload delivery,tlsh,t17e91646a26085dbdcb9496d3d5443ad7d7ae0053f094dd2ce8bdcf08a2ef1f112b6a,
2024-02-01,Payload delivery,ssdeep,48:YxY6w+dlpkofn16Ru+FvDF4w0NhtXpk2Kp9Wo6sUHs1vFbvKzRteU3wxioorbx0x:+pkocRtxYyH97Ss1vdTHWx0x,
2024-02-01,Other,size-in-bytes,4403,
2024-02-01,Payload delivery,mime-type,application/json,
2024-02-01,Payload delivery,md5,674d2b6daeedb4f1f771e3dc9f08f075,Malware payload
2024-02-01,Payload delivery,sha256,a1d5a51a1560754729a26319af21861e6362b64f2a0cd9dd1102888c223b2c68,Malware payload
2024-02-01,Payload delivery,tlsh,t1b6533a08b3879321d6754ab880f3d55502f2b38725b3d68f3ec452c66ea27e5ce837,
2024-02-01,Payload delivery,imphash,f34d5f2d4577ed6d9ceec516c1f5a744,
2024-02-01,Payload delivery,ssdeep,768:pU4L8/1qC3w0hrz5LY4KZqkWjV1BnvY/BJtXHe0XG7vznGRGnWVrmY2fk8:hKRgSzqTZqkWj1nv47O2G77GR9Ck8,
2024-02-01,Other,size-in-bytes,61440,
2024-02-01,Payload delivery,mime-type,application/x-dosexec,
2024-02-01,Payload delivery,md5,79ec709d6772597bd528e4c942a9e74e,Malware payload
2024-02-01,Payload delivery,sha256,ff6704de6f2f3587811b9cc2dc65712d0aff68591db367ecfd22238d78cad4d1,Malware payload
2024-02-01,Payload delivery,tlsh,t122a174eb61691cbcca19c7c694d93b8697fc011392a4ec24acac5f0c93ff97153669,
2024-02-01,Payload delivery,ssdeep,48:Yxg3SPhJSPdqKkY7EbnlUQl2+9hpk6nYK+z1DF4w0dM0tXnGbZ2up9WSgyUfi1v5:QOqkBhKWbZz9BEi1vUb8pbbY/Dj8P,
2024-02-01,Other,size-in-bytes,5023,
2024-02-01,Payload delivery,mime-type,application/json,
2024-02-01,Payload delivery,md5,f6aee2cec9f04b189bc4a126243b2224,Malware payload
2024-02-01,Payload delivery,sha256,ee0deb2ca19f75ab720a915876972bd92a4b07a111a245c83779924adfed8e4d,Malware payload
2024-02-01,Payload delivery,tlsh,t1f8a174ab71550cbcc51987ea94e13b8b97bc00639494ec24a4ac9f5cd2ff8f1437ad,
2024-02-01,Payload delivery,ssdeep,48:Yxg3SPhJSPdqKkY7EbnlUQl2GRifk/n0+aWCDF4w0biYtXnQbZ2Hp9WjyUxG1vCr:QOFkTa1uAbZ49bMG1vCb8vbJAly18r7,
2024-02-01,Other,size-in-bytes,5005,
2024-02-01,Payload delivery,mime-type,application/json,
2024-02-01,Payload delivery,md5,7e1e77359fb9d16b6feb683405719802,Malware payload
2024-02-01,Payload delivery,sha256,a11bc2e8cc54011b538bf7d8668f575c4688841799397e0b4e675b682f851970,Malware payload
2024-02-01,Payload delivery,tlsh,t1f941dd7ccf29fce0037db1a088492e2620949e57d6f58e24d9574ee62d7c20adf1b1,
2024-02-01,Payload delivery,ssdeep,48:LGfEFWuJqs9HZNjd+SfprcKyK0hE6S1FtfsC5P3RX5ZWiaoIhSNth:LGfEFW87jd+Sfpbaq6S1FtfsC5P39EfE,
2024-02-01,Other,size-in-bytes,2219,
2024-02-01,Payload delivery,mime-type,text/plain,
2024-02-01,Payload delivery,md5,7d8f23725d7a8a2f6d9d8990b61dbe8e,Malware payload
2024-02-01,Payload delivery,sha256,a31097db5032f476b77c6747a89d382e009590f04de22499798d2b190fa56662,Malware payload
2024-02-01,Payload delivery,tlsh,t123a1b7ab35664c7cca1487ea98d13e8b57ad01b3a194dc14b9fd5f4c81fe8f103769,
2024-02-01,Payload delivery,ssdeep,48:Yxg3SPhJSPdqKkY7EbnlUQl21Rifk/n0+aW0DF4w0biYtXnR2Hp9WO8ZUxG1v+bk:QO4kTa1uh49AMG1vSmAjjih,
2024-02-01,Other,size-in-bytes,4856,
2024-02-01,Payload delivery,mime-type,application/json,
2024-02-01,Payload delivery,md5,1c6a9631df727b632ad83819dd3ea9df,Malware payload
2024-02-01,Payload delivery,sha256,dffbf475abd5f1c8c03c5af3436e195b228bacd5219ee52192742f4549a376a2,Malware payload
2024-02-01,Payload delivery,tlsh,t1e4b533e8fcb22986d30337b5f066be81e87b1c074cc462998962f92677bd5f95963d,
2024-02-01,Payload delivery,imphash,baa93d47220682c04d92f7797d9224ce,
2024-02-01,Payload delivery,ssdeep,49152:HC5k2nrLokpIxBNkVL642aYB2oGt5/UADpJGL/NyDDUe2GK:d6tIx8LY23pftJGoD,
2024-02-01,Other,size-in-bytes,2320896,
2024-02-01,Payload delivery,mime-type,application/x-dosexec,
2024-02-01,Payload delivery,md5,e7c72143026ee126a7a507f9e45a06e5,Malware payload
2024-02-01,Payload delivery,sha256,1ef2361b2a9199cc5bbf245638156a208cbe2d2b015f35057516154574832daf,Malware payload
2024-02-01,Payload delivery,tlsh,t109a1976b31161cbc851487eb98e13e8b97ad00a3a1d4ec18b4ed5f5c95fe8f103769,
2024-02-01,Payload delivery,ssdeep,48:Yxg3SPhJSPdqKkY7EbnlUQl2+Rifk/n0+aWKSPmDF4w0biYtXDSPGq2Hp9WcseN4:QOFkTaUeuef49VEMG1vHRAFct,
2024-02-01,Other,size-in-bytes,4922,
2024-02-01,Payload delivery,mime-type,application/json,
2024-02-01,Payload delivery,md5,924c374a3fc436db5f9e2a0a05996901,Malware payload
2024-02-01,Payload delivery,sha256,13d81eaa21dc48e4226494552b9eba5abb45d9105fc23f995e360c607fe8eeaa,Malware payload
2024-02-01,Payload delivery,tlsh,t13691c4b716284cadca1487d3d5903b875abf41a7e0849e68b9f88f08d0fe1f51176a,
2024-02-01,Payload delivery,ssdeep,48:Yx5AvwlYYwSJKbsJkmnh+0DFU0omOtXxR23p9WtY2UKJ1vybaKqRrC3wxioipztZ:YAvwl9/kv0S7U9/2FJ1vu8icpJE,
2024-02-01,Other,size-in-bytes,4323,
2024-02-01,Payload delivery,mime-type,application/json,
2024-02-01,Payload delivery,md5,edbfc8b8c7e544593119806a70a96e6a,Malware payload
2024-02-01,Payload delivery,sha256,a656718d5ed7d4c6290220fe504f9a2f0c45534282307721e0e9df4514dbb3c4,Malware payload
2024-02-01,Payload delivery,tlsh,t1bfa1859b11691cbcc71487d659d53e9797ed0053a298ac18bced6f0c92fe8b103655,
2024-02-01,Payload delivery,ssdeep,48:Yxg3SPhJSPdqKkY7EbnlUQl2Shpk6nYK+z9SPmDF4w0dM0tXDSPGo2up9WvseNEL:QOYkBIeKezz9EEEi1vZhYPD4b7dP,
2024-02-01,Other,size-in-bytes,4939,
2024-02-01,Payload delivery,mime-type,application/json,
2024-02-01,Payload delivery,md5,e58e0ac28a494a62887534c61b68dd10,Malware payload
2024-02-01,Payload delivery,sha256,f1503e1452359db5c8ef2cf0c44df3bb1ce82524bf23942b416ea7bd264f0263,Malware payload
2024-02-01,Payload delivery,tlsh,t1e8a1b86b31664cbcca1487ea98d13e9b57ad00b3a194ec14f9ed5f4c81fe8f143769,
2024-02-01,Payload delivery,ssdeep,48:Yxg3SPhJSPdqKkY7EbnlUQl2pRifk/n0+aW0DF4w0biYtXnR2Hp9WO8ZUxG1v+bj:QOYkTa1uh49AMG1vSmAeC9x,
2024-02-01,Other,size-in-bytes,4856,
2024-02-01,Payload delivery,mime-type,application/json,
2024-02-01,Payload delivery,md5,b04ee28330e853e6ed6f961b7dfab066,Malware payload
2024-02-01,Payload delivery,sha256,71c939fdfb30ecbf57a0951ff65e559647e77684d34d31ae87b141ffd4e6aa4b,Malware payload
2024-02-01,Payload delivery,tlsh,t135a1a4ab32550cbc86248bea95e13e4b87ad0063a1d4ad18f4e94f4c85ff8f1037a9,
2024-02-01,Payload delivery,ssdeep,48:Yxg3SPhJSPdqKkY7EbnlUQl2vRifk/n0+aW/bDF4w0biYtX8rG2xp9WoKsYUxG1v:QOukTakuNe9yMG1vbDAeb,
2024-02-01,Other,size-in-bytes,4963,
2024-02-01,Payload delivery,mime-type,application/json,
2024-02-01,Payload delivery,md5,80e04b572fdc2e9a894bec36830df693,Malware payload
2024-02-01,Payload delivery,sha256,dd339cc9bf37df27916e889727dcfa8732458190281847f3de51a318322f4ff3,Malware payload
2024-02-01,Payload delivery,tlsh,t1ea91622619385c7cc65884ca94fc3d4f567e105bf2649c14a5ee8f0ae2ff1f283a61,
2024-02-01,Payload delivery,ssdeep,96:ey2rkYOhDH5R0DWfrfT594ds1Y7g1vUreHTMsgiFEnIu2GJeR:ey2QThr5RIWfrt94ds1Y7FrezMsgiFEW,
2024-02-01,Other,size-in-bytes,4614,
2024-02-01,Payload delivery,mime-type,application/json,
2024-02-01,Payload delivery,md5,632b05b0b8a6921c008910f6e2fa6b5c,Malware payload
2024-02-01,Payload delivery,sha256,7f2710324c898f573647bd2e52d2d026abe38fb72febddf96d60920dbf03c901,Malware payload
2024-02-01,Payload delivery,tlsh,t1be91527662180c7e863482c6b4597ad767be0257a0d4ec2ca8fd4f4ca6ff1f205b69,
2024-02-01,Payload delivery,ssdeep,48:YxCvt2fbZkvnY+Cs+DF4w0nltXPSjeUT2Gp9WnTUd81vdE7b/KcRezbC3wxioorQ:sbZknCs+w/05TH9I681vdEHAbpZcSYO,
2024-02-01,Other,size-in-bytes,4238,
2024-02-01,Payload delivery,mime-type,application/json,
2024-02-01,Payload delivery,md5,5e4534581a9be0f9220b4e2966280a0b,Malware payload
2024-02-01,Payload delivery,sha256,744f025e45424647c49a96c41ccf5ee92ae481b103303f286bd4c49df3462d4f,Malware payload
2024-02-01,Payload delivery,tlsh,t10d573314c8737971af3a42706036a67e74d96ef04d405e8a4a713c81b9c173a72a7e,
2024-02-01,Payload delivery,ssdeep,393216:+sj6ZqgGbjaWYONs1KmueomXCDuNR206o0U3yhZwlLZYH6sDFMF6QvHlFREKV3e2:+sjbzbmW8unmSDuu00+P/YHJ5IFRXJ6O,
2024-02-01,Other,size-in-bytes,28927582,
2024-02-01,Payload delivery,mime-type,application/x-rar,
2024-02-01,Payload delivery,md5,5dd9c7c834d31b558993afc493721342,Malware payload (RiseProStealer)
2024-02-01,Payload delivery,sha256,556d0a00df7dfe3a97d03831195f7bef94749fa886fae704a108c65e8f5c982d,Malware payload (RiseProStealer)
2024-02-01,Payload delivery,tlsh,t17945337f851f72fcd4b8ba7145c2575db76abc08e1890b227a0f81520d248af2b5bf,
2024-02-01,Payload delivery,imphash,5ab723dc8d5af21b79dc301ed6a56a64,
2024-02-01,Payload delivery,ssdeep,24576:O0j0RJ5EkHlyZhezCJeZ5DCBkNM9wQOz+89f0ABk8B+:O0s5EkHlSheewZEBkNylOtMABk8B+,
2024-02-01,Other,size-in-bytes,1196032,
2024-02-01,Payload delivery,mime-type,application/x-dosexec,
2024-02-01,Payload delivery,md5,c6482227f8a91b4537153645b9193e84,Malware payload (GuLoader)
2024-02-01,Payload delivery,sha256,b67d57742228dbce6f5d337e6f63339257b76bd0ec8869e0e5778136d31550fa,Malware payload (GuLoader)
2024-02-01,Payload delivery,tlsh,t1fbf5334846449015c1428973c7537e3f8bb9e336dcca6fe26f215f1aae77267ac8c9,
2024-02-01,Payload delivery,imphash,671f2a1f8aee14d336bab98fea93d734,
2024-02-01,Payload delivery,ssdeep,98304:ki++qX8iuivYw7Kx0tJI7dKeZICdnV8P1:XcNuyYw7RtJI7ZZhdnOP1,
2024-02-01,Other,size-in-bytes,3427986,
2024-02-01,Payload delivery,mime-type,application/x-dosexec,
2024-02-01,Payload delivery,md5,c590cf470ae84267779de50eb94de816,Malware payload
2024-02-01,Payload delivery,sha256,596f6d8418b99aecc2345b71fc6b8af699c5958980b759c9da93b063e72c3f1b,Malware payload
2024-02-01,Payload delivery,tlsh,t145a196ab31550cbc862487e794e53e8b476d0163a094ac18f4ad4f4c95ff8f6037b9,
2024-02-01,Payload delivery,ssdeep,48:Yxg3SPhJSPdqKkY7EbnlUQl2mRifk/n0+aW/bDF4w0biYtX8rG2xp9WoKsYUxG1w:QO9kTakuNe9yMG1vbDArqQ,
2024-02-01,Other,size-in-bytes,4953,
2024-02-01,Payload delivery,mime-type,application/json,
2024-02-01,Payload delivery,md5,dc2c0ba87f98ef3f4db2f6ee8160f587,Malware payload
2024-02-01,Payload delivery,sha256,f484f02ffa3a776eee926fb81f306ca7a1949ec514c3da9da8c40c8b24c58a95,Malware payload
2024-02-01,Payload delivery,tlsh,t14ca1a5ab32550cbc82248be695e53e4b47ac01b3b094ed24f4ad4f4c85ff8f5037a9,
2024-02-01,Payload delivery,ssdeep,48:Yxg3SPhJSPdqKkY7EbnlUQl28Rifk/n0+aW/bDF4w0biYtX8rG2xp9WoKsYUxG1F:QO3kTakuNe9yMG1vbDA1/HI7,
2024-02-01,Other,size-in-bytes,4953,
2024-02-01,Payload delivery,mime-type,application/json,
2024-02-01,Payload delivery,md5,96277f942716eb00ffe66205a7d94333,Malware payload
2024-02-01,Payload delivery,sha256,e34fc4877d5e105855cf9b3118b4a66bf136f34061311c8d7141ba20375dbd32,Malware payload
2024-02-01,Payload delivery,tlsh,t13aa1855732554c7ccb1487ea94f63e9b47ad10a7a094dc24a9ed4f4c91ff8f10276d,
2024-02-01,Payload delivery,ssdeep,48:Yxg3SPhJSPdqKkY7EbnlUQl2SRifk/n0+aWHbgDF4w0biYtXcgFi2Hp9WoibUxGo:QOxkTaRug49KMG1v5vAPuk,
2024-02-01,Other,size-in-bytes,4780,
2024-02-01,Payload delivery,mime-type,application/json,
2024-02-01,Payload delivery,md5,7989c2fd813639f6720de9246bf1ae5e,Malware payload
2024-02-01,Payload delivery,sha256,e159911ed25738b64124ac0447a1ff6e937dc0b6e2558aa818e0e3d5c480a68f,Malware payload
2024-02-01,Payload delivery,tlsh,t100a1a8ab11681cbcc724c7c255d93a8387ed0113a2a8ad14fced5f0c92ff5b60366a,
2024-02-01,Payload delivery,ssdeep,48:Yxg3SPhJSPdqKkY7EbnlUQl2thpk6nYK+zebDF4w0dM0tX8r82bp9WG9sYUfi1vH:QOPkBAKpg9nEi1v1/YeILUP,
2024-02-01,Other,size-in-bytes,4971,
2024-02-01,Payload delivery,mime-type,application/json,
2024-02-01,Payload delivery,md5,173a9d472f0365f136002369ff7c2a64,Malware payload
2024-02-01,Payload delivery,sha256,017129c201c5ab57eddd2a1c1b2d465ffaa425388a6f0e01ea2a9b0fda341388,Malware payload
2024-02-01,Payload delivery,tlsh,t1f9a1b76736650cbcc624c7ea94e23e4b57ad0073a5d4ec14a8ac5f5c81ee8f1037ea,
2024-02-01,Payload delivery,ssdeep,48:Yxg3SPhJSPdqKkY7EbnlUQl2nRifk/n0+aWblFDF4w0biYtXqlNBT2Hp9Wt0mUx2:QOykTaGuIT49YMG1veKAryr,
2024-02-01,Other,size-in-bytes,4842,
2024-02-01,Payload delivery,mime-type,application/json,
2024-02-01,Payload delivery,md5,95d0bdfac772afff949fabe142900691,Malware payload
2024-02-01,Payload delivery,sha256,f1a8e1999fc33b067489028afc9075ea022f603276d7d1a537252eec7bbb8c17,Malware payload
2024-02-01,Payload delivery,tlsh,t1e79196b7162c4cbc862487d7a5943bd756bf4167e0849d58b9bc8f08e0ff1f101366,
2024-02-01,Payload delivery,ssdeep,96:YAvwlykvQISnya0o9HT2FJ1vltPBiDpInE:YAvsXo9z2FBiDp4E,
2024-02-01,Other,size-in-bytes,4339,
2024-02-01,Payload delivery,mime-type,application/json,
2024-02-01,Payload delivery,md5,f09219acb72d6b089d3eb58402cb3457,Malware payload
2024-02-01,Payload delivery,sha256,0eba48a0a046b9a2f3aee97efcb1ab012b4a0119bb06d1403701e7daec399577,Malware payload
2024-02-01,Payload delivery,tlsh,t189a1b76b36550cbcc524c7eb94e23e8757ac0073a1d4ec14e8ac5f5890fe8f1027aa,
2024-02-01,Payload delivery,ssdeep,48:Yxg3SPhJSPdqKkY7EbnlUQl2kRifk/n0+aWblFDF4w0biYtXqlNBT2Hp9Wt0mUxo:QOXkTaGuIT49YMG1veKAxpk,
2024-02-01,Other,size-in-bytes,4842,
2024-02-01,Payload delivery,mime-type,application/json,
2024-02-01,Payload delivery,md5,6258b0c14f6e4385cdeaf9072108ac58,Malware payload
2024-02-01,Payload delivery,sha256,a63debdf573b74a4afc4d9a06a83a39f6524a5d4244413a42f405987e7d32038,Malware payload
2024-02-01,Payload delivery,tlsh,t1dba1969b16585cbccf14c7d644da3aab87ed0013a2a4ac24eded5f0c91ff8b50226d,
2024-02-01,Payload delivery,ssdeep,48:Yxg3SPhJSPdqKkY7EbnlUQl2Bhpk6nYK+zobgDF4w0dM0tXcg/i2up9WXibUfi1X:QOLkBtKCz93Ei1vnfY+JdP,
2024-02-01,Other,size-in-bytes,4788,
2024-02-01,Payload delivery,mime-type,application/json,
2024-02-01,Payload delivery,md5,acebcff764f06b07c31c3649b658870d,Malware payload (BumbleBee)
2024-02-01,Payload delivery,sha256,91d7acffa910f566401eb4a01e08ae6ccd85d202d4aa319375dd6b13488acaec,Malware payload (BumbleBee)
2024-02-01,Payload delivery,tlsh,t16345e011e6a30ff8d4b6917681ab262fbb303e194315d3bbabc0d2377c927a45b157,
2024-02-01,Payload delivery,imphash,47e01530ad43ec939d1c47709a80a5c6,
2024-02-01,Payload delivery,ssdeep,24576:TNdLuApxCWGo/CdRop1TgXzDYaG0CSAZT/3w7uYoomVM41qPxHLzq7ZV:zXoevT8P7K2rk7r,
2024-02-01,Other,size-in-bytes,1222151,
2024-02-01,Payload delivery,mime-type,application/x-dosexec,
2024-02-01,Payload delivery,md5,ca27bc5cc12280e30fb8d65ecde1457b,Malware payload
2024-02-01,Payload delivery,sha256,29f12108af0f8e6f3ec2edc0cb23f29d1d83a33d8ad3bce988ab840a924d0a64,Malware payload
2024-02-01,Payload delivery,tlsh,t12c91b5b7162c0cbcca2487d399a43bd7466f41a7e0849d68b9a88f08e0fe1b50136a,
2024-02-01,Payload delivery,ssdeep,96:YAvwl0kvQISnya0o9HT2FJ1vltPBiGQlnE:YAveXo9z2FBiRFE,
2024-02-01,Other,size-in-bytes,4329,
2024-02-01,Payload delivery,mime-type,application/json,
2024-02-01,Payload delivery,md5,34f3c0572a395c8bfeec7ab5ba6acd4e,Malware payload
2024-02-01,Payload delivery,sha256,14a579dda02e4d17fef8eb79f58f9e1d6964f8a8c0a43a1b2a15ee033bc7aa44,Malware payload
2024-02-01,Payload delivery,tlsh,t12a91427126180c7e863482c6b4597ad367bf0257a0d4ac2ca8bd4f5ca6ff1f205b6a,
2024-02-01,Payload delivery,ssdeep,96:CbZknCs+w/05TH9I681vdEHAbpZc1zOnwO:Cb21R0B9I6KEgbp+4wO,
2024-02-01,Other,size-in-bytes,4238,
2024-02-01,Payload delivery,mime-type,application/json,
2024-02-01,Payload delivery,md5,86e82e4c4e074860b99071083d7ff360,Malware payload
2024-02-01,Payload delivery,sha256,d96d7345eb4f0a223360bbbf2c5120b4d0afde75094de47d3696cfeb06dc0a23,Malware payload
2024-02-01,Payload delivery,tlsh,t156a1955b32550cbc861447ea98e13e8b87ad00a3a1c4ec18f8ed5f58a6ff8f103759,
2024-02-01,Payload delivery,ssdeep,48:Yxg3SPhJSPdqKkY7EbnlUQl27Rifk/n0+aWKSPmDF4w0biYtXDSPGq2Hp9WcseNx:QOKkTaUeuef49VEMG1vHRAeAAtn6ft,
2024-02-01,Other,size-in-bytes,4921,
2024-02-01,Payload delivery,mime-type,application/json,
2024-02-01,Payload delivery,md5,5d1f2746c7ca0e28458dad2d2926d38c,Malware payload
2024-02-01,Payload delivery,sha256,7734bb7e6a3d7ec3261a6469fec0b28afee9574722c9e1cb3ee531b0421d7486,Malware payload
2024-02-01,Payload delivery,tlsh,t113a198ab11681cbc8724d7c395d93a9387ed0153a2a8ac18fded5f0c82ff4b603669,
2024-02-01,Payload delivery,ssdeep,48:Yxg3SPhJSPdqKkY7EbnlUQl29hpk6nYK+zebDF4w0dM0tX8r82bp9WG9sYUfi1vS:QOXkBAKpg9nEi1v1/YqTwP,
2024-02-01,Other,size-in-bytes,4971,
2024-02-01,Payload delivery,mime-type,application/json,
2024-02-01,Payload delivery,md5,1cfb23fcb71a29d4db6bf63506ca9922,Malware payload (RiseProStealer)
2024-02-01,Payload delivery,sha256,9697f4d589d9d44aa1e0038a33416c6aded772f777898f9729d8a57093060305,Malware payload (RiseProStealer)
2024-02-01,Payload delivery,tlsh,t1c945336ad77f2854ca3cf6701182314c1e78f9e0941e17a6386f5a6932fd7ce8f66a,
2024-02-01,Payload delivery,imphash,5ab723dc8d5af21b79dc301ed6a56a64,
2024-02-01,Payload delivery,ssdeep,24576:ioH7hJP99F2U3PHSywQvsiK3zINJk5k4n9VNiSfxM:Nbhh99s2HVlA3zIykYjNxxM,
2024-02-01,Other,size-in-bytes,1195520,
2024-02-01,Payload delivery,mime-type,application/x-dosexec,
2024-02-01,Payload delivery,md5,0c009c989656bfea9d50963b3b8f6cec,Malware payload
2024-02-01,Payload delivery,sha256,b4238f3de7e072d830f006c76c9212ded7d55cffd34875df7424f9498fa57f9d,Malware payload
2024-02-01,Payload delivery,tlsh,t1da534a18bb8b9321c6655ab480f7842503f297c7ba73d68e3dc553c51f1bbe1ca427,
2024-02-01,Payload delivery,imphash,f34d5f2d4577ed6d9ceec516c1f5a744,
2024-02-01,Payload delivery,ssdeep,768:Pym8/1L3yZ3DbeLYWjub3xFeWGDQIS1kR7cJGDEz/a+m3ixHgmjVG2f4q:PtKxegWreWGDQI0Owswz/a+mkTROq,
2024-02-01,Other,size-in-bytes,62464,
2024-02-01,Payload delivery,mime-type,application/x-dosexec,
2024-02-01,Payload delivery,md5,8075718d432bab544908d09e1cc6e859,Malware payload
2024-02-01,Payload delivery,sha256,30f6b7891c8bbc88c1c8fd70af9a5ec32995bece7cd4920d358b66588900be8d,Malware payload
2024-02-01,Payload delivery,tlsh,t1fea1859712695cbccf14c7d654da3aa787ed0013a2a4ac18eded6f0c91ff8b50266d,
2024-02-01,Payload delivery,ssdeep,48:Yxg3SPhJSPdqKkY7EbnlUQl2/hpk6nYK+zobgDF4w0dM0tXcg/i2up9WXibUfi1E:QOpkBtKCz93Ei1vnfYFJlP,
2024-02-01,Other,size-in-bytes,4798,
2024-02-01,Payload delivery,mime-type,application/json,
2024-02-01,Payload delivery,md5,4c1f9b253b8fc756207ced2c22b9ff2a,Malware payload
2024-02-01,Payload delivery,sha256,af5ddad866c55aa4d52248e453184f2fbf9945c017970c3b488fe4f15f6c174c,Malware payload
2024-02-01,Payload delivery,tlsh,t1dea1849b32554cbc8b2487eb94e63eaf47ad0073a0949c14a9ed4f4c94ff8f10276d,
2024-02-01,Payload delivery,ssdeep,48:Yxg3SPhJSPdqKkY7EbnlUQl2ARifk/n0+aWHbgDF4w0biYtXcgFi2Hp9WoibUxGW:QOLkTaRug49KMG1v5vAS4WO,
2024-02-01,Other,size-in-bytes,4770,
2024-02-01,Payload delivery,mime-type,application/json,
2024-02-01,Payload delivery,md5,cf8f91295074e5285a2e006baf9c937a,Malware payload (RiseProStealer)
2024-02-01,Payload delivery,sha256,f8a52798a001eeb49c12c856c5f6c6d4f6b0e4ee9142b38da49e3ce689ca8e8d,Malware payload (RiseProStealer)
2024-02-01,Payload delivery,tlsh,t1e44523fa4223e1f5e2301db0109981cedffebda516484a61989f14591e6418e7b3ff,
2024-02-01,Payload delivery,imphash,5ab723dc8d5af21b79dc301ed6a56a64,
2024-02-01,Payload delivery,ssdeep,24576:oo4SyLKtCE58U6t+V+Jqai58xwQzyEvO/JF1t6ZbmNrU0W0RNTa:o/G589t+Vyhiel8BF1kZSgu,
2024-02-01,Other,size-in-bytes,1195520,
2024-02-01,Payload delivery,mime-type,application/x-dosexec,
2024-02-01,Payload delivery,md5,2307dc2b36be16123451a4d40b2ec158,Malware payload
2024-02-01,Payload delivery,sha256,451444e97c97376d636ddf2503f0ec56ec0959f07c6b87ac443081506d25d33b,Malware payload
2024-02-01,Payload delivery,tlsh,t135a194ab11695c7ccb14c7c699c93a9397ed015363a8ec18bded6f0c82fe8b143659,
2024-02-01,Payload delivery,ssdeep,48:Yxg3SPhJSPdqKkY7EbnlUQl2mXhpk6nYK+z1DF4w0dM0tXnT2up9WSFo8ZUfi1vS:QOgkB5KDz9vLEi1vYYY0yIoSrihP,
2024-02-01,Other,size-in-bytes,4874,
2024-02-01,Payload delivery,mime-type,application/json,
2024-02-01,Payload delivery,md5,f775648bd9c68ae7ffe04b999ad1cd97,Malware payload
2024-02-01,Payload delivery,sha256,724895678fcb03e273def49afef646b101a623b1e5423d931a8f4d5b3fec0189,Malware payload
2024-02-01,Payload delivery,tlsh,t1dbb533f372f47d26daa79b3e409446e6508fee5b4db169581b80f188237c537cac2e,
2024-02-01,Payload delivery,imphash,baa93d47220682c04d92f7797d9224ce,
2024-02-01,Payload delivery,ssdeep,49152:b31aw4YKzglaVbriQxEkuxdHJ9RmlsghqbqkCuBL:bmglaVdErmt3ZuBL,
2024-02-01,Other,size-in-bytes,2307584,
2024-02-01,Payload delivery,mime-type,application/x-dosexec,
2024-02-01,Payload delivery,md5,2427fa35efaa3ae57ee4c057f8a97cea,Malware payload
2024-02-01,Payload delivery,sha256,6dbeca49f17fe6bc7a03fc7d4d2d272ccb6d544ffaac128be35d90b3608369ab,Malware payload
2024-02-01,Payload delivery,tlsh,t150a164ab71550cac861987da94e13f8b87bd0163a494ec24b49c5f5c92ff9f1037a9,
2024-02-01,Payload delivery,ssdeep,48:Yxg3SPhJSPdqKkY7EbnlUQl2dRifk/n0+aWCDF4w0biYtXnQbZ2Hp9WjyUxG1vCC:QOgkTa1uAbZ49bMG1vCb8vbJAuRN,
2024-02-01,Other,size-in-bytes,5005,
2024-02-01,Payload delivery,mime-type,application/json,
2024-02-01,Payload delivery,md5,19fb6a006b6c44c34b8be94155eeb3a5,Malware payload (Smoke Loader)
2024-02-01,Payload delivery,sha256,df35b5ca9178654c17bfed1c806d7e24101fe4a59f4785c8cc4fb617e206ff26,Malware payload (Smoke Loader)
2024-02-01,Payload delivery,tlsh,t1d204c0517ae1c032f6e385b45874f1a469bfbc636ae6c14f7508376b3e722c14ea63,
2024-02-01,Payload delivery,imphash,fb785a281db53ea02bf0d250e3cfac23,
2024-02-01,Payload delivery,ssdeep,3072:1EYLbnvE6axWLmP3t6cPdcW+ATSm47bA5XPwSk54rx6TNm5:1HLDv5aYL2KAOJgPrl,
2024-02-01,Other,size-in-bytes,176640,
2024-02-01,Payload delivery,mime-type,application/x-dosexec,
2024-02-01,Payload delivery,md5,3e98bc82068cdff1e33d555051bf6e19,Malware payload
2024-02-01,Payload delivery,sha256,8cf219a340eab146e314b8135d5d40371d00e43290247bab9a34aa3e12fa49a7,Malware payload
2024-02-01,Payload delivery,tlsh,t16a91522619386c7cc758c4ca98fc3d4e567e005bf2649c14a5ee8e0ae2ff1f187a65,
2024-02-01,Payload delivery,ssdeep,96:ey3rkYOhDH5R0DWfrfT594ds1Y7g1vUreHTMsgiFE2RCBFqJeR:ey3QThr5RIWfrt94ds1Y7FrezMsgiFEX,
2024-02-01,Other,size-in-bytes,4613,
2024-02-01,Payload delivery,mime-type,application/json,
2024-02-01,Payload delivery,md5,f282ebb8362fe11df6b16b04f61ce778,Malware payload
2024-02-01,Payload delivery,sha256,4742c7ff05f71a44be03026e2c136e1adf688f5ad96e7b730ac251d139d6a793,Malware payload
2024-02-01,Payload delivery,tlsh,t1989175a926095dbcca5497d3d4943ad7cb6e1093a098dd2ce4fd9f08e1ff0f04276a,
2024-02-01,Payload delivery,ssdeep,48:YxY6wpdlpkofn16Ru+FzvDFU0NhtXN3rm/2xp9WhHp6Y2UHs1vhmObvK3moRteUt:ppkocRtp9hEA9Sr2Ss1vhPMeHL7MH3x,
2024-02-01,Other,size-in-bytes,4284,
2024-02-01,Payload delivery,mime-type,application/json,
2024-02-01,Payload delivery,md5,0ef1e42e140b130c0f6955ec001bf3aa,Malware payload
2024-02-01,Payload delivery,sha256,3d223d5e30823892f8633ca6a2e46b8990ecd5b79e05b9d5e6e080a246ebbd02,Malware payload
2024-02-01,Payload delivery,tlsh,t1f8a1b8ab25795cbccb24c7d655c53e8357fd0053a2a4ac14ecad5f0c91ff8b1426aa,
2024-02-01,Payload delivery,ssdeep,48:Yxg3SPhJSPdqKkY7EbnlUQl2mhpk6nYK+zMlFDF4w0dM0tXqlNjT2up9WMTv0mUB:QOMkB6KoTz9DEi1vgQYUnYP,
2024-02-01,Other,size-in-bytes,4850,
2024-02-01,Payload delivery,mime-type,application/json,
2024-02-01,Payload delivery,md5,791e69decae430b60ad6b04fb21c96d4,Malware payload
2024-02-01,Payload delivery,sha256,0ec63a549f47409200df7fcd2715c62bfd019ddec8b46a5c5dcedb574919a596,Malware payload
2024-02-01,Payload delivery,tlsh,t1379196e7b1155eb8c51fc9ea56e939cfcabd001390745c1ce59a4b0b88fe1b51363d,
2024-02-01,Payload delivery,ssdeep,96:XG3a9k0yan4wgaBSQcsTN9+BMOy0G1vRctHsz9UAeGtE9vaVXr:YH0049rVGmlq9v4,
2024-02-01,Other,size-in-bytes,4539,
2024-02-01,Payload delivery,mime-type,application/json,
2024-02-01,Payload delivery,md5,561aff7b90c26c6233c6ed271ad8ccab,Malware payload
2024-02-01,Payload delivery,sha256,4cab5f54a95df2fb6a0be98f4ceb5010aaf8e95634cde8c297614bcc6536dcbf,Malware payload
2024-02-01,Payload delivery,tlsh,t1d6a184af21292cbc871487d258d93e8797ed0053a298ac18fded6f0c92ff4b143659,
2024-02-01,Payload delivery,ssdeep,48:Yxg3SPhJSPdqKkY7EbnlUQl2bhpk6nYK+z9SPmDF4w0dM0tXDSPGo2up9WvseNEv:QOlkBIeKezz9EEEi1vZhY9/pk1dP,
2024-02-01,Other,size-in-bytes,4939,
2024-02-01,Payload delivery,mime-type,application/json,
2024-02-01,Payload delivery,md5,2f645db68d4060afafadf2d2f07f38bb,Malware payload
2024-02-01,Payload delivery,sha256,8d93117e86287b609e4cb17b141181591ba3c6fe568fd46ee7b22a216e95d100,Malware payload
2024-02-01,Payload delivery,tlsh,t17a91439a27085dbcc654a6d3e9843ad7876e0493b0d8ed2cd9fd9f08e1ef1f002799,
2024-02-01,Payload delivery,ssdeep,48:YxY6wtdlpkofn16Ru+FkDFU0NhtXeV2Qp9We6T2UHs1vibvKqRteU3wxioLNIpTE:tpkocRtG9U/9K2Ss1veiHLNIpTDSx,
2024-02-01,Other,size-in-bytes,4284,
2024-02-01,Payload delivery,mime-type,application/json,
2024-02-01,Payload delivery,md5,9e0c9364a4d9a7f5ee818fad3bca9f2e,Malware payload
2024-02-01,Payload delivery,sha256,19c5ced54960e3a74cc513921f24051d0535f0a74762f6fd8d1157499bfdf85f,Malware payload
2024-02-01,Payload delivery,tlsh,t117159e0273d1c062ffab92334b5af6515bbc69260123e61f13981db9be701b1563e7,
2024-02-01,Payload delivery,imphash,948cc502fe9226992dce9417f952fce3,
2024-02-01,Payload delivery,ssdeep,12288:tqDEvFo+yo4DdbbMWu/jrQu4M9lBAlKhQcDGB3cuBNGE6iOrpfe4JdaDgaBT7:tqDEvCTbMWu7rQYlBQcBiT6rprG8aV7,
2024-02-01,Other,size-in-bytes,918016,
2024-02-01,Payload delivery,mime-type,application/x-dosexec,
2024-02-01,Payload delivery,md5,4195d88abb4d7251747d45afce8571d6,Malware payload (Amadey)
2024-02-01,Payload delivery,sha256,82976d42933b11b1de1bbb32d68cc54902d35f62506161aacf78b7b10c87cdd4,Malware payload (Amadey)
2024-02-01,Payload delivery,tlsh,t1670533bc6f696750d65cb0f800ee870465bd3ca98355a8a24b5f3a8b9e244cf7f4b5,
2024-02-01,Payload delivery,imphash,7515ecf8c0dfa4d230ad835fe0acb57f,
2024-02-01,Payload delivery,ssdeep,24576:TpWvVG50nuwQIBaWnBCqNhswNrU0W0Rb:YvVG50nulIBaWntNhBgu,
2024-02-01,Other,size-in-bytes,810496,
2024-02-01,Payload delivery,mime-type,application/x-dosexec,
2024-02-01,Payload delivery,md5,765dff674d94265b638cc9dfb44efc0e,Malware payload
2024-02-01,Payload delivery,sha256,1e2be4da6a2d1f6db941a2e40fc530c6e40e8ccea8ca305fb027c6b736220893,Malware payload
2024-02-01,Payload delivery,tlsh,t1cb91c5b716284cacca2487d7d5a03b87567f8167e084ae68f9f88f0ce0fe1b41136a,
2024-02-01,Payload delivery,ssdeep,48:Yx5AvwlYYw6KbsJkmnh+0DFU0omOtXxR23p9WtY2UKJ1vybaKqRrC3wxioitlJE:YAvwlpkv0S7U9/2FJ1vu8itvE,
2024-02-01,Other,size-in-bytes,4323,
2024-02-01,Payload delivery,mime-type,application/json,
2024-02-01,Payload delivery,md5,560416c0cb1cd58d0200e5c6864aed56,Malware payload
2024-02-01,Payload delivery,sha256,b325e750b1105b4bee84d60715437f5e67018904c9ff3674be12747531e78f64,Malware payload
2024-02-01,Payload delivery,tlsh,t1b8917562661c0cbd83394ad2e05c76d767ae027350d4fd2888bd8f0ca5ff2b141769,
2024-02-01,Payload delivery,ssdeep,96:jj4ekxq8pVFawTH9o2nTv71vzhHtsIZh8BVzR+:jj4vguFaA9o2nbdhNsIr8BtR+,
2024-02-01,Other,size-in-bytes,4225,
2024-02-01,Payload delivery,mime-type,application/json,
2024-02-01,Payload delivery,md5,58fb501753ea13dfc994987423c33c34,Malware payload
2024-02-01,Payload delivery,sha256,3a38425bcab8f8201268951379ca6fb8fe632e9d87a678d8352962ab40b9f903,Malware payload
2024-02-01,Payload delivery,tlsh,t1cba174ab31550cbcc52987da94e13b8b97bd00639494ec28a4dc9f5c96fe8f1037ad,
2024-02-01,Payload delivery,ssdeep,48:Yxg3SPhJSPdqKkY7EbnlUQl2KKRifk/n0+aWCDF4w0biYtXnQbZ2Hp9WjyUxG1vs:QOofkTa1uAbZ49bMG1vCb8vbJAz9R,
2024-02-01,Other,size-in-bytes,5015,
2024-02-01,Payload delivery,mime-type,application/json,
2024-02-01,Payload delivery,md5,471e033a5026751d79451322fe08c33b,Malware payload
2024-02-01,Payload delivery,sha256,4e0f1b95632ce51efb9d4bbd7cb7b8dc781c924c703cf123cb29c999c8b9a763,Malware payload
2024-02-01,Payload delivery,tlsh,t14ca1b7ab31564c7cca2487ea98d53a8b576d01b391d4ec14f8ad5f4cc1fe8f143799,
2024-02-01,Payload delivery,ssdeep,48:Yxg3SPhJSPdqKkY7EbnlUQl2GRifk/n0+aW0DF4w0biYtXnR2Hp9WO8ZUxG1v+b9:QOdkTa1uh49AMG1vSmAe3C,
2024-02-01,Other,size-in-bytes,4866,
2024-02-01,Payload delivery,mime-type,application/json,
2024-02-01,Payload delivery,md5,1a452f058323dbee8cf7d0541c389791,Malware payload
2024-02-01,Payload delivery,sha256,a1e16d48142acfa9f4ef28bad7f26fe19ffee0b70a21174941d727f0f9fc1edd,Malware payload
2024-02-01,Payload delivery,tlsh,t12491535a26095dbdca9496d3d9843ac7c76f1053e194ed28e8bd8f08e1ff1f10276a,
2024-02-01,Payload delivery,ssdeep,48:YxY6w7dlpkofn16Ru+FvDF4w0NhtXpk2Kp9Wo6sUHs1vFbvKzRteU3wxioorb/2o:jpkocRtxYyH97Ss1vdTHW+03x,
2024-02-01,Other,size-in-bytes,4413,
2024-02-01,Payload delivery,mime-type,application/json,
2024-02-01,Payload delivery,md5,f301ceacf661b08270abb630305c93a8,Malware payload
2024-02-01,Payload delivery,sha256,5a4a9453fab48462591b62cccd57e103df72a17a173e20ac68427b0d4348ec46,Malware payload
2024-02-01,Payload delivery,tlsh,t1eda186eb61251cbcca19c7c694d93b8797fc01135294ec24a89c9b0c93ff9b153669,
2024-02-01,Payload delivery,ssdeep,48:Yxg3SPhJSPdqKkY7EbnlUQl21ehpk6nYK+z1DF4w0dM0tXnGbZ2up9WSgyUfi1vZ:QOPOkBhKWbZz9BEi1vUb8pbbY/BogWP,
2024-02-01,Other,size-in-bytes,5033,
2024-02-01,Payload delivery,mime-type,application/json,
2024-02-01,Payload delivery,md5,66932e3469a7f9efb744b4b86e51b31a,Malware payload
2024-02-01,Payload delivery,sha256,8cef0701c450d4d052137da23f7e5eb1102f7f87ef4492a71ed0c8dacd050d24,Malware payload
2024-02-01,Payload delivery,tlsh,t14391772662580dbd8a28869fe4443bf35bee01a351d4ec28c4ae5f5cb1ff6f111769,
2024-02-01,Payload delivery,ssdeep,96:zOzO/+km7O8ZlOFKiwTH9DnT71vfihHxisoZ5YoK4+:XPHKT9TTx+RJoD5K3,
2024-02-01,Other,size-in-bytes,4262,
2024-02-01,Payload delivery,mime-type,application/json,
2024-02-01,Payload delivery,md5,5ad803315bc8cb3af604b98b3491c325,Malware payload
2024-02-01,Payload delivery,sha256,35a273b94e4a806df6993da3d193edc2e59429939aff8590547ef4cdb3293779,Malware payload
2024-02-01,Payload delivery,tlsh,t1fd91c6b7162c4cad8a1487d386503b97577f416be0849e28b9b88f0cd0fe1b51137b,
2024-02-01,Payload delivery,ssdeep,48:Yx5AvwlYYwUKbsJkmnh+0DFU0omOtXxR23p9WtY2UKJ1vybaKqRrC3wxioi+qM3r:YAvwlzkv0S7U9/2FJ1vu8iRDTE,
2024-02-01,Other,size-in-bytes,4323,
2024-02-01,Payload delivery,mime-type,application/json,
2024-02-01,Payload delivery,md5,de7a0e35e791e4b0ecc0537d00a349d8,Malware payload
2024-02-01,Payload delivery,sha256,512efe565558331976484cf43d3546595858eb34a9e286d6e06543d14dfb92e1,Malware payload
2024-02-01,Payload delivery,tlsh,t126915326261c0cbdc7394a93a05c7a976bae02739094fd2888bd4f0ca5ff2b141769,
2024-02-01,Payload delivery,ssdeep,96:jjHekxq8pVFawTH9o2nTv71vzhHtsIZhPofI3R+:jjHvguFaA9o2nbdhNsIrPo8R+,
2024-02-01,Other,size-in-bytes,4215,
2024-02-01,Payload delivery,mime-type,application/json,
2024-02-01,Payload delivery,md5,2eb54f00f6791884ec7f73cd92170f99,Malware payload
2024-02-01,Payload delivery,sha256,673d217dac1521fbc656012fe52b4c5115d161353240d4bf86492bdf8147a068,Malware payload
2024-02-01,Payload delivery,tlsh,t138a1a6ab32550cbc86248be794e53e8b47ad0163a094ed28f4ad4f4c95ff8f5037ad,
2024-02-01,Payload delivery,ssdeep,48:Yxg3SPhJSPdqKkY7EbnlUQl21Rifk/n0+aW/bDF4w0biYtX8rG2xp9WoKsYUxG1r:QOIkTakuNe9yMG1vbDAWwyo+,
2024-02-01,Other,size-in-bytes,4953,
2024-02-01,Payload delivery,mime-type,application/json,
2024-02-01,Payload delivery,md5,ca97a73c34d79813049230084e1e14da,Malware payload
2024-02-01,Payload delivery,sha256,a98c7a92454e2964c72f59a83cdaf5aec4a8ddf376a3cb0013d7765e89984f36,Malware payload
2024-02-01,Payload delivery,tlsh,t1d0a196eb65691cbccb19c7c690d93b9797fc011352a4ec28a8ac5b0c93ff5711266a,
2024-02-01,Payload delivery,ssdeep,48:Yxg3SPhJSPdqKkY7EbnlUQl2khpk6nYK+z1DF4w0dM0tXnGbZ2up9WSgyUfi1vUS:QOWkBhKWbZz9BEi1vUb8pbbYshjSoYqP,
2024-02-01,Other,size-in-bytes,5033,
2024-02-01,Payload delivery,mime-type,application/json,
2024-02-01,Payload delivery,md5,9ad5aa40396d38a598673ed30f2420de,Malware payload
2024-02-01,Payload delivery,sha256,0d7970d0c69842598ecd64ab0dbecd7b3766db1c1653268a887245df7d63af83,Malware payload
2024-02-01,Payload delivery,tlsh,t1dd9195e7b1155eb8c51fc5ea569938cfcabd001390305c1ce5ae4b0b98fe1b51363e,
2024-02-01,Payload delivery,ssdeep,96:XGB9k0yan4wgaBSQcsTN9+BMOy0G1vRctHsz9UAeGOXVXr:x0049rVGmlOl,
2024-02-01,Other,size-in-bytes,4529,
2024-02-01,Payload delivery,mime-type,application/json,
2024-02-01,Payload delivery,md5,ac2ecd229bd907c14738b6deaa27dd39,Malware payload (BumbleBee)
2024-02-01,Payload delivery,sha256,fb2a5767a2c969a10635e685fec0f00b049d5f950f21b5428de5132d1ba888f1,Malware payload (BumbleBee)
2024-02-01,Payload delivery,tlsh,t1ed45f121e2a25ff8d476517680ab252fbb303e6d0724d377abc0c2377d927e45b166,
2024-02-01,Payload delivery,imphash,47e01530ad43ec939d1c47709a80a5c6,
2024-02-01,Payload delivery,ssdeep,24576:N+mCtzPnhINJR1anNEDf4iKOosHu5Yl1qaZ+f7avUp0oU:mmrdT4iKn5YnZAO,
2024-02-01,Other,size-in-bytes,1223699,
2024-02-01,Payload delivery,mime-type,application/x-dosexec,
2024-02-01,Payload delivery,md5,d0ab623adb43a51dcc1731d69f15a110,Malware payload
2024-02-01,Payload delivery,sha256,0e7f3c844473359746495e3b38459aed9604679e951055e966b625e77652faf4,Malware payload
2024-02-01,Payload delivery,tlsh,t1399195b716280cbcca2487d795a43bd756bf4167e0849d68b9bc8f08e0fe1f10136b,
2024-02-01,Payload delivery,ssdeep,96:YAvwlBkvQISnya0o9HT2FJ1vltPBiXaenE:YAvRXo9z2FBiXa2E,
2024-02-01,Other,size-in-bytes,4339,
2024-02-01,Payload delivery,mime-type,application/json,
2024-02-01,Payload delivery,md5,15a792919bcbb463a9f40ad5092378bd,Malware payload
2024-02-01,Payload delivery,sha256,63e7654324b3452845dccedb9e83be8339fb89170fc74c91c01d53dbce1b50b8,Malware payload
2024-02-01,Payload delivery,tlsh,t1c7a175ab21692cbc871487d699d53e8797ed0057a298ac18bced6f0c92ff4a103659,
2024-02-01,Payload delivery,ssdeep,48:Yxg3SPhJSPdqKkY7EbnlUQl2mhpk6nYK+z9SPmDF4w0dM0tXDSPGo2up9WvseNEs:QOAkBIeKezz9EEEi1vZhYxBCqdP,
2024-02-01,Other,size-in-bytes,4940,
2024-02-01,Payload delivery,mime-type,application/json,
2024-02-01,Payload delivery,md5,c6eff6a4d6e33bfc45d89a7233b1664d,Malware payload
2024-02-01,Payload delivery,sha256,53546b1f3c693ebbcdfa60716b9725a2c13deed9cb4a6a40dab8d9b38ab45fb2,Malware payload
2024-02-01,Payload delivery,tlsh,t1f091646619386c7cc758c5ca88fc3d4e567e005bf2649c14a6ed8e0ae2ff1f243a65,
2024-02-01,Payload delivery,ssdeep,96:eyvrkYOhDH5R0DWfrfT594ds1Y7g1vUreHTMsgiFE2MCqLJeJeR:eyvQThr5RIWfrt94ds1Y7FrezMsgiFEJ,
2024-02-01,Other,size-in-bytes,4614,
2024-02-01,Payload delivery,mime-type,application/json,
2024-02-01,Payload delivery,md5,b9ca17207782d9099ff28555c8bc3fd6,Malware payload
2024-02-01,Payload delivery,sha256,2282cb051967754d00ab86cd81979867d2bec3967356df388e541f82c2339bd3,Malware payload
2024-02-01,Payload delivery,tlsh,t199a187ab15641cbdc7148bd255d93a4787ed0153a2d8ac14fced5f0c81ff8a60366a,
2024-02-01,Payload delivery,ssdeep,48:Yxg3SPhJSPdqKkY7EbnlUQl2dhpk6nYK+zebDF4w0dM0tX8r82bp9WG9sYUfi1vC:QOfkBAKpg9nEi1v1/YS4aKP,
2024-02-01,Other,size-in-bytes,4981,
2024-02-01,Payload delivery,mime-type,application/json,
2024-02-01,Payload delivery,md5,13497ccf8323d4c264fe8c86c3dfb8a3,Malware payload
2024-02-01,Payload delivery,sha256,f0cc7103801e98f0213738d33313354691d7fad6013b78d50044b46d92527ded,Malware payload
2024-02-01,Payload delivery,tlsh,t13391859a26085dbcc64496d3e4543ad7c76e1093b0a8dd2ce8fd9f08e1ef1f04276e,
2024-02-01,Payload delivery,ssdeep,48:YxY6wEdlpkofn16Ru+FzvDFU0NhtXN3rm/2xp9WhHp6Y2UHs1vhmObvK3moRteU6:spkocRtp9hEA9Sr2Ss1vhPMeHL7DXW+x,
2024-02-01,Other,size-in-bytes,4274,
2024-02-01,Payload delivery,mime-type,application/json,
2024-02-01,Payload delivery,md5,7cdee12901cd37add8cf81fa0ba91de3,Malware payload
2024-02-01,Payload delivery,sha256,84369ba724460cd0ffecc0ffd86f87efa18b28aa981784d298a1d67bcf7e2c0a,Malware payload
2024-02-01,Payload delivery,tlsh,t192a1956f31161cacc61487ea98e13e9b97bd00a3a1c4ac18b4ed5f58a6ff8f103759,
2024-02-01,Payload delivery,ssdeep,48:Yxg3SPhJSPdqKkY7EbnlUQl28Rifk/n0+aWKSPmDF4w0biYtXDSPGq2Hp9WcseN3:QOXkTaUeuef49VEMG1vHRA5E/q3t,
2024-02-01,Other,size-in-bytes,4932,
2024-02-01,Payload delivery,mime-type,application/json,
2024-02-01,Payload delivery,md5,8237ff9e79bb1c411fc48e36ed171258,Malware payload
2024-02-01,Payload delivery,sha256,5bc3fe8d16701a46880f33d8886d31d1757b1f99b5cd3152e97dd352bd5502df,Malware payload
2024-02-01,Payload delivery,tlsh,t17da1a5ab11295cbccb14c7c285c93a8797ed0153a3a4ac18fded6f0c92ef4b143659,
2024-02-01,Payload delivery,ssdeep,48:Yxg3SPhJSPdqKkY7EbnlUQl2Khpk6nYK+z1DF4w0dM0tXnT2up9WSFo8ZUfi1vAn:QOskB5KDz9vLEi1vYYYS7xmHP,
2024-02-01,Other,size-in-bytes,4874,
2024-02-01,Payload delivery,mime-type,application/json,
2024-02-01,Payload delivery,md5,2787895394ad5ee37e96c6addc3016c6,Malware payload
2024-02-01,Payload delivery,sha256,cc22bcab72919285db6f6c99bca0f294534fb4f5f1d888ebad3f350361999842,Malware payload
2024-02-01,Payload delivery,tlsh,t1eba1869716585cbccf14c7d794da3aab87ed005392a49c18eded5f0c91ff8b602629,
2024-02-01,Payload delivery,ssdeep,48:Yxg3SPhJSPdqKkY7EbnlUQl2ihpk6nYK+zobgDF4w0dM0tXcg/i2up9WXibUfi1T:QOckBtKCz93Ei1vnfYKx/fP,
2024-02-01,Other,size-in-bytes,4788,
2024-02-01,Payload delivery,mime-type,application/json,
2024-02-01,Payload delivery,md5,3cbd20ab90342de15bda666b7cb0ebf0,Malware payload (RiseProStealer)
2024-02-01,Payload delivery,sha256,86bf59ffd3727a0df040d40912e7ec8f751055629495aecf11d6857e9e8f9952,Malware payload (RiseProStealer)
2024-02-01,Payload delivery,tlsh,t11e452374a15a86c5cf2174fa94d606e8ee5f798a13408f23406fabd04a78bcdb317d,
2024-02-01,Payload delivery,imphash,5ab723dc8d5af21b79dc301ed6a56a64,
2024-02-01,Payload delivery,ssdeep,24576:guwTYwR3O1RGji7oG4wEz7rkN/oXpwQoRHW/nShsMvZbX99Q:wEo+1cjIoG4wEzfkhwloR2/ShsMvZp9,
2024-02-01,Other,size-in-bytes,1195520,
2024-02-01,Payload delivery,mime-type,application/x-dosexec,
2024-02-01,Payload delivery,md5,4f6d99e2ee32433cc337f627d3ce1429,Malware payload
2024-02-01,Payload delivery,sha256,aa3917a8ae38ab5f1fc3464a0c912ef4e6b244b77d0663d105900cc6b5aec4f8,Malware payload
2024-02-01,Payload delivery,tlsh,t113533949b78b9321cd680ab580f7841517f2a7d72673d68e3d8523ca0e33bd1ca527,
2024-02-01,Payload delivery,imphash,f34d5f2d4577ed6d9ceec516c1f5a744,
2024-02-01,Payload delivery,ssdeep,768:n4adO8/1xoEGzMNCjruEw6v/jsL0Nlen7u+sZfy1gggC+EvO9VmfViYF2f8R:n4WOKI8CjGe/40CKvlQgVC+BHsFR,
2024-02-01,Other,size-in-bytes,60928,
2024-02-01,Payload delivery,mime-type,application/x-dosexec,
2024-02-01,Payload delivery,md5,0559d640ff82a9ef4fe4e37e73989b0a,Malware payload
2024-02-01,Payload delivery,sha256,17dfc202fdb5b46298f5f92ee0dfbc0f639fd864e5c0ea9286e98e06f5f13d22,Malware payload
2024-02-01,Payload delivery,tlsh,t1459155aa26085dbdca5496d3d5403ad7876e0493f198ed2ce9fd9f08e1ef1f002759,
2024-02-01,Payload delivery,ssdeep,48:YxY6wodlpkofn16Ru+FkDFU0NhtXeV2Qp9We6T2UHs1vibvKqRteU3wxioLy6sb/:ApkocRtG9U/9K2Ss1veiHLy3uclx,
2024-02-01,Other,size-in-bytes,4274,
2024-02-01,Payload delivery,mime-type,application/json,
2024-02-01,Payload delivery,md5,d6c88abe005ec9668d7b64830991b316,Malware payload
2024-02-01,Payload delivery,sha256,d95fd4f9c10525d5a2aebd85028150d4ea39cf5ce05741ef15ced83d5ec5463c,Malware payload
2024-02-01,Payload delivery,tlsh,t192a1b75735654cbcc624c7da54e23e8b57ac0077a1d4ec14a8ac4f5c85fe8f1037ea,
2024-02-01,Payload delivery,ssdeep,48:Yxg3SPhJSPdqKkY7EbnlUQl2ZRifk/n0+aWblFDF4w0biYtXqlNBT2Hp9Wt0mUxA:QOkkTaGuIT49YMG1veKAVID,
2024-02-01,Other,size-in-bytes,4842,
2024-02-01,Payload delivery,mime-type,application/json,
2024-02-01,Payload delivery,md5,166ca20618dda08e469d23b7d5722e0d,Malware payload
2024-02-01,Payload delivery,sha256,0ebb204e54ac6dd15397a6bca55a4731b1e572125fd2fb24974753d17a53a9ff,Malware payload
2024-02-01,Payload delivery,tlsh,t1f3d41210b8f5e5ebe6f705b5687cd1a92dbffc514a68828e31042b5f2e313c19e693,
2024-02-01,Payload delivery,imphash,fb785a281db53ea02bf0d250e3cfac23,
2024-02-01,Payload delivery,ssdeep,12288:ZoZoQURmuudgfx7IMpkBzz97uAWSWy6RTyj13PDBW:y1I1ftI6kBoAWSP6wW,
2024-02-01,Other,size-in-bytes,612864,
2024-02-01,Payload delivery,mime-type,application/x-dosexec,
2024-02-01,Payload delivery,md5,251ab9efb59f3714efd8f0a59c406f94,Malware payload
2024-02-01,Payload delivery,sha256,22b607d59a7f48623aca669f241035eae47a58800d5f93192c5430e7283461d7,Malware payload
2024-02-01,Payload delivery,tlsh,t17ca164ab35550cbcc62987da94e53f8b87bc01639494dc24b4ac9f5c92ff9f1037a9,
2024-02-01,Payload delivery,ssdeep,48:Yxg3SPhJSPdqKkY7EbnlUQl2NRifk/n0+aWCDF4w0biYtXnQbZ2Hp9WjyUxG1vCE:QO4kTa1uAbZ49bMG1vCb8vbJAtb4,
2024-02-01,Other,size-in-bytes,5005,
2024-02-01,Payload delivery,mime-type,application/json,
2024-02-01,Payload delivery,md5,5aa458dbc150dd9716edacc2d53baa38,Malware payload
2024-02-01,Payload delivery,sha256,8461873479a450af4343d5f449ffca385c1a302bbbb0cb1428a9f8d3987c9bd1,Malware payload
2024-02-01,Payload delivery,tlsh,t107b533da8679154ac8abab3de5a3d2a08c531e5b456841fd8376f04f0fbedb0e070e,
2024-02-01,Payload delivery,imphash,baa93d47220682c04d92f7797d9224ce,
2024-02-01,Payload delivery,ssdeep,49152:v+V9maj1OXoLET3xjThMeIKFvpz28r70CFPPsfRM5YrkgUJgXFq71dj:Wvm8O+OVCKfbrh5mRMSZm,
2024-02-01,Other,size-in-bytes,2349056,
2024-02-01,Payload delivery,mime-type,application/x-dosexec,
2024-02-01,Payload delivery,md5,383519ca3cefb588fb422e9eb2c4f11e,Malware payload (Amadey)
2024-02-01,Payload delivery,sha256,7c5ca6aa19b13219b9310048cca0bda048a62f5ac16a41bf9a699c72c06705b9,Malware payload (Amadey)
2024-02-01,Payload delivery,tlsh,t1700523bf85a99102ca3065775862879b23eafcd667c8593154af11920f324ef6b02d,
2024-02-01,Payload delivery,imphash,7515ecf8c0dfa4d230ad835fe0acb57f,
2024-02-01,Payload delivery,ssdeep,12288:Ojkcmw+xWqwJT6OSK/p4nTo7YNQh1F85ZwKd89BcFyBhBOyxE+hb0lvPd1sS4SsS:OjswnHJXSI2nswQLyEvOign+4P,
2024-02-01,Other,size-in-bytes,809472,
2024-02-01,Payload delivery,mime-type,application/x-dosexec,
2024-02-01,Payload delivery,md5,f9a4351ae403a351d2cfa6fcd40b9f3d,Malware payload
2024-02-01,Payload delivery,sha256,9e2609e61c24332eaa00af5caf657ea474430845f8ec07ef9985e69308b9a742,Malware payload
2024-02-01,Payload delivery,tlsh,t198830268787e827a7f89e3bd0e5ddbbbb6041bdd87d4a427f7c4899541a880dbc0c4,
2024-02-01,Payload delivery,ssdeep,1536:zq42MP7bDAt+q6844I49LT+1BGAeXRENgUu+M4UlMXMIt+VTY0EGu6rN:W4/Mt+q68Rl4VFNgUdge8u6R,
2024-02-01,Other,size-in-bytes,81664,
2024-02-01,Payload delivery,mime-type,application/octet-stream,
2024-02-01,Payload delivery,md5,b5a60825ffaba48c73bbc66ce1ed9713,Malware payload
2024-02-01,Payload delivery,sha256,46c45f2a1a8e6f7c71d5bf3648964e41a6377eccbd9533c9ed0be2a4e772b4bb,Malware payload
2024-02-01,Payload delivery,tlsh,t189b533f433f92a18f9034b791996989ab57b2d230679f40420a2f13b9b7e5f04315f,
2024-02-01,Payload delivery,imphash,baa93d47220682c04d92f7797d9224ce,
2024-02-01,Payload delivery,ssdeep,49152:HyU+iTGcOEoWI7JGcvPjBF2/8kfPaoDmRrmsfcnYSksUVd3:XwEoN9GcHj+Ukn8dmccnbCd,
2024-02-01,Other,size-in-bytes,2309120,
2024-02-01,Payload delivery,mime-type,application/x-dosexec,
2024-02-01,Payload delivery,md5,9b131084d058b501c7ef0fdbe1a0d639,Malware payload
2024-02-01,Payload delivery,sha256,d42daac493e7e5e89f8b98ef7b63d7c78ff663d15ee98e979d00dc7d78e4df34,Malware payload
2024-02-01,Payload delivery,tlsh,t1f691545926085dbdcb9496e3d4843ad7d76e0053e194dd2ce8fd8f08a2ef1f10275a,
2024-02-01,Payload delivery,ssdeep,48:YxY6wsKdlpkofn16Ru+FvDF4w0NhtXpk2Kp9Wo6sUHs1vFbvKzRteU3wxioorbo1:86pkocRtxYyH97Ss1vdTHWOz5x,
2024-02-01,Other,size-in-bytes,4403,
2024-02-01,Payload delivery,mime-type,application/json,
2024-02-01,Payload delivery,md5,df76275fbb2b197a9c749b8e5feb4f40,Malware payload
2024-02-01,Payload delivery,sha256,09da6fcc0a5752d0bd2c12c4493b6f23df890f65fea2b1ad467afb87e1ce8525,Malware payload
2024-02-01,Payload delivery,tlsh,t141a1b8ab35664c7cc62487da94e53e8b57ad01b39194dc14f9bc5f4c81fe4f1037a9,
2024-02-01,Payload delivery,ssdeep,48:Yxg3SPhJSPdqKkY7EbnlUQl2JRifk/n0+aW0DF4w0biYtXnR2Hp9WO8ZUxG1v+bt:QOQkTa1uh49AMG1vSmApvhzR,
2024-02-01,Other,size-in-bytes,4856,
2024-02-01,Payload delivery,mime-type,application/json,
2024-02-01,Payload delivery,md5,f0b8aaf4fa1f70cd909d68c9ed0eb733,Malware payload
2024-02-01,Payload delivery,sha256,1a4a4f93ce342456082eacb2aa243f27a03bc63c5abd325c5ac2d9c3e8d99fd8,Malware payload
2024-02-01,Payload delivery,tlsh,t1f191742561581cbe8628879fe4443af35bee01a39184ec28d4ae5f5da0ff5f101769,
2024-02-01,Payload delivery,ssdeep,96:zOzOJ+km7O8ZlOFKiwTH9DnT71vfihHxisoZ5fWg14+:RPHKT9TTx+RJoDfWg13,
2024-02-01,Other,size-in-bytes,4272,
2024-02-01,Payload delivery,mime-type,application/json,
2024-02-01,Payload delivery,md5,f166b31263512ce01e21bb21d181f6ff,Malware payload
2024-02-01,Payload delivery,sha256,fd6be6556760b8b5fbf87bcf50baede47aeb962b0730cad31157074a083cb3d0,Malware payload
2024-02-01,Payload delivery,tlsh,t10b91749a26095dbdca5496d3e8503ad7c76e1093b198de2cd4fc9f08e1ef1f04376a,
2024-02-01,Payload delivery,ssdeep,48:YxY6wedlpkofn16Ru+FzvDFU0NhtXN3rm/2xp9WhHp6Y2UHs1vhmObvK3moRteUs:epkocRtp9hEA9Sr2Ss1vhPMeHL3m2x,
2024-02-01,Other,size-in-bytes,4284,
2024-02-01,Payload delivery,mime-type,application/json,
2024-02-01,Payload delivery,md5,887484c4d9c814e1aa64c3a572cfe312,Malware payload
2024-02-01,Payload delivery,sha256,ecf3d28ec0b85d37e8db20cc1ab8f4eb14a58548059e1a91fbd2001481187e23,Malware payload
2024-02-01,Payload delivery,tlsh,t1e9a1845732554cbc8b2487ea94e63aab47ad0077a094ac24a9ed4f4c91ff8f10276d,
2024-02-01,Payload delivery,ssdeep,48:Yxg3SPhJSPdqKkY7EbnlUQl202Rifk/n0+aWHbgDF4w0biYtXcgFi2Hp9WoibUx2:QO6kTaRug49KMG1v5vAtLuSw,
2024-02-01,Other,size-in-bytes,4770,
2024-02-01,Payload delivery,mime-type,application/json,
2024-02-01,Payload delivery,md5,fdeeef4ef6bfc49292702a4cc6e6b4fd,Malware payload
2024-02-01,Payload delivery,sha256,ba89759004bb2531da7a448e37a7c44f7ee4db564d1744c9f77a36eafd8025f6,Malware payload
2024-02-01,Payload delivery,tlsh,t1e4a196ab31150dbcc52987da94e53f8b47bc00639494ec24a49c9f5c92ff9f1437a9,
2024-02-01,Payload delivery,ssdeep,48:Yxg3SPhJSPdqKkY7EbnlUQl2BRifk/n0+aWCDF4w0biYtXnQbZ2Hp9WjyUxG1vCm:QOAkTa1uAbZ49bMG1vCb8vbJA3YB7,
2024-02-01,Other,size-in-bytes,5005,
2024-02-01,Payload delivery,mime-type,application/json,
2024-02-01,Payload delivery,md5,ef2d670d7456e6a99283834009f7f227,Malware payload
2024-02-01,Payload delivery,sha256,1f8052289ba964b56e7a0495005ded6fa52416d193cb584e41a7d9f0eea424bc,Malware payload
2024-02-01,Payload delivery,tlsh,t1f2a1b6ab31550cbcc624c7ef54e23e8b57ad0077a194ed18a8ac4f5881fe8f1437ea,
2024-02-01,Payload delivery,ssdeep,48:Yxg3SPhJSPdqKkY7EbnlUQl2zRifk/n0+aWblFDF4w0biYtXqlNBT2Hp9Wt0mUxt:QOCkTaGuIT49YMG1veKALhwc,
2024-02-01,Other,size-in-bytes,4842,
2024-02-01,Payload delivery,mime-type,application/json,
2024-02-01,Payload delivery,md5,5aa4a3d9c3894467c9ad0aadee32e7be,Malware payload
2024-02-01,Payload delivery,sha256,dc693f920bb5546f1c8b5b0c63a7563da1be7e2f768158f7f87c46dcdd041e38,Malware payload
2024-02-01,Payload delivery,tlsh,t1a041cc7ccf29f8e0037db1a088492e2620989e57d6b58e24d9574ee62d7c30acf1b1,
2024-02-01,Payload delivery,ssdeep,48:LGfEFWuJqs9HZNjd+SfprcKyK0hE6S1FtfsC5P3RX5ZWiaoIhSNt9:LGfEFW87jd+Sfpbaq6S1FtfsC5P39Efk,
2024-02-01,Other,size-in-bytes,2219,
2024-02-01,Payload delivery,mime-type,text/plain,
2024-02-01,Payload delivery,md5,96f99743e9fcac0fa350a94d54463baf,Malware payload (RiseProStealer)
2024-02-01,Payload delivery,sha256,182b99670e081e18e5527c4b9919d60075c5d2cec708fa49ad881028c692b6d0,Malware payload (RiseProStealer)
2024-02-01,Payload delivery,tlsh,t1094533be876be594d97ceb70839867087dbee66509041386e11f6c040cace9f1747d,
2024-02-01,Payload delivery,imphash,5ab723dc8d5af21b79dc301ed6a56a64,
2024-02-01,Payload delivery,ssdeep,24576:Kz0JYdqZAfD1GdqQZFvzgMZSFwQMBaWnBCqmrXZbt4u:KfEyEqQ7vQlMBaWntYZR,
2024-02-01,Other,size-in-bytes,1194496,
2024-02-01,Payload delivery,mime-type,application/x-dosexec,
2024-02-01,Payload delivery,md5,b9e19bafdfc59e566b9d18c6140aa60c,Malware payload
2024-02-01,Payload delivery,sha256,d86776ef4d81fcad8befa8aed8b14262d103662bdd787dc014a909bcb659cc7d,Malware payload
2024-02-01,Payload delivery,tlsh,t1d4a174ab11695cbcca1487d699d53e8797fd0053a398ac18bced6f0c92ff8b103659,
2024-02-01,Payload delivery,ssdeep,48:Yxg3SPhJSPdqKkY7EbnlUQl2m3hpk6nYK+z9SPmDF4w0dM0tXDSPGo2up9WvseNP:QOkkBIeKezz9EEEi1vZhYJuOdP,
2024-02-01,Other,size-in-bytes,4950,
2024-02-01,Payload delivery,mime-type,application/json,
2024-02-01,Payload delivery,md5,b18e6edd8b0cef0fa990922fd52689b3,Malware payload
2024-02-01,Payload delivery,sha256,cbbc81fdc15d6ab84b7b9d6e68d2aaee011c91553da98b81a246740229925417,Malware payload
2024-02-01,Payload delivery,tlsh,t163b533f465f045d8e14f13f0d3790b486b1bae0b4681b2592865f97a07fee78a331d,
2024-02-01,Payload delivery,imphash,baa93d47220682c04d92f7797d9224ce,
2024-02-01,Payload delivery,ssdeep,49152:/AYRf4PSdME5C5ib11KG2mRVRE5Gs3AbVgbEPdPZ4Nc:oYV4LEsI51xRV25qGmX4Nc,
2024-02-01,Other,size-in-bytes,2319360,
2024-02-01,Payload delivery,mime-type,application/x-dosexec,
2024-02-01,Payload delivery,md5,c0863dc0404caee79210e4c8760e9269,Malware payload
2024-02-01,Payload delivery,sha256,9b4683b671075c999b06c53ba8aefaba43c6e38f9e0e18356d2c60a1b41cef53,Malware payload
2024-02-01,Payload delivery,tlsh,t1b591437662180c7e863482d7b4597ad367be0257a1d4ec28a8bd4f0ca7ff1f205b65,
2024-02-01,Payload delivery,ssdeep,48:YxC4t2fbZkvnY+Cs+DF4w0nltXPSjeUT2Gp9WnTUd81vdE7b/KcRezbC3wxioorv:7bZknCs+w/05TH9I681vdEHAbpZcHxMO,
2024-02-01,Other,size-in-bytes,4238,
2024-02-01,Payload delivery,mime-type,application/json,
2024-02-01,Payload delivery,md5,c151f4a0939f96c1de53cc2c41d59d63,Malware payload
2024-02-01,Payload delivery,sha256,1d1014f7179e76d800d49fdcca44eb343bf0343580b98b501d13372e26913fbf,Malware payload
2024-02-01,Payload delivery,tlsh,t194a1b89b25795cfccb24c7d695c63e8357fc0053a2a4ad14ecac5f0c91fe8b14269a,
2024-02-01,Payload delivery,ssdeep,48:Yxg3SPhJSPdqKkY7EbnlUQl25hpk6nYK+zMlFDF4w0dM0tXqlNjT2up9WMTv0mUO:QOTkB6KoTz9DEi1vgQYnR8U+dUKP,
2024-02-01,Other,size-in-bytes,4850,
2024-02-01,Payload delivery,mime-type,application/json,
2024-02-01,Payload delivery,md5,37c6a0eab81925bd422f57dcee4ca17c,Malware payload
2024-02-01,Payload delivery,sha256,4fe6c554bb2e45e07888b577a488886ef2c7e5a8fdbcf3baa45993764bc66972,Malware payload
2024-02-01,Payload delivery,tlsh,t14b91517262180c7d863482d6b4597ad367be0257a0d4ec28a8fd4f0ce6ff1f205b6a,
2024-02-01,Payload delivery,ssdeep,96:PbZknCs+w/05TH9I681vdEHAbpZcFVoIO:Pb21R0B9I6KEgbp+FV9O,
2024-02-01,Other,size-in-bytes,4237,
2024-02-01,Payload delivery,mime-type,application/json,
2024-02-01,Payload delivery,md5,0f19cf2457392260ee743cdee9c6f29c,Malware payload
2024-02-01,Payload delivery,sha256,50e14f14edb2a8990646361c43ee5c05e694b750f3807425d9db14ed928b69c0,Malware payload
2024-02-01,Payload delivery,tlsh,t1e291c4b716284cacca1487d395903b97966f41a7f0849e68faec8f0cd0fe1f51136a,
2024-02-01,Payload delivery,ssdeep,48:Yx5AvwlYYwqKbsJkmnh+0DFU0omOtXxR23p9WtY2UKJ1vybaKqRrC3wxioi8wsf+:YAvwltkv0S7U9/2FJ1vu8izsf8meIE,
2024-02-01,Other,size-in-bytes,4323,
2024-02-01,Payload delivery,mime-type,application/json,
2024-02-01,Payload delivery,md5,0094ac41bf840ec03618b254b58fda53,Malware payload
2024-02-01,Payload delivery,sha256,84a287b99b9cc501832ae639b41196d472db380a367312f6a8d0c4689060d1b3,Malware payload
2024-02-01,Payload delivery,tlsh,t1ef928f35a8a1641b403bd8f9356fa28df82194078c4749a4b11f412dcbf6e934baff,
2024-02-01,Payload delivery,ssdeep,384:OftrMf+F0e0H3nZ2W6E45wse5QjuFwgzxdaqlU4:tIn0H3nZh6tOseQZgraqb,
2024-02-01,Other,size-in-bytes,19559,
2024-02-01,Payload delivery,mime-type,text/html,
2024-02-01,Payload delivery,md5,f502e737ab80d63d71438ab4586c10a4,Malware payload
2024-02-01,Payload delivery,sha256,5ee6ffdf3f9de4309b2ef74782c0c7b1bbee143ffda33405ba105151b8c10383,Malware payload
2024-02-01,Payload delivery,tlsh,t1e6b533e65e703603c9776f3cf9599a9a05eb9e676c627b880698fcb457fe0304020f,
2024-02-01,Payload delivery,imphash,baa93d47220682c04d92f7797d9224ce,
2024-02-01,Payload delivery,ssdeep,49152:uRoa4Qf/oKDIfEeBugdEVhafKtFfOMK5x8NKJB2Sxz:la4YoKDWE2WXgKCL56WEaz,
2024-02-01,Other,size-in-bytes,2328064,
2024-02-01,Payload delivery,mime-type,application/x-dosexec,
2024-02-01,Payload delivery,md5,83c872a1d83553b9194c13d4c2994f50,Malware payload
2024-02-01,Payload delivery,sha256,a2fec6be6b6c8167b158b0105b696595729f207ebe99a135caed5ed8624b437a,Malware payload
2024-02-01,Payload delivery,tlsh,t15341cb7ccf29f8e0033db0a088492e2620949e57d6b58e24d9574ee62d7c24acf2b1,
2024-02-01,Payload delivery,ssdeep,48:LGfEFWuJqs9HZNjd+SfprcKyK0hE6S1FtfsC5P3RX5ZWiaoIhSNts:LGfEFW87jd+Sfpbaq6S1FtfsC5P39EfZ,
2024-02-01,Other,size-in-bytes,2219,
2024-02-01,Payload delivery,mime-type,text/plain,
2024-02-01,Payload delivery,md5,31bc30411e0a49a6f53c3cd286e44327,Malware payload
2024-02-01,Payload delivery,sha256,aa65257bb054b8908b082e3b6c206d0504ad283bfeeb560f18c55a7006c73c21,Malware payload
2024-02-01,Payload delivery,tlsh,t123a1979712585cbccf14c7d694da3aab83ed005392a4ac14eded5f0c91ff8b50266e,
2024-02-01,Payload delivery,ssdeep,48:Yxg3SPhJSPdqKkY7EbnlUQl2Jhpk6nYK+zobgDF4w0dM0tXcg/i2up9WXibUfi1g:QOPkBtKCz93Ei1vnfYaCxXjP,
2024-02-01,Other,size-in-bytes,4788,
2024-02-01,Payload delivery,mime-type,application/json,
2024-02-01,Payload delivery,md5,9ababa31f8879ae3812ced83fcaea184,Malware payload
2024-02-01,Payload delivery,sha256,0d94d31e3ce732ea9d8239aa6c2a152b8b4ec12d3827be7323af354366485578,Malware payload
2024-02-01,Payload delivery,tlsh,t18ba184eb65651cbccb18c7c694d93b8697bc015352a4ec24a89c6b0c83ff97112669,
2024-02-01,Payload delivery,ssdeep,48:Yxg3SPhJSPdqKkY7EbnlUQl2jhpk6nYK+z1DF4w0dM0tXnGbZ2up9WSgyUfi1vUJ:QOFkBhKWbZz9BEi1vUb8pbbYZVPP,
2024-02-01,Other,size-in-bytes,5022,
2024-02-01,Payload delivery,mime-type,application/json,
2024-02-01,Payload delivery,md5,b903d8756e13fbcadf85f8812868bae3,Malware payload
2024-02-01,Payload delivery,sha256,35d9ab0e04390d4d7b94ee143da7dd8c08ad31e130a5a29c949a639c0955a1e6,Malware payload
2024-02-01,Payload delivery,tlsh,t192918526651c0cbd87384b93a05c76e76bee0277a184fd2888bd8f0ca5ff2b141769,
2024-02-01,Payload delivery,ssdeep,96:jjiekxq8pVFawTH9o2nTv71vzhHtsIZhogUtcR+:jjivguFaA9o2nbdhNsIrogU+R+,
2024-02-01,Other,size-in-bytes,4225,
2024-02-01,Payload delivery,mime-type,application/json,
2024-02-01,Payload delivery,md5,532dc15de9f94bdb9453039c94fb8530,Malware payload
2024-02-01,Payload delivery,sha256,1d9ec173cff4238f1d24518d7b8ec2709e5d7b7223f78d41065887ddf4b114b3,Malware payload
2024-02-01,Payload delivery,tlsh,t1339184ebb1155eb8c51fc9ee56a939cfcabd001390345c1ce5aa4b4b88fe1b51363d,
2024-02-01,Payload delivery,ssdeep,96:XGS9k0yan4wgaBSQcsTN9+BMOy0G1vRctHsz9UAeGgstPVXr:q0049rVGmlH9,
2024-02-01,Other,size-in-bytes,4529,
2024-02-01,Payload delivery,mime-type,application/json,
2024-02-01,Payload delivery,md5,1a123de3f2073e9d72d0da1b6e2d5327,Malware payload
2024-02-01,Payload delivery,sha256,8184f2f067184e484b095b92ab3f16484a4ed686be79547fbe63e8fb371872ac,Malware payload
2024-02-01,Payload delivery,tlsh,t1ef91a8b7152c0cbc8a248bd7a5643bd7967f4567e0849d18b9bc8f0ce0fe1b51136b,
2024-02-01,Payload delivery,ssdeep,96:YAvwl1kvQISnya0o9HT2FJ1vltPBiZdyoJnE:YAv9Xo9z2FBib7E,
2024-02-01,Other,size-in-bytes,4329,
2024-02-01,Payload delivery,mime-type,application/json,
2024-02-01,Payload delivery,md5,f347c453da41d1b04cacc7ea07fbe419,Malware payload
2024-02-01,Payload delivery,sha256,b32c65d3918989693d7fa4d68aa6bde82300332d8ebf9ab45a8f0be76fb80d7b,Malware payload
2024-02-01,Payload delivery,tlsh,t19da195ab31550cbc86248be794e53e8b87ad0163a194ed14f4ed4f4c85ff8e2037a9,
2024-02-01,Payload delivery,ssdeep,48:Yxg3SPhJSPdqKkY7EbnlUQl2BGRifk/n0+aW/bDF4w0biYtX8rG2xp9WoKsYUxGG:QOvzkTakuNe9yMG1vbDAIwmE,
2024-02-01,Other,size-in-bytes,4953,
2024-02-01,Payload delivery,mime-type,application/json,
2024-02-01,Payload delivery,md5,83e4d7a11b0270767842c63cb3175e00,Malware payload
2024-02-01,Payload delivery,sha256,0e5e6722265ee244ce8ad1f9d8f1b7d9b2f7efe2851b5be072f3276c0a7fc8c3,Malware payload
2024-02-01,Payload delivery,tlsh,t13ea1749732554cbc8b2487ea94e63eaf47ad0073a094dc24a9ed5f5c91ff8f10266d,
2024-02-01,Payload delivery,ssdeep,48:Yxg3SPhJSPdqKkY7EbnlUQl2tRifk/n0+aWHbgDF4w0biYtXcgFi2Hp9WoibUxGH:QOUkTaRug49KMG1v5vA3RJW,
2024-02-01,Other,size-in-bytes,4770,
2024-02-01,Payload delivery,mime-type,application/json,
2024-02-01,Payload delivery,md5,2c19755b5c150c0e1ae882c2f9457062,Malware payload
2024-02-01,Payload delivery,sha256,a7491eae051a3cdd4289a7f62044f461fba571efcd2b2ea62a0cbb6c9a8f6e02,Malware payload
2024-02-01,Payload delivery,tlsh,t1fba185ab31550dbcc62987da94e13f8b97bc00639494dc24a4ac9f5c92ff8f1437ad,
2024-02-01,Payload delivery,ssdeep,48:Yxg3SPhJSPdqKkY7EbnlUQl2vRifk/n0+aWCDF4w0biYtXnQbZ2Hp9WjyUxG1vCt:QOGkTa1uAbZ49bMG1vCb8vbJA7+Q,
2024-02-01,Other,size-in-bytes,5015,
2024-02-01,Payload delivery,mime-type,application/json,
2024-02-01,Payload delivery,md5,7152676fdfbec5d456476a5408709dbf,Malware payload
2024-02-01,Payload delivery,sha256,bf41d33b9fb501f90c10157995524ae4a2ad2c4ca25f170c1611382cee859dd5,Malware payload
2024-02-01,Payload delivery,tlsh,t183a1b7ab31650cbcc624c7da94e23e8757ad0073a594ec14e8ac5f5c95fe8f1037ea,
2024-02-01,Payload delivery,ssdeep,48:Yxg3SPhJSPdqKkY7EbnlUQl2uRifk/n0+aWblFDF4w0biYtXqlNBT2Hp9Wt0mUxt:QOdkTaGuIT49YMG1veKAOBnK,
2024-02-01,Other,size-in-bytes,4831,
2024-02-01,Payload delivery,mime-type,application/json,
2024-02-01,Payload delivery,md5,39d3e51a9fcff10109f845963512159d,Malware payload
2024-02-01,Payload delivery,sha256,75ce5ea2a35eae1b88b37f90cdf1c7579b976aa936c01a5ccdd468d6154804e6,Malware payload
2024-02-01,Payload delivery,tlsh,t1b491417162180cbec73482d6a4597ad367be0257a1d4ec28a8bd4f4cb6ff1f205b5a,
2024-02-01,Payload delivery,ssdeep,48:YxC1t2fbZkvnY+Cs+DF4w0nltXPSjeUT2Gp9WnTUd81vdE7b/KcRezbC3wxioor7:2bZknCs+w/05TH9I681vdEHAbpZcmBO,
2024-02-01,Other,size-in-bytes,4248,
2024-02-01,Payload delivery,mime-type,application/json,
2024-02-01,Payload delivery,md5,ef66c23fcd8a61f32c62b6c3eb7320fd,Malware payload
2024-02-01,Payload delivery,sha256,e300ba37e56e8ced5112ee5c9f1bb8261919deee622b8f0fe545332eb6f5ede0,Malware payload
2024-02-01,Payload delivery,tlsh,t131a1a5ab51395c7ccb10c7c699c93a8797ec015363a8ac18bded6f0c82ff8b102659,
2024-02-01,Payload delivery,ssdeep,48:Yxg3SPhJSPdqKkY7EbnlUQl2Ohpk6nYK+z1DF4w0dM0tXnT2up9WSFo8ZUfi1vAz:QOwkB5KDz9vLEi1vYYY5VTP,
2024-02-01,Other,size-in-bytes,4874,
2024-02-01,Payload delivery,mime-type,application/json,
2024-02-01,Payload delivery,md5,f0c44ef1a6c20e15732830d30c31fc57,Malware payload
2024-02-01,Payload delivery,sha256,7fceabf363f13efa434ded64db8fdca33c76597d06e5b3f0aa27e7ff08e20478,Malware payload
2024-02-01,Payload delivery,tlsh,t1d091652661140cbd8628869be0547bf75bee05a351d4ec28c4be9f5ca1ff6f101b69,
2024-02-01,Payload delivery,ssdeep,96:zOzOY+km7O8ZlOFKiwTH9DnT71vfihHxisoZ5L/G4+:wPHKT9TTx+RJoDLe3,
2024-02-01,Other,size-in-bytes,4261,
2024-02-01,Payload delivery,mime-type,application/json,
2024-02-01,Payload delivery,md5,eaa83f04c5eb6ad32530f5e20da7c38d,Malware payload
2024-02-01,Payload delivery,sha256,405f525dfb1747f01f4b97ff19384a75c665cd9f3958c8675e87ac8a4934d7ce,Malware payload
2024-02-01,Payload delivery,tlsh,t1ae9194b716280cbc8a2487e3a5943bd7467f4567e0949d68b9ac8f08e0fe1f60136b,
2024-02-01,Payload delivery,ssdeep,96:YAvwlLkvQISnya0o9HT2FJ1vltPBis05nE:YAvTXo9z2FBis0pE,
2024-02-01,Other,size-in-bytes,4329,
2024-02-01,Payload delivery,mime-type,application/json,
2024-02-01,Payload delivery,md5,9fdfd09aadadbcea08a1e6ae1f5c5065,Malware payload
2024-02-01,Payload delivery,sha256,23c33ebc4dbe030ba51b4c2708db4092aa69a2c7b9bb8aaaeef2423aed4ace33,Malware payload
2024-02-01,Payload delivery,tlsh,t1fc159e0273d1c062ffab92334b5af6515bbc69260123e61f13981db9be701b1563e7,
2024-02-01,Payload delivery,imphash,948cc502fe9226992dce9417f952fce3,
2024-02-01,Payload delivery,ssdeep,12288:+qDEvFo+yo4DdbbMWu/jrQu4M9lBAlKhQcDGB3cuBNGE6iOrpfe4JdaDgabTj:+qDEvCTbMWu7rQYlBQcBiT6rprG8afj,
2024-02-01,Other,size-in-bytes,918528,
2024-02-01,Payload delivery,mime-type,application/x-dosexec,
2024-02-01,Payload delivery,md5,fe3419d2d20985991b13cc84ae0b2b41,Malware payload
2024-02-01,Payload delivery,sha256,a2942d6967fe6c571ecaea9a2d513b43697d0c1342bb23c6ab4cd1fb39eda22a,Malware payload
2024-02-01,Payload delivery,tlsh,t1d391355a26085dbdca9496d3d9803ad7c76e1453f194dd2ce4fd8b08a1ff1f10276a,
2024-02-01,Payload delivery,ssdeep,48:YxY6wodlpkofn16Ru+FvDF4w0NhtXpk2Kp9Wo6sUHs1vFbvKzRteU3wxioorbai2:ApkocRtxYyH97Ss1vdTHWATrFx,
2024-02-01,Other,size-in-bytes,4403,
2024-02-01,Payload delivery,mime-type,application/json,
2024-02-01,Payload delivery,md5,b712176fe889aff3879f415673497127,Malware payload (CoinMiner)
2024-02-01,Payload delivery,sha256,5b43d491f08988f7653d3016b3cd9b68ec342de876178fe02ba8e30385f5ee4b,Malware payload (CoinMiner)
2024-02-01,Payload delivery,tlsh,t13e16df1267e98e0be7b62b36687291244b75f951b736e34f2a2c522d1db33744c813,
2024-02-01,Payload delivery,ssdeep,98304:cl5EsOfPk6/Dsd3t1y6G/Mul2rq/aReDkizMeQUQ:gePk59kN/Mul2rVe4iwVU,
2024-02-01,Other,size-in-bytes,4408832,
2024-02-01,Payload delivery,mime-type,application/x-dosexec,
2024-02-01,Payload delivery,md5,887974d84eeae88582a854f8099c5102,Malware payload (GCleaner)
2024-02-01,Payload delivery,sha256,a12aa651589ac345f319501bda42488fc12d1b8f6daffa35680535bb99c37488,Malware payload (GCleaner)
2024-02-01,Payload delivery,tlsh,t128268c027785de01d56e6337c8cf401497fcec912ba2eb1b7e9972ac6572326ac0d5,
2024-02-01,Payload delivery,imphash,f34d5f2d4577ed6d9ceec516c1f5a744,
2024-02-01,Payload delivery,ssdeep,98304:pFK09T8gpBnq8c7zw9RbGNdj5dhdI3uvHF/XK:po0J8gt7bAdPIp,
2024-02-01,Other,size-in-bytes,4615680,
2024-02-01,Payload delivery,mime-type,application/x-dosexec,
2024-02-01,Payload delivery,md5,c7f6f68d63bef76b54f10492aa4e67b3,Malware payload
2024-02-01,Payload delivery,sha256,e6835384b5ce4e2089bc8dc503fd13c2b6f6e8d746fd314ce546f5fd599c1485,Malware payload
2024-02-01,Payload delivery,tlsh,t113a1b6ab31664c7cca1487eb98e13e8b57ad00b36294ec14f9ad5f4881fe8f103799,
2024-02-01,Payload delivery,ssdeep,48:Yxg3SPhJSPdqKkY7EbnlUQl2NRifk/n0+aW0DF4w0biYtXnR2Hp9WO8ZUxG1v+bu:QOYkTa1uh49AMG1vSmAiX,
2024-02-01,Other,size-in-bytes,4866,
2024-02-01,Payload delivery,mime-type,application/json,
2024-02-01,Payload delivery,md5,9c181bdbe445a1bd272e55c97daa48d7,Malware payload
2024-02-01,Payload delivery,sha256,298bdc10b406dc914232763def0ac5d8e765e3fdce40072f2e29061dff9c7248,Malware payload
2024-02-01,Payload delivery,tlsh,t17891b4b715284c6dca1487d7d6a03b8356bf41abf0949e68b9b88f0ce0fe1b51137a,
2024-02-01,Payload delivery,ssdeep,48:Yx5AvwlYYwKKbsJkmnh+0DFU0omOtXxR23p9WtY2UKJ1vybaKqRrC3wxioi06AOE:YAvwlBkv0S7U9/2FJ1vu8i06AOE,
2024-02-01,Other,size-in-bytes,4323,
2024-02-01,Payload delivery,mime-type,application/json,
2024-02-01,Payload delivery,md5,28d54308297bcc4796ce509edfd3b890,Malware payload (Amadey)
2024-02-01,Payload delivery,sha256,b5b758cffe9909237ec081236d7f0190ccaad2dede63c50ff0d6fac2e186057e,Malware payload (Amadey)
2024-02-01,Payload delivery,tlsh,t114368c523645dd81c1ad2237c9cf41188becfda02ba2eb167a8e73ad6071367ac4d5,
2024-02-01,Payload delivery,imphash,f34d5f2d4577ed6d9ceec516c1f5a744,
2024-02-01,Payload delivery,ssdeep,98304:dTM/HoUJq7/UZta697iCkTHaBYpSJBfHM7cJ:ZM/H/u4xFi9u1HQcJ,
2024-02-01,Other,size-in-bytes,5155840,
2024-02-01,Payload delivery,mime-type,application/x-dosexec,
2024-02-01,Payload delivery,md5,24b1e3aceccfcbbbab9f931b4a53b6c5,Malware payload
2024-02-01,Payload delivery,sha256,a0ee24c49b6188b7903bfc6f47c7cded5e78bc54fbdabd1ecfc02fe221e8e3ac,Malware payload
2024-02-01,Payload delivery,tlsh,t13e91412629386c7cc758c5ca98fc3d8f567d105bf2649c14a6dd8e0ae2ff1b283a61,
2024-02-01,Payload delivery,ssdeep,96:ey1rkYOhDH5R0DWfrfT594ds1Y7g1vUreHTMsgiFETMJeR:ey1QThr5RIWfrt94ds1Y7FrezMsgiFEZ,
2024-02-01,Other,size-in-bytes,4624,
2024-02-01,Payload delivery,mime-type,application/json,
2024-02-01,Payload delivery,md5,5d893fdd9b0e908c1dccc8b15db48d6a,Malware payload
2024-02-01,Payload delivery,sha256,d6ab63ecf9f7205d87748d58097ec9339cc97878f936554029abf3d3cccd80d1,Malware payload
2024-02-01,Payload delivery,tlsh,t108a1b79b65695cbccb24c7c655c63e8357ed005363e4ad14ecac6f0c81fe4b10269a,
2024-02-01,Payload delivery,ssdeep,48:Yxg3SPhJSPdqKkY7EbnlUQl2Uhpk6nYK+zMlFDF4w0dM0tXqlNjT2up9WMTv0mUA:QOykB6KoTz9DEi1vgQYhdUjP,
2024-02-01,Other,size-in-bytes,4860,
2024-02-01,Payload delivery,mime-type,application/json,
2024-02-01,Payload delivery,md5,83b2a0254030ef5876e0bf99e7d1703c,Malware payload
2024-02-01,Payload delivery,sha256,16051de28a0a0cffb6d4c0828dbf2816acb61826311a124dcdc6e3140e80872e,Malware payload
2024-02-01,Payload delivery,tlsh,t12ab533ea8eb61027ff6f2f31f119407624936c17d07e562e496bf06e973c67a9886c,
2024-02-01,Payload delivery,imphash,baa93d47220682c04d92f7797d9224ce,
2024-02-01,Payload delivery,ssdeep,49152:lnsIkaxi+D7LKGrUY0HE3jsMyf7yjR9lXai8aNglgx9VWetkNxUTcOxieuJb:Fc0T7Cn2A7yb5ae6lgxzWJU3xGJ,
2024-02-01,Other,size-in-bytes,2299392,
2024-02-01,Payload delivery,mime-type,application/x-dosexec,
2024-02-01,Payload delivery,md5,6b588083721d2fa71e8c274d2108dc78,Malware payload
2024-02-01,Payload delivery,sha256,a9e8d0f658d7be5ce180f5cba0f008d917ed43ff68e7719aabc374b4c9ef402b,Malware payload
2024-02-01,Payload delivery,tlsh,t105468b123a44dd51d26e2637c9cf402887f8fc902b62eb176e9a33ec6171366ac5e5,
2024-02-01,Payload delivery,imphash,f34d5f2d4577ed6d9ceec516c1f5a744,
2024-02-01,Payload delivery,ssdeep,98304:LKNo52hjvx5gyeD2aBOYE6H/OPg08lUe2dlz4D7lS+YoP5pjM:L+o52hjJ5gDHrE6fyI6t4HlA6E,
2024-02-01,Other,size-in-bytes,5637632,
2024-02-01,Payload delivery,mime-type,application/x-dosexec,
2024-02-01,Payload delivery,md5,1eef8e0ccb01fa1bfb6725c6fe5d7887,Malware payload
2024-02-01,Payload delivery,sha256,b51985efeb3d101ffe7d740d91390e33ed66ab7bb9e975c3e97aaf14d87ec212,Malware payload
2024-02-01,Payload delivery,tlsh,t172a1b5ab55691cbccb14c7c685c93a9797ed015353a8ac04bced6f0c82ee8b102659,
2024-02-01,Payload delivery,ssdeep,48:Yxg3SPhJSPdqKkY7EbnlUQl2bhpk6nYK+z1DF4w0dM0tXnT2up9WSFo8ZUfi1vAk:QORkB5KDz9vLEi1vYYYCvrzBP,
2024-02-01,Other,size-in-bytes,4874,
2024-02-01,Payload delivery,mime-type,application/json,
2024-02-01,Payload delivery,md5,12476659e383d28751441dd0d3a07a1e,Malware payload
2024-02-01,Payload delivery,sha256,186a1c4663da553fc76b134efb57b5d9390d60d95ba341525db17d24f6125f10,Malware payload
2024-02-01,Payload delivery,tlsh,t1a7a186eb15681cbcc71487c795d93a8787ed0113a2a8ad14fced5f0c92ff4a603669,
2024-02-01,Payload delivery,ssdeep,48:Yxg3SPhJSPdqKkY7EbnlUQl2Mhpk6nYK+zebDF4w0dM0tX8r82bp9WG9sYUfi1vs:QOekBAKpg9nEi1v1/Yw60qP,
2024-02-01,Other,size-in-bytes,4981,
2024-02-01,Payload delivery,mime-type,application/json,
2024-02-01,Payload delivery,md5,8bb1b73a2857d0ef3f1cff7c362f2242,Malware payload
2024-02-01,Payload delivery,sha256,e1a53b53d83eb892529b67a9b90215038c9b310f22cca3f27727c7e9eafccab3,Malware payload
2024-02-01,Payload delivery,tlsh,t12f91c5b716284c6cca1487d795903b9796bf4167e0849e68f9bc8f0ce0fe1f51136a,
2024-02-01,Payload delivery,ssdeep,48:Yx5AvwlYYw3eKbsJkmnh+0DFU0omOtXxR23p9WtY2UKJ1vybaKqRrC3wxioiV9kC:YAvwlhkv0S7U9/2FJ1vu8iV9EE,
2024-02-01,Other,size-in-bytes,4333,
2024-02-01,Payload delivery,mime-type,application/json,
2024-02-01,Payload delivery,md5,b74af6f8231cb0dd8dbaa270e215a7bb,Malware payload
2024-02-01,Payload delivery,sha256,267ea6b4497e79e884e06a78dbadb0ac85e7da70987a6230d299b1a3aae2edd1,Malware payload
2024-02-01,Payload delivery,tlsh,t105f41246eec0c973e8e437b881f957876679b8e01b2997cf264495ae5c106c0da3e3,
2024-02-01,Payload delivery,imphash,2339ac77bf9371500ebbf86df3a10d43,
2024-02-01,Payload delivery,ssdeep,12288:2Lo1xVGJXXTtZB3UqW7BCiTlsdubTPcaX5DRgzp1carS8tnoFJTiha:rGpTtZ5g7YKlsdUEaXtw728FoF5i,
2024-02-01,Other,size-in-bytes,736304,
2024-02-01,Payload delivery,mime-type,application/x-dosexec,
2024-02-01,Payload delivery,md5,37f7d148a77c6b956356521d27cd7ac2,Malware payload (BumbleBee)
2024-02-01,Payload delivery,sha256,a83b1410d0505ebe7ec61419513da9d46d5530093ce354706df620598287fbbe,Malware payload (BumbleBee)
2024-02-01,Payload delivery,tlsh,t1b345f111e6921fe8d476917680ab252bbb307e5c0325d3b7abc0c3377d927a45f1a7,
2024-02-01,Payload delivery,imphash,47e01530ad43ec939d1c47709a80a5c6,
2024-02-01,Payload delivery,ssdeep,24576:M/kSJKPlJI73kGeg/3Lnh/Guc8D6npAT/5F4x5us+fZ6nGpms1RNQVWb:20c2Y9zVjTox5uks1RyVO,
2024-02-01,Other,size-in-bytes,1225225,
2024-02-01,Payload delivery,mime-type,application/x-dosexec,
2024-02-01,Payload delivery,md5,e20f9b1abd0707729b75674983967de9,Malware payload
2024-02-01,Payload delivery,sha256,2ffab4468399965a0abc2a8cd84d43fc39c962892ad825d6d1d7ee2b45c4fcd4,Malware payload
2024-02-01,Payload delivery,tlsh,t1bca1779716685cbccf24c7d685da3aab47ed001392a4ac14fded5f0c91ff8b102669,
2024-02-01,Payload delivery,ssdeep,48:Yxg3SPhJSPdqKkY7EbnlUQl2Gshpk6nYK+zobgDF4w0dM0tXcg/i2up9WXibUfin:QOQwkBtKCz93Ei1vnfYT75FKTP,
2024-02-01,Other,size-in-bytes,4788,
2024-02-01,Payload delivery,mime-type,application/json,
2024-02-01,Payload delivery,md5,9756d49f1c5d33f4beb99926235208de,Malware payload
2024-02-01,Payload delivery,sha256,b0c7fa82b0767446cf302d503a1726e7d5356bf0878655f1bfa50277c2d34e53,Malware payload
2024-02-01,Payload delivery,tlsh,t1d5a1a69b15695cbcc714cbc295d93a8387ed0153a2e8ac18fced5f0c81ff4a6036a9,
2024-02-01,Payload delivery,ssdeep,48:Yxg3SPhJSPdqKkY7EbnlUQl2mhpk6nYK+zebDF4w0dM0tX8r82bp9WG9sYUfi1vb:QO0kBAKpg9nEi1v1/Y1RcUuP,
2024-02-01,Other,size-in-bytes,4981,
2024-02-01,Payload delivery,mime-type,application/json,
2024-02-01,Payload delivery,md5,f219349a3d0a7f45d627e2f686cd72b1,Malware payload
2024-02-01,Payload delivery,sha256,d985cb3f24f84612ef051d7961fe605140210895df26357375adc4283908a38f,Malware payload
2024-02-01,Payload delivery,tlsh,t1cd9196e7b0255eb9c51fc5ee96a938cecabc001390706c1ce59d4b4b98fe1b62363d,
2024-02-01,Payload delivery,ssdeep,96:XGR9k0yan4wgaBSQcsTN9+BMOy0G1vRctHsz9UAeGwBOxXVXr:R0049rVGmlbD,
2024-02-01,Other,size-in-bytes,4539,
2024-02-01,Payload delivery,mime-type,application/json,
2024-02-01,Payload delivery,md5,f9f31a219c5e2870d97e5cf20e87f55a,Malware payload
2024-02-01,Payload delivery,sha256,fbfcc7363f1a887e9ecea4af4512c05f071e7e116ddbbc3ca5a5468eff37ef7b,Malware payload
2024-02-01,Payload delivery,tlsh,t14791422619385c7cc75889ca98fc3d4f567e105bf1649c14a6ee8e0ae2ff1f183a66,
2024-02-01,Payload delivery,ssdeep,96:ey0rkYOhDH5R0DWfrfT594ds1Y7g1vUreHTMsgiFEHEtDbyJeR:ey0QThr5RIWfrt94ds1Y7FrezMsgiFEE,
2024-02-01,Other,size-in-bytes,4614,
2024-02-01,Payload delivery,mime-type,application/json,
2024-02-01,Payload delivery,md5,d276d469535e4ca0efdc8032fe054da8,Malware payload
2024-02-01,Payload delivery,sha256,1d2ab654171bd496f70a068b88bec0b4f428403928081ce591021676bc17fa8c,Malware payload
2024-02-01,Payload delivery,tlsh,t16541dc7ccf29f8e0033db0a088492e2620949e57d6f58e24d9574ee62d7c30acf2b1,
2024-02-01,Payload delivery,ssdeep,48:LGfEFWuJqs9HZNjd+SfprcKyK0hE6S1FtfsC5P3RX5ZWiaoIhSNtp:LGfEFW87jd+Sfpbaq6S1FtfsC5P39Efs,
2024-02-01,Other,size-in-bytes,2219,
2024-02-01,Payload delivery,mime-type,text/plain,
2024-02-01,Payload delivery,md5,8c88eb2a9df2d4d2de0b6a6e51789d54,Malware payload
2024-02-01,Payload delivery,sha256,80926f6f9de9f8ff6725ed1539f3f684a57d5276e34403750d406aadcc530ec4,Malware payload
2024-02-01,Payload delivery,tlsh,t14691849a26094ebcca5497e3d5403ad7876e1093a198ee2ce4fc9f08e1ef1f04376a,
2024-02-01,Payload delivery,ssdeep,48:YxY6wOdlpkofn16Ru+FzvDFU0NhtXN3rm/2xp9WhHp6Y2UHs1vhmObvK3moRteUN:upkocRtp9hEA9Sr2Ss1vhPMeHLa+j65x,
2024-02-01,Other,size-in-bytes,4284,
2024-02-01,Payload delivery,mime-type,application/json,
2024-02-01,Payload delivery,md5,31c7154356144291fbac6ff27e436477,Malware payload
2024-02-01,Payload delivery,sha256,c3e56ceb4944a53428b3e92b56aa0e4fd02470e01befa08b76155d268fe9f9d0,Malware payload
2024-02-01,Payload delivery,tlsh,t1e5a1b69b31650cbc862447eb94e53e8b87ac0063a194ed18f4ad4f4c95ff8f5037a9,
2024-02-01,Payload delivery,ssdeep,48:Yxg3SPhJSPdqKkY7EbnlUQl21VRifk/n0+aW/bDF4w0biYtX8rG2xp9WoKsYUxGD:QOikTakuNe9yMG1vbDAn2e2f,
2024-02-01,Other,size-in-bytes,4963,
2024-02-01,Payload delivery,mime-type,application/json,
2024-02-01,Payload delivery,md5,6ea0c2410defe9b865af5923693ea2b5,Malware payload (RiseProStealer)
2024-02-01,Payload delivery,sha256,bc6e65d4672e36599aaccaa8426f60053663e934c7794715e5c2dd2e50dab900,Malware payload (RiseProStealer)
2024-02-01,Payload delivery,tlsh,t14f4533b25726928bf838e3f51986ccf0197cb6984711c712905fe37b18683de5b29e,
2024-02-01,Payload delivery,imphash,5ab723dc8d5af21b79dc301ed6a56a64,
2024-02-01,Payload delivery,ssdeep,24576:dVgiYLCq4Jl3OOW63PmvJWwQ2siK3rfoTUYdPGXs:dVgig2cOl3nlz3rgTZ9Gc,
2024-02-01,Other,size-in-bytes,1194496,
2024-02-01,Payload delivery,mime-type,application/x-dosexec,
2024-02-01,Payload delivery,md5,b5e7d85011db7ce01d0e451f145a7361,Malware payload
2024-02-01,Payload delivery,sha256,99b389786ca8eb635ff324d4a9646dd564ab233d87a930e13be796fb4f97c537,Malware payload
2024-02-01,Payload delivery,tlsh,t17891559a26085dbcca4496e3e5503ad7876e0453f194ed2ce9fd9f08e1ff1f002759,
2024-02-01,Payload delivery,ssdeep,48:YxY6wJdlpkofn16Ru+FkDFU0NhtXeV2Qp9We6T2UHs1vibvKqRteU3wxioL07ee8:JpkocRtG9U/9K2Ss1veiHL07eX1x,
2024-02-01,Other,size-in-bytes,4273,
2024-02-01,Payload delivery,mime-type,application/json,
2024-02-01,Payload delivery,md5,fef54a708087f8edd34bdc06c50555c1,Malware payload
2024-02-01,Payload delivery,sha256,f2091c7d9e42d41202c35f87bb0474a19a140cef4bbce91b44455853da2f8377,Malware payload
2024-02-01,Payload delivery,tlsh,t1b0a198ab25795cbccb34c7c695da3e8357ed005362a4ad14ecac5f0c91fe8b1426aa,
2024-02-01,Payload delivery,ssdeep,48:Yxg3SPhJSPdqKkY7EbnlUQl21shpk6nYK+zMlFDF4w0dM0tXqlNjT2up9WMTv0mi:QOYkB6KoTz9DEi1vgQYNvP,
2024-02-01,Other,size-in-bytes,4850,
2024-02-01,Payload delivery,mime-type,application/json,
2024-02-01,Payload delivery,md5,4bd253637fed66fd0635e89922b46415,Malware payload
2024-02-01,Payload delivery,sha256,4af2135902b4028329defc837b5c395b405098503d3a1ebb553525ebaa58169c,Malware payload
2024-02-01,Payload delivery,tlsh,t16ea1c7ab31664c7c8a1487da98e53e8b57bd00b36194ec18b9bc5f4c91ee4f1037a9,
2024-02-01,Payload delivery,ssdeep,48:Yxg3SPhJSPdqKkY7EbnlUQl2BRifk/n0+aW0DF4w0biYtXnR2Hp9WO8ZUxG1v+bQ:QOwkTa1uh49AMG1vSmAkj,
2024-02-01,Other,size-in-bytes,4856,
2024-02-01,Payload delivery,mime-type,application/json,
2024-02-01,Payload delivery,md5,3589a2a3d8970284749996a19c565810,Malware payload
2024-02-01,Payload delivery,sha256,07e9f32f5d0ad221f46fbf88b1a86d9fb1c533730f559284583f1f99f32a9f24,Malware payload
2024-02-01,Payload delivery,tlsh,t18591555a26095dbdcb94d6d3d4443ac7976e0053e194ed2ce4fd9f08a2ef1f10276a,
2024-02-01,Payload delivery,ssdeep,48:YxY6w2dlpkofn16Ru+FvDF4w0NhtXpk2Kp9Wo6sUHs1vFbvKzRteU3wxioorbygB:WpkocRtxYyH97Ss1vdTHW8X2x,
2024-02-01,Other,size-in-bytes,4403,
2024-02-01,Payload delivery,mime-type,application/json,
2024-02-01,Payload delivery,md5,6783f48884429bfcba22a1819e6d1b91,Malware payload (RiseProStealer)
2024-02-01,Payload delivery,sha256,76117b8822209f4df4407ee7fa7a0444c53843946e7208b4ebcf1477ea5100bd,Malware payload (RiseProStealer)
2024-02-01,Payload delivery,tlsh,t13b4533ee5f0b3884da5a7af400d75b91757c39ea9200f3ae259b64961c701de37e3c,
2024-02-01,Payload delivery,imphash,5ab723dc8d5af21b79dc301ed6a56a64,
2024-02-01,Payload delivery,ssdeep,24576:kNnfb+00dEFrw/yd0ausl/QZnP0wQEBaWn1CqLFym1+0PTH:kNnfOoXRQZn8lEBaWnhLQmhP,
2024-02-01,Other,size-in-bytes,1195008,
2024-02-01,Payload delivery,mime-type,application/x-dosexec,
2024-02-01,Payload delivery,md5,38fa54477240d9b711b66c786adbba0a,Malware payload
2024-02-01,Payload delivery,sha256,056842f3f0aa1abb5515c70b87a897db96208e603ef74a8d495f3aefef89d196,Malware payload
2024-02-01,Payload delivery,tlsh,t1a253190977879321c6a80ab5c0e3d52107f2979b6a73d68e3d8013c91e237e6df5b7,
2024-02-01,Payload delivery,imphash,f34d5f2d4577ed6d9ceec516c1f5a744,
2024-02-01,Payload delivery,ssdeep,768:G4P8/1s1N12d/Om9CZUjz9ybfP6bjgLxV+JEEL2gODQ1SLuJaxRUVH2fS3:rKIP2d/OMlybPkE+tdODQ1SaJR73,
2024-02-01,Other,size-in-bytes,64000,
2024-02-01,Payload delivery,mime-type,application/x-dosexec,
2024-02-01,Payload delivery,md5,49b38d501b6636a34c87dfc43d5b8db2,Malware payload
2024-02-01,Payload delivery,sha256,1be201395e3df48d424f1f143633aa4e7fbba10b19839435b12f96f503157ffc,Malware payload
2024-02-01,Payload delivery,tlsh,t14fa1956b31551cac851487eb98e13e8b87bd00b3b194ac18b8ec5f5ca6ff4f103759,
2024-02-01,Payload delivery,ssdeep,48:Yxg3SPhJSPdqKkY7EbnlUQl2CRifk/n0+aWKSPmDF4w0biYtXDSPGq2Hp9WcseN1:QO5kTaUeuef49VEMG1vHRA6EtZt,
2024-02-01,Other,size-in-bytes,4932,
2024-02-01,Payload delivery,mime-type,application/json,
2024-02-01,Payload delivery,md5,aba4479aea2c55fded3559fb80f4f60c,Malware payload (BumbleBee)
2024-02-01,Payload delivery,sha256,0674632f9c71dd7d21822e542ba476edc3d71e4c5c194cbb579d9ea57290350d,Malware payload (BumbleBee)
2024-02-01,Payload delivery,tlsh,t1d645e011e6921ff8d476917680ab252bb7303e594719d377abc0d2373d83be06b1a7,
2024-02-01,Payload delivery,imphash,47e01530ad43ec939d1c47709a80a5c6,
2024-02-01,Payload delivery,ssdeep,24576:hFK18pAURvWDd/xiios/xLkCf+lNn+Oc+xBoNd/RCX3eSqCWxEDgimyh:TRgFokkg+/nfOdCNPh,
2024-02-01,Other,size-in-bytes,1223697,
2024-02-01,Payload delivery,mime-type,application/x-dosexec,
2024-02-01,Payload delivery,md5,1289168304fe26e53efb362a867279b4,Malware payload
2024-02-01,Payload delivery,sha256,a3e551fbb53a4e20757f108ce92819b5694a0c71789616bd475d8f9127ecce3e,Malware payload
2024-02-01,Payload delivery,tlsh,t173a1845732554cbc8b1487eb94e63aaf47ad0073a194ac28a9ed5f4c91ff8f10276d,
2024-02-01,Payload delivery,ssdeep,48:Yxg3SPhJSPdqKkY7EbnlUQl2l/Rifk/n0+aWHbgDF4w0biYtXcgFi2Hp9WoibUxu:QOkkTaRug49KMG1v5vAOj6w,
2024-02-01,Other,size-in-bytes,4780,
2024-02-01,Payload delivery,mime-type,application/json,
2024-02-01,Payload delivery,md5,8e39b427779fb742dbecd77d6eba9e2b,Malware payload (Amadey)
2024-02-01,Payload delivery,sha256,b9e9cb11f763130f6dc5f1120bfafa65e56d7b2b8bdf26e0ea708099d33925ce,Malware payload (Amadey)
2024-02-01,Payload delivery,tlsh,t1f30523b8b2ace1a1c94fdcb341c34d109faf3d1973850a9326af1d9849798deb7219,
2024-02-01,Payload delivery,imphash,7515ecf8c0dfa4d230ad835fe0acb57f,
2024-02-01,Payload delivery,ssdeep,12288:v+OyOuRQnvKE+V8QrzxfnEAo7YNQxDzdYD/jGW/nSkHXF6e9auUPnIpRmkcV3v:WOuQnN+VdzxfnMwQ9RHW/nSy16pkuv,
2024-02-01,Other,size-in-bytes,810496,
2024-02-01,Payload delivery,mime-type,application/x-dosexec,
2024-02-01,Payload delivery,md5,23e6b4e56a9b63833150a3d61bcc5512,Malware payload
2024-02-01,Payload delivery,sha256,ac68db68eb401c0fd752749dc36adb8ed8dd52cc734c49dea56890a9a397de41,Malware payload
2024-02-01,Payload delivery,tlsh,t14ca1649f21692cbcc714c7d699d53e8797bd0053a298ac58fced6f0c92fe4a103659,
2024-02-01,Payload delivery,ssdeep,48:Yxg3SPhJSPdqKkY7EbnlUQl22hpk6nYK+z9SPmDF4w0dM0tXDSPGo2up9WvseNEo:QOkkBIeKezz9EEEi1vZhYQMXldP,
2024-02-01,Other,size-in-bytes,4940,
2024-02-01,Payload delivery,mime-type,application/json,
2024-02-01,Payload delivery,md5,3093fd6f2231987bdac310629e45cefd,Malware payload
2024-02-01,Payload delivery,sha256,fb29a89cb2636f864046fd3f639b5b0049cbb4bf06bcddb30ddaca0d17c723be,Malware payload
2024-02-01,Payload delivery,tlsh,t1a5a186eb61691cbcc619c7c694d93b8797fc015362a8ec24a8dc5b0c93ff8b152669,
2024-02-01,Payload delivery,ssdeep,48:Yxg3SPhJSPdqKkY7EbnlUQl2Fhpk6nYK+z1DF4w0dM0tXnGbZ2up9WSgyUfi1vUS:QOXkBhKWbZz9BEi1vUb8pbbYCc+P,
2024-02-01,Other,size-in-bytes,5023,
2024-02-01,Payload delivery,mime-type,application/json,
2024-02-01,Payload delivery,md5,f309e99764c8bf0097953bd597a497e1,Malware payload
2024-02-01,Payload delivery,sha256,f031965cd383bb001d38c4f247bc846c991816ba0d6cc121e5e239333e7be019,Malware payload
2024-02-01,Payload delivery,tlsh,t17c917426261c0cbdc2294a92e05c7bd76bae027390d4fd28c8bd9f0ca5ff2b141769,
2024-02-01,Payload delivery,ssdeep,96:jjBekxq8pVFawTH9o2nTv71vzhHtsIZhLjuR+:jjBvguFaA9o2nbdhNsIr/uR+,
2024-02-01,Other,size-in-bytes,4225,
2024-02-01,Payload delivery,mime-type,application/json,
2024-02-01,Payload delivery,md5,480de8280396f8222d51db67ec270cf8,Malware payload
2024-02-01,Payload delivery,sha256,17a45b1e9ead5d8b6cfd29df713e28a30a9c47b53b1332e1171fff4f7f0f0128,Malware payload
2024-02-01,Payload delivery,tlsh,t101a1976b31551cac861487eb98e13e8b87bd00b3a184ec18b4ed5f5c96ff8f103759,
2024-02-01,Payload delivery,ssdeep,48:Yxg3SPhJSPdqKkY7EbnlUQl2PRifk/n0+aWKSPmDF4w0biYtXDSPGq2Hp9WcseNK:QOCkTaUeuef49VEMG1vHRAH0ezXebt,
2024-02-01,Other,size-in-bytes,4921,
2024-02-01,Payload delivery,mime-type,application/json,
2024-02-01,Payload delivery,md5,fd79e7ea0b330b98e69d3fc27aaf403f,Malware payload (Stealc)
2024-02-01,Payload delivery,sha256,aa9eb2e0dff141472144c906fc4cab66d8a2e875fbcf74298c968e375d79b5ef,Malware payload (Stealc)
2024-02-01,Payload delivery,tlsh,t19f04df913ef1c436f5f344b458f4d5e46e3bfca68d66808b75192a6f3e222c1a95e3,
2024-02-01,Payload delivery,imphash,fb785a281db53ea02bf0d250e3cfac23,
2024-02-01,Payload delivery,ssdeep,3072:no4Lknq/r5QwtFxkwR5P7Z6MaWqSo3mBSQ5wXrx6TN45:nTLoyt7bJwyo2YXr7,
2024-02-01,Other,size-in-bytes,176128,
2024-02-01,Payload delivery,mime-type,application/x-dosexec,
2024-02-01,Payload delivery,md5,78f1036292243b0e3473e4ba67396c2c,Malware payload
2024-02-01,Payload delivery,sha256,ecf1e91377a94fc95e65b1fd3151434e375f97b85ded38d4d83a69c4974972dd,Malware payload
2024-02-01,Payload delivery,tlsh,t10e91883661541cbe862886cbe4543ee35bee05a391c4ec28c4ae5f5cb0ff6f110b69,
2024-02-01,Payload delivery,ssdeep,96:zOzOz+km7O8ZlOFKiwTH9DnT71vfihHxisoZ5RQvw4+:7PHKT9TTx+RJoDRQvw3,
2024-02-01,Other,size-in-bytes,4262,
2024-02-01,Payload delivery,mime-type,application/json,
2024-02-01,Payload delivery,md5,0091db561e2f78986706eb12d19e9ee0,Malware payload
2024-02-01,Payload delivery,sha256,9a30428ab2a249b0695a8b09b1ef07344dd1e9450e1fae48ddc8305fa2b63852,Malware payload
2024-02-01,Payload delivery,tlsh,t18391559a26085dbcc654a7e3e5503ad7876e0553f198ed2cd8fd9f08e1ef1f002769,
2024-02-01,Payload delivery,ssdeep,48:YxY6wKdlpkofn16Ru+FkDFU0NhtXeV2Qp9We6T2UHs1vibvKqRteU3wxioLdVNKB:qpkocRtG9U/9K2Ss1veiHLdnKNpTx,
2024-02-01,Other,size-in-bytes,4274,
2024-02-01,Payload delivery,mime-type,application/json,
2024-02-01,Payload delivery,md5,0af6e6a7da38993608d8da1a60cc5058,Malware payload
2024-02-01,Payload delivery,sha256,3a69a920516a290498d058aba7a6e339d4d8c8a808fa37340509b053f94e407a,Malware payload
2024-02-01,Payload delivery,tlsh,t121b533da907b347ad983077eb40904b59663bc4b9b309d39bb4bf44e07bc6b19642f,
2024-02-01,Payload delivery,imphash,baa93d47220682c04d92f7797d9224ce,
2024-02-01,Payload delivery,ssdeep,49152:Axh7SCKZ5SdJb+RqJcazHeEEELXD8vz//zvnQcz+2mIzNZksZ:A/7SCKedJbWQhDeEEE/Q//zPQc2Iz,
2024-02-01,Other,size-in-bytes,2302464,
2024-02-01,Payload delivery,mime-type,application/x-dosexec,
2024-02-01,Payload delivery,md5,e239de961590a9c948420c67f5a5aa4d,Malware payload
2024-02-01,Payload delivery,sha256,539a421612b2bc2d559a58dceed0e5b3d3c6a5e33bc7c0baa84f0db36627da18,Malware payload
2024-02-01,Payload delivery,tlsh,t19a04cf517af1c076e7f34574a474da986e3bbc7659b5858f36683b2f3e322908e213,
2024-02-01,Payload delivery,imphash,fb785a281db53ea02bf0d250e3cfac23,
2024-02-01,Payload delivery,ssdeep,3072:tQYLbnVjn84/F52EQ63HY/iFz0nt0gWznFbe7kWurQSh531Ex6TN45:tLLDVjnt//25EHdANonWmtE7,
2024-02-01,Other,size-in-bytes,176640,
2024-02-01,Payload delivery,mime-type,application/x-dosexec,
2024-02-01,Payload delivery,md5,24dfa038872ef9351ce2c014b07b6f1b,Malware payload (Stealc)
2024-02-01,Payload delivery,sha256,716cf3d14949e2892a8a215c7d97ab4534a35af1ea09321fe8c8bae07ceb3dcf,Malware payload (Stealc)
2024-02-01,Payload delivery,tlsh,t17b04bf197af3c476e6e744356834c2b52a3bbc729ab5814f76483b7f2d326c05a273,
2024-02-01,Payload delivery,imphash,047a2bf1942fbd4e6f60416f0b5161e1,
2024-02-01,Payload delivery,ssdeep,3072:HrLK+UFPjr48uEDIvQGnjr36dWWUWUD7b54kx6TNm5:LLKnF7rNuEDwr3ayWU2kl,
2024-02-01,Other,size-in-bytes,179712,
2024-02-01,Payload delivery,mime-type,application/x-dosexec,
2024-02-01,Payload delivery,md5,5f8d5aea82b119ce43abf5acb269af02,Malware payload
2024-02-01,Payload delivery,sha256,abf68d2208c36e540ad296644041395602f4a77cd5fe2c64466bc92d023ebd38,Malware payload
2024-02-01,Payload delivery,tlsh,t1d19194e771155eb8c51fc8ea96a938cecabd011390705c2ce5ad4b0b88fe1b51363d,
2024-02-01,Payload delivery,ssdeep,96:XGQ9k0yan4wgaBSQcsTN9+BMOy0G1vRctHsz9UAeGQgSXehVXr:U0049rVGmlQgSX6,
2024-02-01,Other,size-in-bytes,4529,
2024-02-01,Payload delivery,mime-type,application/json,
2024-02-01,Payload delivery,md5,f149555a556ca924c22009fe3cc2bc66,Malware payload
2024-02-01,Payload delivery,sha256,12a4368d58146f692071de896e7b051c3178c347bd5f716c1a76d693714bfcfb,Malware payload
2024-02-01,Payload delivery,tlsh,t152a196db65785cbcc624c7d655c63e8357ed0013a2a4ad14ecad6f0c82fe8b14279a,
2024-02-01,Payload delivery,ssdeep,48:Yxg3SPhJSPdqKkY7EbnlUQl23hpk6nYK+zMlFDF4w0dM0tXqlNjT2up9WMTv0mUr:QOtkB6KoTz9DEi1vgQYk5c/BP,
2024-02-01,Other,size-in-bytes,4850,
2024-02-01,Payload delivery,mime-type,application/json,
2024-02-01,Payload delivery,md5,05c841eebc944ede41af8f197c935623,Malware payload (BumbleBee)
2024-02-01,Payload delivery,sha256,2dcc05a6c15d1b8077d04b2488596372c36fbd73f73e80241ec499e1fe72b0a8,Malware payload (BumbleBee)
2024-02-01,Payload delivery,tlsh,t10e45e011e2921ff9d46652b680ab352fbb703e1c4311d367ebc0d2377d927a46b1ab,
2024-02-01,Payload delivery,imphash,47e01530ad43ec939d1c47709a80a5c6,
2024-02-01,Payload delivery,ssdeep,24576:d8fDeHYNQfUz6ZFmAltEqaWeqI3gibYWeJVrE6xkY9+N1GFU6:b2guzPHgrrwYtR,
2024-02-01,Other,size-in-bytes,1222671,
2024-02-01,Payload delivery,mime-type,application/x-dosexec,
2024-02-01,Payload delivery,md5,9b48447ffb1ff4f93d935976030fd424,Malware payload
2024-02-01,Payload delivery,sha256,16bc7a640697ce89f5e0ef3434d4d410b13c2cc79398694df62decb627fac5c1,Malware payload
2024-02-01,Payload delivery,tlsh,t17791a7b7152c4cbc8a2487d795943bd7567f4167e0849d68f9b88f0ce0fe1b11136a,
2024-02-01,Payload delivery,ssdeep,96:YAvwl9kvQISnya0o9HT2FJ1vltPBiSR8TnE:YAvxXo9z2FBiSR8jE,
2024-02-01,Other,size-in-bytes,4329,
2024-02-01,Payload delivery,mime-type,application/json,
2024-02-01,Payload delivery,md5,18d65d34eebb570d3fef21afc23f5806,Malware payload
2024-02-01,Payload delivery,sha256,0bab6eebb738e1bb71c97393a3a1acd3e2a82ec950af53e030a976c428c8fde3,Malware payload
2024-02-01,Payload delivery,tlsh,t17ae308ccf28aa712c5d8997c90e6430493b5920bad05f71d29adf0a05db23c97a47e,
2024-02-01,Payload delivery,imphash,f34d5f2d4577ed6d9ceec516c1f5a744,
2024-02-01,Payload delivery,ssdeep,3072:1kNnh2p95a59b8sbHzcwTqXkrJLoTV8YifkKLkSEGfr:1kfE5a59b8kHRrWy,
2024-02-01,Other,size-in-bytes,153032,
2024-02-01,Payload delivery,mime-type,application/x-dosexec,
2024-02-01,Payload delivery,md5,2ebec4153fb3bd0c0f7d2581d77c788c,Malware payload
2024-02-01,Payload delivery,sha256,05dce911377d3f13087e7f843ae94038d4f28ea0239b8f530dbc6df6549924a0,Malware payload
2024-02-01,Payload delivery,tlsh,t1f891436a26085db9cb9496d3d5443ac7876e0453e194ed2ce8fdcf08a1ef1f10276a,
2024-02-01,Payload delivery,ssdeep,48:YxY6wzdlpkofn16Ru+FvDF4w0NhtXpk2Kp9Wo6sUHs1vFbvKzRteU3wxioorb9pr:7pkocRtxYyH97Ss1vdTHW9U8nx,
2024-02-01,Other,size-in-bytes,4403,
2024-02-01,Payload delivery,mime-type,application/json,
2024-02-01,Payload delivery,md5,3aebd1754f70d93ebe1b0e722aa9c629,Malware payload
2024-02-01,Payload delivery,sha256,d40dca34f2dbc97241088e274dbb85c407b5b1c13d66399fe7095d7536cda7ea,Malware payload
2024-02-01,Payload delivery,tlsh,t1ee917526251c0cbdc3288b92a05c76d76bae02779084fd2888bd9f4ca5ff2b141769,
2024-02-01,Payload delivery,ssdeep,96:jjpekxq8pVFawTH9o2nTv71vzhHtsIZhFB83R+:jjpvguFaA9o2nbdhNsIrDaR+,
2024-02-01,Other,size-in-bytes,4214,
2024-02-01,Payload delivery,mime-type,application/json,
2024-02-01,Payload delivery,md5,6f0744d622999f3d4a3ae24956482552,Malware payload
2024-02-01,Payload delivery,sha256,61cdba05340f7fb315e92137a75a84b43d4f53a5f12afca50070cc12e462dc2d,Malware payload
2024-02-01,Payload delivery,tlsh,t169a174eb65691cbcca18c7c290d93b8797fc015352a4ec28ac9c6f0c93ff97152669,
2024-02-01,Payload delivery,ssdeep,48:Yxg3SPhJSPdqKkY7EbnlUQl2sJhpk6nYK+z1DF4w0dM0tXnGbZ2up9WSgyUfi1vW:QOKkBhKWbZz9BEi1vUb8pbbYOEXP,
2024-02-01,Other,size-in-bytes,5023,
2024-02-01,Payload delivery,mime-type,application/json,
2024-02-01,Payload delivery,md5,ee115527e6ee8e05f8ad40199ba6ee7b,Malware payload
2024-02-01,Payload delivery,sha256,5696a09541819b44f528afdbbe0745ba08f1f8aefef027db8fe150f19bc9d2db,Malware payload
2024-02-01,Payload delivery,tlsh,t1d4a1a6ab15295c7ccb14c7c695c93a8797ed015363a8ec18fded6f0cc2fe8a142659,
2024-02-01,Payload delivery,ssdeep,48:Yxg3SPhJSPdqKkY7EbnlUQl2vhpk6nYK+z1DF4w0dM0tXnT2up9WSFo8ZUfi1vAw:QOpkB5KDz9vLEi1vYYYpBIP,
2024-02-01,Other,size-in-bytes,4874,
2024-02-01,Payload delivery,mime-type,application/json,
2024-02-01,Payload delivery,md5,2ff6ee1ef4ea7c63588e3c904e066cf4,Malware payload (Stealc)
2024-02-01,Payload delivery,sha256,3ff61ca2f5d065e7b09031ba27eb2a7e4000359d75a788245f12fcf6bba0ae30,Malware payload (Stealc)
2024-02-01,Payload delivery,tlsh,t1fd04bf1936e0d035e7e751746838cef02a3bbc729ab5c59b72482b6f2d322d19e653,
2024-02-01,Payload delivery,imphash,342abc43ca0f809963f19a4c2545bbea,
2024-02-01,Payload delivery,ssdeep,3072:NwLDaY5OIQfqCanVKeZccMBt1n/W77i5ftMwQx6TN45:uLDf5Yo3ZccMB3nAwQ7,
2024-02-01,Other,size-in-bytes,179200,
2024-02-01,Payload delivery,mime-type,application/x-dosexec,
2024-02-01,Payload delivery,md5,43a8567bf55f7c5b756382787ff1bfad,Malware payload
2024-02-01,Payload delivery,sha256,ece01791ac43de1656af93e5a42f9ea5ed97bfc6d9851ad55e10867aae657b1c,Malware payload
2024-02-01,Payload delivery,tlsh,t19491849a26095ebcca5496d3e9903ad7876e0093b198dd2ce4fc9f08f1ef1f04276a,
2024-02-01,Payload delivery,ssdeep,96:qpkocRtp9hEA9Sr2Ss1vhPMeHL0jdb9Ex:qG/79y2SmUeHLq7Ex,
2024-02-01,Other,size-in-bytes,4274,
2024-02-01,Payload delivery,mime-type,application/json,
2024-02-01,Payload delivery,md5,2ca537bd48472881ff7cf5d4dc26cf9e,Malware payload
2024-02-01,Payload delivery,sha256,8f34bcd8a4538aa92bf0223efc4dd6c9aabf7288595f8155bc759b0b28d1863d,Malware payload
2024-02-01,Payload delivery,tlsh,t101a1a7ab31654cbcca1487da98d13e8b57ad00b39194ec14f9ed5f4891fe8f1037a9,
2024-02-01,Payload delivery,ssdeep,48:Yxg3SPhJSPdqKkY7EbnlUQl2ARifk/n0+aW0DF4w0biYtXnR2Hp9WO8ZUxG1v+bK:QOfkTa1uh49AMG1vSmAzu,
2024-02-01,Other,size-in-bytes,4856,
2024-02-01,Payload delivery,mime-type,application/json,
2024-02-01,Payload delivery,md5,0ea57ebd459f1c906c74c1cfa21280e9,Malware payload
2024-02-01,Payload delivery,sha256,0ce8a69fb547be42e399cdd98116fd7649eb85e0600217a0a3dd4ba1e5a7331a,Malware payload
2024-02-01,Payload delivery,tlsh,t1fea1749732554cbc8b2487ea94e63a9f47ad0077a094ec24a9ed4f4ca1ff8f10366d,
2024-02-01,Payload delivery,ssdeep,48:Yxg3SPhJSPdqKkY7EbnlUQl2KRifk/n0+aWHbgDF4w0biYtXcgFi2Hp9WoibUxGN:QOZkTaRug49KMG1v5vADPs,
2024-02-01,Other,size-in-bytes,4770,
2024-02-01,Payload delivery,mime-type,application/json,
2024-02-01,Payload delivery,md5,69608a6dfec283fb93e8fc0a96dde46b,Malware payload
2024-02-01,Payload delivery,sha256,1f182dc2d34e6bb8b7e624c691466c63f873d80263e0b68f9b562e5325d32fec,Malware payload
2024-02-01,Payload delivery,tlsh,t11991b5b7162c4cadca1487d795a03b87977f41a7f0849e68b9a88f0cd0fe1b51136a,
2024-02-01,Payload delivery,ssdeep,48:Yx5AvwlYYwgKbsJkmnh+0DFU0omOtXxR23p9WtY2UKJ1vybaKqRrC3wxioiU//c9:YAvwlrkv0S7U9/2FJ1vu8iU/fUZoE,
2024-02-01,Other,size-in-bytes,4323,
2024-02-01,Payload delivery,mime-type,application/json,
2024-02-01,Payload delivery,md5,3e8c44a5cb6a36d32cb610b7a4329b91,Malware payload
2024-02-01,Payload delivery,sha256,9cd3d160f6b07b5f6897ec67d200ea5124969b02b9fe1ed73752312bb0f1a599,Malware payload
2024-02-01,Payload delivery,tlsh,t185b533f4f9f559e1d0372bbbd0aea11035839d5744e0a52cb68af1692b3cabd9c00e,
2024-02-01,Payload delivery,imphash,baa93d47220682c04d92f7797d9224ce,
2024-02-01,Payload delivery,ssdeep,49152:fQrHF3j/gMQd8VMC+MR7pSUR7fgGvGprV8WR9H2DJrvU1KzBKMPtB:fQrxjDAVC+3E7o9cDJgYE,
2024-02-01,Other,size-in-bytes,2355200,
2024-02-01,Payload delivery,mime-type,application/x-dosexec,
2024-02-01,Payload delivery,md5,c27e82f864e430a52a6f4528174733f7,Malware payload
2024-02-01,Payload delivery,sha256,e4e64f72a7f54eee08b950b3c509a2ec9f010f0c1d085010a6cbcdc7ed7b82ce,Malware payload
2024-02-01,Payload delivery,tlsh,t1b3a1769712685cbccb14c7d755da3aab87ed0013a2a4ac18eded5f0c91ff8b10266d,
2024-02-01,Payload delivery,ssdeep,48:Yxg3SPhJSPdqKkY7EbnlUQl2ihpk6nYK+zobgDF4w0dM0tXcg/i2up9WXibUfi1T:QOYkBtKCz93Ei1vnfYwFP,
2024-02-01,Other,size-in-bytes,4798,
2024-02-01,Payload delivery,mime-type,application/json,
2024-02-01,Payload delivery,md5,f53688b8f63c5a47749c059065814174,Malware payload
2024-02-01,Payload delivery,sha256,43d6eaa30493d0389cd65e82459d85510dc7f8a13e3a84ea0beb396c145be36b,Malware payload
2024-02-01,Payload delivery,tlsh,t129c4230edd4b6929ef9497709918c21d1197ef33be74d35b0240b61e63bf6c72866c,
2024-02-01,Payload delivery,imphash,af02ce4a4548e322a95ca15cb9608683,
2024-02-01,Payload delivery,ssdeep,12288:8HLUMuiv9RgfSjAzRty26xGJeMTE3Z2ap4srKWLZq:WtARD6EAMC41J,
2024-02-01,Other,size-in-bytes,572038,
2024-02-01,Payload delivery,mime-type,application/x-dosexec,
2024-02-01,Payload delivery,md5,70a96b54e60e8fce9d432456927c265a,Malware payload
2024-02-01,Payload delivery,sha256,8df328abcf9908fae6fa3ad55d3154fcdf7359c784dd50530f5519a8ae9cb4fd,Malware payload
2024-02-01,Payload delivery,tlsh,t104a165ab11692cbcc71487d699d93e8797ed0053a298bc18bded5f0c92ff8a203755,
2024-02-01,Payload delivery,ssdeep,48:Yxg3SPhJSPdqKkY7EbnlUQl2shpk6nYK+z9SPmDF4w0dM0tXDSPGo2up9WvseNEA:QOWkBIeKezz9EEEi1vZhY7rbdP,
2024-02-01,Other,size-in-bytes,4940,
2024-02-01,Payload delivery,mime-type,application/json,
2024-02-01,Payload delivery,md5,4d5d3c6b5c6a0316f1361e7bede656e4,Malware payload
2024-02-01,Payload delivery,sha256,f975d6594cbc3631037976c0fdf7369e5de050f170f10b38a7d98847eaec1465,Malware payload
2024-02-01,Payload delivery,tlsh,t1ada173ab31550cbcc62987da94e13f8b97bc01636494ec28a4ac5f5c92ff8f1437ad,
2024-02-01,Payload delivery,ssdeep,48:Yxg3SPhJSPdqKkY7EbnlUQl27Rifk/n0+aWCDF4w0biYtXnQbZ2Hp9WjyUxG1vCf:QOekTa1uAbZ49bMG1vCb8vbJAHH/9,
2024-02-01,Other,size-in-bytes,5005,
2024-02-01,Payload delivery,mime-type,application/json,
2024-02-01,Payload delivery,md5,9adf5d0dcfd75528913e1134089db84f,Malware payload
2024-02-01,Payload delivery,sha256,f54854b9a25e5c843ecc2a4e6dc592e8fd3e889feeb2d919541f660d2747daec,Malware payload
2024-02-01,Payload delivery,tlsh,t19ea1b66736550cbcc624c7ea94e23e8b57ad0077a1d4ed14e8ac4f5891fe8f1037ea,
2024-02-01,Payload delivery,ssdeep,48:Yxg3SPhJSPdqKkY7EbnlUQl2bRifk/n0+aWblFDF4w0biYtXqlNBT2Hp9Wt0mUxC:QOykTaGuIT49YMG1veKAGPP,
2024-02-01,Other,size-in-bytes,4832,
2024-02-01,Payload delivery,mime-type,application/json,
2024-02-01,Payload delivery,md5,df9dfc742b0ff1d0b5234ca3536b996c,Malware payload (Stealc)
2024-02-01,Payload delivery,sha256,70f8e1a5cf2219a5ee6da2424f503d2fac78389840ea8b65e01e7ae1a7fca17f,Malware payload (Stealc)
2024-02-01,Payload delivery,tlsh,t19c04c06039f1f736e1b34471293096a45efbfc66a971418f31482f6f3e622c29a653,
2024-02-01,Payload delivery,imphash,c33a7b4022bd29f9ba900fe89020dcf9,
2024-02-01,Payload delivery,ssdeep,3072:3XtL2vQALm/ncmrqft8hxgjseAlPnwDdMuTt/ze0/S55Fscx6TN45:39Le2/nRrwsxmaPnaMaVzhksc7,
2024-02-01,Other,size-in-bytes,176640,
2024-02-01,Payload delivery,mime-type,application/x-dosexec,
2024-02-01,Payload delivery,md5,2b2126c6e26fd7430272b444dfeff653,Malware payload
2024-02-01,Payload delivery,sha256,1ca4681d2164b1b2134cc4df83ca66b9f76b4bd078a2cc1064935c3f2bda2311,Malware payload
2024-02-01,Payload delivery,tlsh,t1d6a198ab15681cbdc714cbd295d93a8797fd0113a2a8ac18fcad5f0c81ff4b603669,
2024-02-01,Payload delivery,ssdeep,48:Yxg3SPhJSPdqKkY7EbnlUQl2Jhpk6nYK+zebDF4w0dM0tX8r82bp9WG9sYUfi1vO:QODkBAKpg9nEi1v1/YMi3rP,
2024-02-01,Other,size-in-bytes,4971,
2024-02-01,Payload delivery,mime-type,application/json,
2024-02-01,Payload delivery,md5,1f18243278b65a78f1d25ddae953a95e,Malware payload
2024-02-01,Payload delivery,sha256,c6ef1df23eb52da3807e1cda501a8ef73e8c642aa448ef0de86093839f6d036b,Malware payload
2024-02-01,Payload delivery,tlsh,t1da159e0273d1c062ff9b92334b5af6515bbc69260123e61f13a81db9be701b1563e7,
2024-02-01,Payload delivery,imphash,948cc502fe9226992dce9417f952fce3,
2024-02-01,Payload delivery,ssdeep,12288:QqDEvFo+yo4DdbbMWu/jrQu4M9lBAlKhQcDGB3cuBNGE6iOrpfe4JdaDga3TD:QqDEvCTbMWu7rQYlBQcBiT6rprG8ajD,
2024-02-01,Other,size-in-bytes,918016,
2024-02-01,Payload delivery,mime-type,application/x-dosexec,
2024-02-01,Payload delivery,md5,6eb8979bcd58d24d69c5b3f6ea7a5ee8,Malware payload
2024-02-01,Payload delivery,sha256,ddf77413dc373f70ca2ad43f7c50d11ed0b6b62d6f9eab0563f94ea60e0fcd34,Malware payload
2024-02-01,Payload delivery,tlsh,t1e791633662580cbe8628868be4547fe35bee05a391d4ac28d4ae9f5cb0ff5f101769,
2024-02-01,Payload delivery,ssdeep,96:zOzOe+km7O8ZlOFKiwTH9DnT71vfihHxisoZ5m4G4+:WPHKT9TTx+RJoDm4G3,
2024-02-01,Other,size-in-bytes,4262,
2024-02-01,Payload delivery,mime-type,application/json,
2024-02-01,Payload delivery,md5,8aa4c19de2e86396010294a326018207,Malware payload
2024-02-01,Payload delivery,sha256,235b518e64c7c5f387eae7b7be96d87316f2d6e849c6baf417be86b3cd883ed6,Malware payload
2024-02-01,Payload delivery,tlsh,t12d91417126180c7d863482d7b4557ad667be0267a0d4ac28a8fd4f0ca7ef1f205b65,
2024-02-01,Payload delivery,ssdeep,48:YxCtt2fbZkvnY+Cs+DF4w0nltXPSjeUT2Gp9WnTUd81vdE7b/KcRezbC3wxioorC:SbZknCs+w/05TH9I681vdEHAbpZcRhtO,
2024-02-01,Other,size-in-bytes,4237,
2024-02-01,Payload delivery,mime-type,application/json,
2024-02-01,Payload delivery,md5,970b0a91ea8a90027bd6b970aac82ec0,Malware payload
2024-02-01,Payload delivery,sha256,e60e11f4d131e2e828297190643a4d431c79bfcdd671f3f265cef90f97867e7f,Malware payload
2024-02-01,Payload delivery,tlsh,t1dc91659a26095ebdc644a6d3e5803ad7876e0493b198ed2cd9fd9f08e1ef1f002769,
2024-02-01,Payload delivery,ssdeep,48:YxY6wsdlpkofn16Ru+FkDFU0NhtXeV2Qp9We6T2UHs1vibvKqRteU3wxioL1gm2T:UpkocRtG9U/9K2Ss1veiHL1gm2Iex,
2024-02-01,Other,size-in-bytes,4274,
2024-02-01,Payload delivery,mime-type,application/json,
2024-02-01,Payload delivery,md5,d2bd3e0186a3b8846efcc08666d30d4f,Malware payload
2024-02-01,Payload delivery,sha256,7891dd54e0340da2449b694664ffa7af8eefbf69f3c4fa4c495b9c1a01782171,Malware payload
2024-02-01,Payload delivery,tlsh,t12191732629385c7cc658c5ca98fc3d8f567e105bf1649c14a6ed8e0ae2ff1f183a65,
2024-02-01,Payload delivery,ssdeep,96:ey9rkYOhDH5R0DWfrfT594ds1Y7g1vUreHTMsgiFEluVPaJeR:ey9QThr5RIWfrt94ds1Y7FrezMsgiFE4,
2024-02-01,Other,size-in-bytes,4614,
2024-02-01,Payload delivery,mime-type,application/json,
2024-02-01,Payload delivery,md5,24d0364c8163b84f15286f2c7d4291e4,Malware payload (Amadey)
2024-02-01,Payload delivery,sha256,c3aec7a3836b5a2d816c7eb4f9ad625fb9fc115f954e3aa1b87518ebf71f6752,Malware payload (Amadey)
2024-02-01,Payload delivery,tlsh,t11405233d121f6440e03ba4b4a5ee905096ac3cbca25d972f1f4f18805f6a9dfa347d,
2024-02-01,Payload delivery,imphash,7515ecf8c0dfa4d230ad835fe0acb57f,
2024-02-01,Payload delivery,ssdeep,24576:YSgZUwnOjwQzN2K3yWds0JkKyV+u7aymxOJgQL:YVZ9nOjloadsLUubm2J,
2024-02-01,Other,size-in-bytes,811520,
2024-02-01,Payload delivery,mime-type,application/x-dosexec,
2024-02-01,Payload delivery,md5,df3cf32ddab553b481cb87571de7d617,Malware payload
2024-02-01,Payload delivery,sha256,533e25de55d8326d4274944fae18b1f94585bab8f6b35fa98c2425841d856d86,Malware payload
2024-02-01,Payload delivery,tlsh,t138a1965b31161cac861487ea98e13e9b97bd00a3a094ec18b4ed5f5cd6fe4f1037a9,
2024-02-01,Payload delivery,ssdeep,48:Yxg3SPhJSPdqKkY7EbnlUQl2rRifk/n0+aWKSPmDF4w0biYtXDSPGq2Hp9WcseNE:QOmkTaUeuef49VEMG1vHRAEf2Zgt,
2024-02-01,Other,size-in-bytes,4922,
2024-02-01,Payload delivery,mime-type,application/json,
2024-02-01,Payload delivery,md5,3a08b6a710d819b1ea509ce182ab71b6,Malware payload
2024-02-01,Payload delivery,sha256,b16add9d4f5764be84aed99c4b6a9d3e0d13a777124f543ebbe2de39ce84ce47,Malware payload
2024-02-01,Payload delivery,tlsh,t1d2928f35b8a1641b403bd8f9356fa28df82194078c4749a4b11f412dcbf6e934baff,
2024-02-01,Payload delivery,ssdeep,384:OftrMf+F0e0H3nL2W6E45wse5QjuFwgzxdaqlU4:tIn0H3nLh6tOseQZgraqb,
2024-02-01,Other,size-in-bytes,19559,
2024-02-01,Payload delivery,mime-type,text/html,
2024-02-01,Payload delivery,md5,42486241ec02591f9737a7a15cf20c0c,Malware payload (Socks5Systemz)
2024-02-01,Payload delivery,sha256,8804dd7b86a5c45d4fa02295cd397151bdf6cff27f5c9e1b01eaddc6b24d7def,Malware payload (Socks5Systemz)
2024-02-01,Payload delivery,tlsh,t126563354b5d71774f331c9b24ac27509c7bb3fa3b5243868a0adc4b6f762190846f2,
2024-02-01,Payload delivery,imphash,884310b1928934402ea6fec1dbd3cf5e,
2024-02-01,Payload delivery,ssdeep,196608:ak2fjFRMsvJrWAv4EiD+d5RrOlqrPEDWSh7+87b3:Uj3tWPEiid5RCqrPEiShxb3,
2024-02-01,Other,size-in-bytes,6387528,
2024-02-01,Payload delivery,mime-type,application/x-dosexec,
2024-02-01,Payload delivery,md5,8d590cc34917e6289c885e4c11b4d356,Malware payload
2024-02-01,Payload delivery,sha256,441ee9c3e96b521870e84845d46326facee9c3330c529296df995c6d202901dc,Malware payload
2024-02-01,Payload delivery,tlsh,t12141dd7ccf29f8e0033db0a088492e2620949e57d6f58e24d9574ee62d7c30acf1b1,
2024-02-01,Payload delivery,ssdeep,48:LGfEFWuJqs9HZNjd+SfprcKyK0hE6S1FtfsC5P3RX5ZWiaoIhSNtp:LGfEFW87jd+Sfpbaq6S1FtfsC5P39EfI,
2024-02-01,Other,size-in-bytes,2219,
2024-02-01,Payload delivery,mime-type,text/plain,
2024-02-02,Payload delivery,md5,3b37f011e11c5cc80ecaed20de1e9cef,Malware payload (Smoke Loader)
2024-02-02,Payload delivery,sha256,396d8d11ef9b4a8817cd4ea51de19407d9c98a9696ddf7c8a5d28f29c856a668,Malware payload (Smoke Loader)
2024-02-02,Payload delivery,tlsh,t1c304df907af1e536f6e342709830d2a56d3bfca65a61858f76583b6f3e332c05e583,
2024-02-02,Payload delivery,imphash,c33a7b4022bd29f9ba900fe89020dcf9,
2024-02-02,Payload delivery,ssdeep,3072:wAtL2vJQNJf0yslZZOAFW3K+6Pr01weTS65ihx6TN45:wOLeJQv0nG03Pr0yFh7,
2024-02-02,Other,size-in-bytes,176640,
2024-02-02,Payload delivery,mime-type,application/x-dosexec,
2024-02-02,Payload delivery,md5,1edea9460502b1977f03e2455b72be5a,Malware payload
2024-02-02,Payload delivery,sha256,bfbf25848774e2cfeea0dba2a5b9cc8fcf9305ddb66ee1b5f66f21d571d10333,Malware payload
2024-02-02,Payload delivery,tlsh,t1bfa185ab32550cbc862487e694e53e8b476d0163a1d4ac18f4ad4f4c95ff8f5037a9,
2024-02-02,Payload delivery,ssdeep,48:Yxg3SPhJSPdqKkY7EbnlUQl2VRifk/n0+aW/bDF4w0biYtX8rG2xp9WoKsYUxG1A:QO0kTakuNe9yMG1vbDAUWtC+,
2024-02-02,Other,size-in-bytes,4953,
2024-02-02,Payload delivery,mime-type,application/json,
2024-02-02,Payload delivery,md5,e8e158e6cd0ce3d1986d965bba27aea5,Malware payload
2024-02-02,Payload delivery,sha256,ec1fa4b542a1e3b5516ec3115ada864ba77984359458060638170931a8185031,Malware payload
2024-02-02,Payload delivery,tlsh,t16fa1d76b35664cbcca1487da98e13e8b57ad01b3a194ec18b9ec5f4cc5fe8f103769,
2024-02-02,Payload delivery,ssdeep,48:Yxg3SPhJSPdqKkY7EbnlUQl2lRifk/n0+aW0DF4w0biYtXnR2Hp9WO8ZUxG1v+bJ:QO0kTa1uh49AMG1vSmA7DThv,
2024-02-02,Other,size-in-bytes,4856,
2024-02-02,Payload delivery,mime-type,application/json,
2024-02-02,Payload delivery,md5,2e279b4ff00c271af3f58dd9e633607c,Malware payload (CoinMiner)
2024-02-02,Payload delivery,sha256,7a297ccb8ec0b4a265b638604c08cf43740b7431f45b53412de51d2a22772c16,Malware payload (CoinMiner)
2024-02-02,Payload delivery,tlsh,t18bd396db0724c22d1b00c641abc8d4983516d996c4f6d718a5ef541bfeb90ee4aec2,
2024-02-02,Payload delivery,ssdeep,3072:/jL+dKMubHspZQ513Rqyy7XZxgqmY04yc:/HkKtbcZyy7XPgI,
2024-02-02,Other,size-in-bytes,130832,
2024-02-02,Payload delivery,mime-type,text/plain,
2024-02-02,Payload delivery,md5,713350612970b9e248886e32ef4f2ea9,Malware payload (Stealc)
2024-02-02,Payload delivery,sha256,d1673bb94d58808ef22128765d0c2a308164c5d9dd4b4fe3a52c60489bb1809a,Malware payload (Stealc)
2024-02-02,Payload delivery,tlsh,t1af04cf5179f1da36f6b341709835c6a01a3bfc666975828f36783b9f2e322c09d253,
2024-02-02,Payload delivery,imphash,c33a7b4022bd29f9ba900fe89020dcf9,
2024-02-02,Payload delivery,ssdeep,3072:vImLZgP/EqfRQpemHb47cgan07AbCgfMoCSN5cQx6TN45:1LZksqieibaran0cbbMjQ7,
2024-02-02,Other,size-in-bytes,175616,
2024-02-02,Payload delivery,mime-type,application/x-dosexec,
2024-02-02,Payload delivery,md5,085dd0b1407f254a1296dd88e1ecd85e,Malware payload
2024-02-02,Payload delivery,sha256,5e448a1d3a0d1f1b358222661eb876fcf71935ba1e48c37ceb70e8da15859f76,Malware payload
2024-02-02,Payload delivery,tlsh,t1e0159e0273d1c062ff9b92334b5af6515bbc69260123e62f13981db9be701b1563e7,
2024-02-02,Payload delivery,imphash,948cc502fe9226992dce9417f952fce3,
2024-02-02,Payload delivery,ssdeep,12288:VqDEvFo+yo4DdbbMWu/jrQu4M9lBAlKhQcDGB3cuBNGE6iOrpfe4JdaDgawTx:VqDEvCTbMWu7rQYlBQcBiT6rprG8aIx,
2024-02-02,Other,size-in-bytes,918016,
2024-02-02,Payload delivery,mime-type,application/x-dosexec,
2024-02-02,Payload delivery,md5,513a1e38172fa9f9e9852b3a537bb090,Malware payload
2024-02-02,Payload delivery,sha256,5803b640e552f7a291cf2d19bfaae24efb54fb73393e41ed6afb0a7f2e5ccabb,Malware payload
2024-02-02,Payload delivery,tlsh,t1d2a1859b21692cbc861487d798d93e9797ed0057a298ac18fcdd5f0c92fe4b103659,
2024-02-02,Payload delivery,ssdeep,48:Yxg3SPhJSPdqKkY7EbnlUQl2Ehpk6nYK+z9SPmDF4w0dM0tXDSPGo2up9WvseNE9:QOOkBIeKezz9EEEi1vZhYa6oVIoLdP,
2024-02-02,Other,size-in-bytes,4950,
2024-02-02,Payload delivery,mime-type,application/json,
2024-02-02,Payload delivery,md5,b23b2a3d1d1a391bc8ae879af387fa46,Malware payload (RiseProStealer)
2024-02-02,Payload delivery,sha256,3fedd8884bc30159d5d6782fa5493f0fd4028161338d2f97ae2b482b21915ed1,Malware payload (RiseProStealer)
2024-02-02,Payload delivery,tlsh,t10e4533ff8e1f9aa4daa5f7ba0859d14259fe7db899007522562f8b430c744cc236f8,
2024-02-02,Payload delivery,imphash,5ab723dc8d5af21b79dc301ed6a56a64,
2024-02-02,Payload delivery,ssdeep,24576:IfA01EP20F2YjS96qXu5+1DYwQaBaWnBCq7Ma0ynnQ3v0lqh1q2y:SA6EP2wjSJu5+1claBaWntYRsQcqh0j,
2024-02-02,Other,size-in-bytes,1195520,
2024-02-02,Payload delivery,mime-type,application/x-dosexec,
2024-02-02,Payload delivery,md5,e7b2f0ec1f54f3ae61810004fda36e15,Malware payload
2024-02-02,Payload delivery,sha256,3bc70150ac93f9dc0409cf8e36c4796cc267d6eb7f0d7cb81f329088cb7b4d3c,Malware payload
2024-02-02,Payload delivery,tlsh,t107b533d579b5704ac2a3e338602ed6c6a097fd7b68699b692220f4c7737dc71294bf,
2024-02-02,Payload delivery,imphash,baa93d47220682c04d92f7797d9224ce,
2024-02-02,Payload delivery,ssdeep,49152:UwImQyXbYGEKeVlcv5xTy4tGd/gd//XeQMyc/dE5h5QLE3M+7Z:UwVQC/eVlQvTzOvIu4LV,
2024-02-02,Other,size-in-bytes,2308608,
2024-02-02,Payload delivery,mime-type,application/x-dosexec,
2024-02-02,Payload delivery,md5,a81e5ac63192d45bcbbbf05c2c228b07,Malware payload
2024-02-02,Payload delivery,sha256,4fc996f5ab2dd5f744f2ca8c74ad3a001579b2ddccbac43b2b159752488955f2,Malware payload
2024-02-02,Payload delivery,tlsh,t119a1865b31161cac851487ea98e13e8b97bd00b3a194ec18f4ed5f5c96fe8f1037a9,
2024-02-02,Payload delivery,ssdeep,48:Yxg3SPhJSPdqKkY7EbnlUQl2uLRifk/n0+aWKSPmDF4w0biYtXDSPGq2Hp9Wcsee:QO4AkTaUeuef49VEMG1vHRAxJGt,
2024-02-02,Other,size-in-bytes,4932,
2024-02-02,Payload delivery,mime-type,application/json,
2024-02-02,Payload delivery,md5,dd76534b35a2f7fadf32be03b6ca5d64,Malware payload
2024-02-02,Payload delivery,sha256,652906896cc1f6134c23d985d75b3e4fae9e101831b8b3e3fbfe7149175b222b,Malware payload
2024-02-02,Payload delivery,tlsh,t1a1917426251c0cbdc2294a82a45c7ad76bee027790c4fd2898bd9f0cb4ff2b141b69,
2024-02-02,Payload delivery,ssdeep,96:jjFekxq8pVFawTH9o2nTv71vzhHtsIZhMt4R+:jjFvguFaA9o2nbdhNsIrMt4R+,
2024-02-02,Other,size-in-bytes,4225,
2024-02-02,Payload delivery,mime-type,application/json,
2024-02-02,Payload delivery,md5,b234058104003f4e321eb4d2f80caaa1,Malware payload
2024-02-02,Payload delivery,sha256,cd98855f2ed49476fd716063f2a29fdf8d9f44dd5a59e079057379ad1a65c787,Malware payload
2024-02-02,Payload delivery,tlsh,t1a691439926095dbdcb9496d3d5843ad7c77e0053b194ed2ce4bd8b08a1ef1f10276a,
2024-02-02,Payload delivery,ssdeep,48:YxY6w/dlpkofn16Ru+FvDF4w0NhtXpk2Kp9Wo6sUHs1vFbvKzRteU3wxioorbxGN:XpkocRtxYyH97Ss1vdTHWxGe+x,
2024-02-02,Other,size-in-bytes,4403,
2024-02-02,Payload delivery,mime-type,application/json,
2024-02-02,Payload delivery,md5,bf4906e8fbd1d6b091d68d6caa6be5a5,Malware payload
2024-02-02,Payload delivery,sha256,ad19c054e9efeb73d1efed522df4b9b941894596096ed2261e97aa4774b95193,Malware payload
2024-02-02,Payload delivery,tlsh,t164d4235bad876a39ef949b309808821d2197df33bdb4d2970340b61f537fa872c66d,
2024-02-02,Payload delivery,imphash,af02ce4a4548e322a95ca15cb9608683,
2024-02-02,Payload delivery,ssdeep,12288:8HLUMuiv9RgfSjAzRty26xGJeMTE3Z2ap4srKWLZ6o:WtARD6EAMC41w,
2024-02-02,Other,size-in-bytes,617792,
2024-02-02,Payload delivery,mime-type,application/x-dosexec,
2024-02-02,Payload delivery,md5,524bc188fd53994c8c864d8c2a71390c,Malware payload
2024-02-02,Payload delivery,sha256,18c968103b48c0904d33cdf23f92c2c458c3965a6605d3e1c84f237640ce2aad,Malware payload
2024-02-02,Payload delivery,tlsh,t11891749a26094dbcca5496d3e4943ad7876e0493b198dd2ce5f89f08e1ef1f04276a,
2024-02-02,Payload delivery,ssdeep,48:YxY6wjQdlpkofn16Ru+FzvDFU0NhtXN3rm/2xp9WhHp6Y2UHs1vhmObvK3moRteK:TYpkocRtp9hEA9Sr2Ss1vhPMeHL9eE+x,
2024-02-02,Other,size-in-bytes,4274,
2024-02-02,Payload delivery,mime-type,application/json,
2024-02-02,Payload delivery,md5,10f008286ab0186eafc30ba903288f66,Malware payload
2024-02-02,Payload delivery,sha256,5c1f901e655125f9d7234dae11bb96612cb791b1a20f6ccdbe2d3480cf780848,Malware payload
2024-02-02,Payload delivery,tlsh,t14291759a27095ebcc64496e3e5443ad7876e0093f198ed2ce8bd9f08e1ef1f002769,
2024-02-02,Payload delivery,ssdeep,48:YxY6wudlpkofn16Ru+FkDFU0NhtXeV2Qp9We6T2UHs1vibvKqRteU3wxioLK5Uad:OpkocRtG9U/9K2Ss1veiHL90nx,
2024-02-02,Other,size-in-bytes,4273,
2024-02-02,Payload delivery,mime-type,application/json,
2024-02-02,Payload delivery,md5,0e414a7c765145914344eaa2c7253fb3,Malware payload
2024-02-02,Payload delivery,sha256,a227d22f84291a3b2124001483fff86e3d10bbada2a223e0fd4527a7384fb56b,Malware payload
2024-02-02,Payload delivery,tlsh,t15c91637522080d7ec63482d6a4557ad767be0257a0d4ec28a8fd4f0ca7ff1f206b6a,
2024-02-02,Payload delivery,ssdeep,96:CbZknCs+w/05TH9I681vdEHAbpZcE9cGO:Cb21R0B9I6KEgbp+EjO,
2024-02-02,Other,size-in-bytes,4238,
2024-02-02,Payload delivery,mime-type,application/json,
2024-02-02,Payload delivery,md5,e4f455d78f5335c69d62bd5c216b09c5,Malware payload
2024-02-02,Payload delivery,sha256,786e1d34a208678eba81ab97b4f2f68bd63ee012bfbb6c339df9f2cb26f9479e,Malware payload
2024-02-02,Payload delivery,tlsh,t1f6919622261c0cbdc7394a97a05c7ad76bed02779084fd2888bd9f0ca5ff2b141769,
2024-02-02,Payload delivery,ssdeep,96:jj5ekxq8pVFawTH9o2nTv71vzhHtsIZhz9AR+:jj5vguFaA9o2nbdhNsIrzWR+,
2024-02-02,Other,size-in-bytes,4225,
2024-02-02,Payload delivery,mime-type,application/json,
2024-02-02,Payload delivery,md5,ddd00eb62a7c275ee1516f457773b3d1,Malware payload
2024-02-02,Payload delivery,sha256,5342c7a305bfba5bd2a2e4bec65ec11c3de94f2f666d0b64266b769838387d8b,Malware payload
2024-02-02,Payload delivery,tlsh,t1d391649a26095dbcca5496e3e5503ad7876e0093b198dd2ce8fd9f08f1ef1f04276e,
2024-02-02,Payload delivery,ssdeep,96:EpkocRtp9hEA9Sr2Ss1vhPMeHLMZ321Wx:EG/79y2SmUeHLMZjx,
2024-02-02,Other,size-in-bytes,4274,
2024-02-02,Payload delivery,mime-type,application/json,
2024-02-02,Payload delivery,md5,12b89ae0da84f3cb81d6f5e4fcf1b0e2,Malware payload
2024-02-02,Payload delivery,sha256,8689ab7c419f9db800289d5af2e4e27a468578f38516049fb7f106ad9c45cea5,Malware payload
2024-02-02,Payload delivery,tlsh,t133a533e261b15a7cd923f731a36a67823673dd5f853990828c21f89963ff23605d4f,
2024-02-02,Payload delivery,imphash,baa93d47220682c04d92f7797d9224ce,
2024-02-02,Payload delivery,ssdeep,49152:e9ZwEtgvGlQQelVYTR04+WUVbCjK0WrLy4EvQ54Son:e9QnQelVkR8WCbCjK/nYo545n,
2024-02-02,Other,size-in-bytes,2258432,
2024-02-02,Payload delivery,mime-type,application/x-dosexec,
2024-02-02,Payload delivery,md5,88d113d52101e1d73f4998a434b3a44a,Malware payload
2024-02-02,Payload delivery,sha256,10798ea14a64f17d07657127a560cb20bea0d2f1d037d0446734793a2d9ac67e,Malware payload
2024-02-02,Payload delivery,tlsh,t129a1b76b35664c7c8a1487ea98e53e8b57ad00b39194ec18f9ad5f4cc1fe8f1037a9,
2024-02-02,Payload delivery,ssdeep,48:Yxg3SPhJSPdqKkY7EbnlUQl2qRifk/n0+aW0DF4w0biYtXnR2Hp9WO8ZUxG1v+bJ:QOBkTa1uh49AMG1vSmAVT,
2024-02-02,Other,size-in-bytes,4856,
2024-02-02,Payload delivery,mime-type,application/json,
2024-02-02,Payload delivery,md5,71219b3b4b25e2019be0414f54168848,Malware payload
2024-02-02,Payload delivery,sha256,66aa82654ef57236b0b5ea436f9d11b36088d7385cf85da863913929970e3dc3,Malware payload
2024-02-02,Payload delivery,tlsh,t110a1a5ab32550cbc862487e695e13e8b87ad0173a1d4ad18f4a94f4c85ff8f5037a9,
2024-02-02,Payload delivery,ssdeep,48:Yxg3SPhJSPdqKkY7EbnlUQl2HRifk/n0+aW/bDF4w0biYtX8rG2xp9WoKsYUxG1n:QOWkTakuNe9yMG1vbDAzlW,
2024-02-02,Other,size-in-bytes,4963,
2024-02-02,Payload delivery,mime-type,application/json,
2024-02-02,Payload delivery,md5,7132184bd4857b06ae0859890a17cb6c,Malware payload
2024-02-02,Payload delivery,sha256,3be9f7b0f71a8c2b89899ccb17e86644479861a01d83a316443e92921ae1293f,Malware payload
2024-02-02,Payload delivery,tlsh,t15541dd7ccf29fce0037db0a088492e2620989e57d6f58e24d9574ee62d7c20acf1b1,
2024-02-02,Payload delivery,ssdeep,48:LGfEFWuJqs9HZNjd+SfprcKyK0hE6S1FtfsC5P3RX5ZWiaoIhSNtR:LGfEFW87jd+Sfpbaq6S1FtfsC5P39EfU,
2024-02-02,Other,size-in-bytes,2219,
2024-02-02,Payload delivery,mime-type,text/plain,
2024-02-02,Payload delivery,md5,1a71469a18119ef35652f0e207756eee,Malware payload (RiseProStealer)
2024-02-02,Payload delivery,sha256,c6186fd33d8125cb5a60d2ac465bc998fa185fff075bdd4ca6bf07dd68d709c4,Malware payload (RiseProStealer)
2024-02-02,Payload delivery,tlsh,t1114533fa530ed308c9bde1b154a2e1e987b7715c05055658690f06af3c69bccbf33a,
2024-02-02,Payload delivery,imphash,5ab723dc8d5af21b79dc301ed6a56a64,
2024-02-02,Payload delivery,ssdeep,24576:007r6BJd0Gl7AYF0lXgVaUZ0xobAsBwQnsiK3DFs+X96h40:BrGJd9QM5bnlo3x76hl,
2024-02-02,Other,size-in-bytes,1195520,
2024-02-02,Payload delivery,mime-type,application/x-dosexec,
2024-02-02,Payload delivery,md5,a45eda29a336971aefe22aad430bd69d,Malware payload
2024-02-02,Payload delivery,sha256,7e0e89ac84aa689ee10c978044c3f7007179d34413235349a6070ae2755f4315,Malware payload
2024-02-02,Payload delivery,tlsh,t1f091421615385c7cc75885ca98fc3d4f567e005bf2649c14a5de8f0ae2ff1b243a65,
2024-02-02,Payload delivery,ssdeep,96:eyzrkYOhDH5R0DWfrfT594ds1Y7g1vUreHTMsgiFEozJeR:eyzQThr5RIWfrt94ds1Y7FrezMsgiFEJ,
2024-02-02,Other,size-in-bytes,4613,
2024-02-02,Payload delivery,mime-type,application/json,
2024-02-02,Payload delivery,md5,171f32250f2be4687837f3667e9e2c53,Malware payload
2024-02-02,Payload delivery,sha256,c48fed29798b4cad1137a51a4043a2744673cb55831b9925c6c757ab36bd691e,Malware payload
2024-02-02,Payload delivery,tlsh,t1a3a1a5ab15395cbccb10c7c695c93a8797ed015363a8ac18fdad6f0c82fe8b142659,
2024-02-02,Payload delivery,ssdeep,48:Yxg3SPhJSPdqKkY7EbnlUQl20hpk6nYK+z1DF4w0dM0tXnT2up9WSFo8ZUfi1vAV:QO+kB5KDz9vLEi1vYYYDFjP,
2024-02-02,Other,size-in-bytes,4884,
2024-02-02,Payload delivery,mime-type,application/json,
2024-02-02,Payload delivery,md5,30e7370e27705386e73b5782b040cb9a,Malware payload
2024-02-02,Payload delivery,sha256,5a23cfcdb0122a69c590a95f67f4ad7e24c6329bfc7b358e02808bd21314ef4a,Malware payload
2024-02-02,Payload delivery,tlsh,t16ca195ab31654cbcc624c7ea54e23e8757ad00b3a194ec14a8ac5f5c95fe8f1037ea,
2024-02-02,Payload delivery,ssdeep,48:Yxg3SPhJSPdqKkY7EbnlUQl2zRifk/n0+aWblFDF4w0biYtXqlNBT2Hp9Wt0mUx3:QOWkTaGuIT49YMG1veKAXeYT,
2024-02-02,Other,size-in-bytes,4832,
2024-02-02,Payload delivery,mime-type,application/json,
2024-02-02,Payload delivery,md5,5e6304a3e5b97343dab1f799466f3a6f,Malware payload
2024-02-02,Payload delivery,sha256,6bf8c3ad5caae7befbf2dda0766b9d80a863f7ffc8d609a8bd4e149550fc5f8e,Malware payload
2024-02-02,Payload delivery,tlsh,t1b591535926085dbdc79496d3d4903ac7976e0453a1a4ed28e8bd8f08a2ef1f10276a,
2024-02-02,Payload delivery,ssdeep,48:YxY6wJJdlpkofn16Ru+FvDF4w0NhtXpk2Kp9Wo6sUHs1vFbvKzRteU3wxioorbXt:5ZpkocRtxYyH97Ss1vdTHWrPx,
2024-02-02,Other,size-in-bytes,4403,
2024-02-02,Payload delivery,mime-type,application/json,
2024-02-02,Payload delivery,md5,4767a8aa090b3a229b07be794f0488ca,Malware payload
2024-02-02,Payload delivery,sha256,220bfadfadba81d4a15d6ef1cd6bdf2718ba2a7d1db87c5e5722b2144d5c9afd,Malware payload
2024-02-02,Payload delivery,tlsh,t1a891752661540cbd8628868be0447af35bee05a39194ec28d4be9f5ca1ff5f101769,
2024-02-02,Payload delivery,ssdeep,96:zOzOh+km7O8ZlOFKiwTH9DnT71vfihHxisoZ5seX4+:ZPHKT9TTx+RJoDseX3,
2024-02-02,Other,size-in-bytes,4262,
2024-02-02,Payload delivery,mime-type,application/json,
2024-02-02,Payload delivery,md5,50b1e86ddbc8dae55b4adebefd2e71e7,Malware payload
2024-02-02,Payload delivery,sha256,a1dddedb2ee2b4b69cd6e3e346244fe66de3074c678d259dc4fc8ef0d86b8132,Malware payload
2024-02-02,Payload delivery,tlsh,t11991b5b71a2c4cacca1487e395903b93567f4167f0849e68b9bc8f08e0fe1f91136b,
2024-02-02,Payload delivery,ssdeep,48:Yx5AvwlYYw6KbsJkmnh+0DFU0omOtXxR23p9WtY2UKJ1vybaKqRrC3wxioiWp02M:YAvwlNkv0S7U9/2FJ1vu8iWp0ME,
2024-02-02,Other,size-in-bytes,4323,
2024-02-02,Payload delivery,mime-type,application/json,
2024-02-02,Payload delivery,md5,1f9e7c0c4c929572cb14adaefabf7c69,Malware payload
2024-02-02,Payload delivery,sha256,9378f5262eb1b38bd29fadd6fa5790641ab711225807753b7d85e1872ee1372e,Malware payload
2024-02-02,Payload delivery,tlsh,t17da174ab31550cacc62987da94e53b8b87bc00b35494ec24b4ac9f5c92ff8f1437ad,
2024-02-02,Payload delivery,ssdeep,48:Yxg3SPhJSPdqKkY7EbnlUQl2sRifk/n0+aWCDF4w0biYtXnQbZ2Hp9WjyUxG1vCD:QODkTa1uAbZ49bMG1vCb8vbJAHzSa,
2024-02-02,Other,size-in-bytes,5005,
2024-02-02,Payload delivery,mime-type,application/json,
2024-02-02,Payload delivery,md5,eb6734df67d340f9ce4e2cbddc8dd1af,Malware payload (Amadey)
2024-02-02,Payload delivery,sha256,4ddfd5ca6a033161af92501ad7424f8ef911fddff78da35f0b94ff174e69d570,Malware payload (Amadey)
2024-02-02,Payload delivery,tlsh,t15705233941a9d2c5c635b1fe89e19ba06b6a7a2107855e0511bf43f90e329df1fc3b,
2024-02-02,Payload delivery,imphash,7515ecf8c0dfa4d230ad835fe0acb57f,
2024-02-02,Payload delivery,ssdeep,12288:U+w8uRNqY3iGnXo7YNQGDzdYD/jGW/nSsPBqeyE6l8xb0lvIf0IZu88S:UUKND3iGnYwQERHW/nSkIzIZF,
2024-02-02,Other,size-in-bytes,812032,
2024-02-02,Payload delivery,mime-type,application/x-dosexec,
2024-02-02,Payload delivery,md5,a8d0c5b5ac80ab6e31222fdec92a7b31,Malware payload
2024-02-02,Payload delivery,sha256,ffb174b80f8e3af5aef6bed93cb12216d1f8657d438c04dd94e66ae05740cbb4,Malware payload
2024-02-02,Payload delivery,tlsh,t19ca1855b31551cac861487eb98e13e8b87bd00a3a194ec18b8ed5f5ca6fe8f103769,
2024-02-02,Payload delivery,ssdeep,48:Yxg3SPhJSPdqKkY7EbnlUQl2zRifk/n0+aWKSPmDF4w0biYtXDSPGq2Hp9WcseNu:QOSkTaUeuef49VEMG1vHRAjY5t,
2024-02-02,Other,size-in-bytes,4922,
2024-02-02,Payload delivery,mime-type,application/json,
2024-02-02,Payload delivery,md5,0e2ef56b04a01b5659914ebed0ed94d8,Malware payload
2024-02-02,Payload delivery,sha256,f71dc174a11a6e81df7124dadb9c79a453746c2f9d3a65b5f2d6f91674b029f6,Malware payload
2024-02-02,Payload delivery,tlsh,t145a186ab11691cbdc71487c295d93a8787ed0113b2a8ad14fcad5f0c82ff9b603669,
2024-02-02,Payload delivery,ssdeep,48:Yxg3SPhJSPdqKkY7EbnlUQl23hpk6nYK+zebDF4w0dM0tX8r82bp9WG9sYUfi1vU:QOpkBAKpg9nEi1v1/YTgCzDUyP,
2024-02-02,Other,size-in-bytes,4981,
2024-02-02,Payload delivery,mime-type,application/json,
2024-02-02,Payload delivery,md5,15b469ca45291d587f3595ed691f3fc8,Malware payload
2024-02-02,Payload delivery,sha256,01a531f4c0b0ba48f59a0aec02892ee5fa56dccb4aa379baeedc9b5011e929ee,Malware payload
2024-02-02,Payload delivery,tlsh,t1c691772662140cbe8b28869be0547bf35bee05979184ec28c4be5f5ca0ff6f111b75,
2024-02-02,Payload delivery,ssdeep,96:zOzOO+km7O8ZlOFKiwTH9DnT71vfihHxisoZ5gQLu1yu4+:WPHKT9TTx+RJoDFyUu3,
2024-02-02,Other,size-in-bytes,4262,
2024-02-02,Payload delivery,mime-type,application/json,
2024-02-02,Payload delivery,md5,9a02997c59e17b1fd877d78f55cc6e91,Malware payload (BumbleBee)
2024-02-02,Payload delivery,sha256,c65fa3d452fb8ed09ad428cd235ce6a524a8ad3498b4c64859fd8efd361e4385,Malware payload (BumbleBee)
2024-02-02,Payload delivery,tlsh,t12e45e012e2a21ff4e47691b681ab253bb7343e590715d377abc0c2373d927e05b1ab,
2024-02-02,Payload delivery,imphash,47e01530ad43ec939d1c47709a80a5c6,
2024-02-02,Payload delivery,ssdeep,24576:lwOhCPykWGGrYL1hb4LPRAMXLXuw2tL0IGrkNBxgvx3FWlDb:9TKhL4LP+AMtBoAb,
2024-02-02,Other,size-in-bytes,1225748,
2024-02-02,Payload delivery,mime-type,application/x-dosexec,
2024-02-02,Payload delivery,md5,c5a2473302ea8ae68e5be79ca934ec6f,Malware payload
2024-02-02,Payload delivery,sha256,0f92b9868a68abcd81bb516ae084f844bdcf07a61485df94e0a4e3e87fb6f467,Malware payload
2024-02-02,Payload delivery,tlsh,t18ca176eb61691cbcca19c7c690d93b8797fc011352a4ec24a8ac5b0cd3ff97252669,
2024-02-02,Payload delivery,ssdeep,48:Yxg3SPhJSPdqKkY7EbnlUQl2jhpk6nYK+z1DF4w0dM0tXnGbZ2up9WSgyUfi1vUO:QORkBhKWbZz9BEi1vUb8pbbY+rq6P,
2024-02-02,Other,size-in-bytes,5023,
2024-02-02,Payload delivery,mime-type,application/json,
2024-02-02,Payload delivery,md5,dcde4d8ec92af4937a14158af10c3d42,Malware payload
2024-02-02,Payload delivery,sha256,a895807d513969cd225684c34a570ffa4eaa93d092301e9c0a038daedb1bf471,Malware payload
2024-02-02,Payload delivery,tlsh,t1e19195e7b0155eb8c61fc9ea56e938cfcabd001390306c6ce5994b0b88fe1b51363d,
2024-02-02,Payload delivery,ssdeep,96:XGK9k0yan4wgaBSQcsTN9+BMOy0G1vRctHsz9UAeGto0VXr:K0049rVGmlC2,
2024-02-02,Other,size-in-bytes,4529,
2024-02-02,Payload delivery,mime-type,application/json,
2024-02-02,Payload delivery,md5,c9247af57ca2ca6eb4134fe37022e8e2,Malware payload
2024-02-02,Payload delivery,sha256,eb907a65c755d928c3e1ce9c6313dcf9b4be0ba8439299b18f455881b5456667,Malware payload
2024-02-02,Payload delivery,tlsh,t1569195b7162c4cbc8a2487d3d5903bd756bf4177e084ad68b9ac8f08e0fe1f51136a,
2024-02-02,Payload delivery,ssdeep,96:YAvwl6kvQISnya0o9HT2FJ1vltPBi3FcbnE:YAvkXo9z2FBiVcrE,
2024-02-02,Other,size-in-bytes,4329,
2024-02-02,Payload delivery,mime-type,application/json,
2024-02-02,Payload delivery,md5,4413aeab3c4535b7dcc3930ab0ef7048,Malware payload
2024-02-02,Payload delivery,sha256,a373f9fd9759ea049eaa62e67efa1dfd3d4f3fbba40867bd871d6fa924cbfd52,Malware payload
2024-02-02,Payload delivery,tlsh,t17ea1a5ab15695cbccb14c7c695c93a8797ec015353a8ec18bded6f0c82fe8b143659,
2024-02-02,Payload delivery,ssdeep,48:Yxg3SPhJSPdqKkY7EbnlUQl2Vhpk6nYK+z1DF4w0dM0tXnT2up9WSFo8ZUfi1vAZ:QObkB5KDz9vLEi1vYYYMTROP,
2024-02-02,Other,size-in-bytes,4874,
2024-02-02,Payload delivery,mime-type,application/json,
2024-02-02,Payload delivery,md5,583d7a540b76aa1d95892464086420c0,Malware payload
2024-02-02,Payload delivery,sha256,967dfd1402c7de0764a48c3c2e084ba3fd2536ac8a7cf3673e5b3dfdaa47e3b5,Malware payload
2024-02-02,Payload delivery,tlsh,t107a174eb65691cbcca18c7c294d93b8797fc015352a4ec28a8ac5f0cd2ff97153669,
2024-02-02,Payload delivery,ssdeep,48:Yxg3SPhJSPdqKkY7EbnlUQl23hpk6nYK+z1DF4w0dM0tXnGbZ2up9WSgyUfi1vUm:QO1kBhKWbZz9BEi1vUb8pbbYd+P,
2024-02-02,Other,size-in-bytes,5023,
2024-02-02,Payload delivery,mime-type,application/json,
2024-02-02,Payload delivery,md5,ea181a6f0171102a9c21506ee49569d5,Malware payload
2024-02-02,Payload delivery,sha256,baefec7ed13ecbd398d77182a247077bb328ceae1781e8c8a856a74e09ad1511,Malware payload
2024-02-02,Payload delivery,tlsh,t158a185ab32550cbc86248be794e53e8b47ad0173a094ed24f4a94f4c95ff8f5037b9,
2024-02-02,Payload delivery,ssdeep,48:Yxg3SPhJSPdqKkY7EbnlUQl2sKRifk/n0+aW/bDF4w0biYtX8rG2xp9WoKsYUxGW:QO0kTakuNe9yMG1vbDARW6,
2024-02-02,Other,size-in-bytes,4953,
2024-02-02,Payload delivery,mime-type,application/json,
2024-02-02,Payload delivery,md5,6f96f1705fe6ddb6ef3664d71aeb733a,Malware payload
2024-02-02,Payload delivery,sha256,07adccc7f186a1fd31785c81b1fe3d75708a4ca2b2401662944c381ec186c45f,Malware payload
2024-02-02,Payload delivery,tlsh,t1de928f35a8a1641b4037d8f9356fa28df82194078c4749a4b11f412dcbf6e934faff,
2024-02-02,Payload delivery,ssdeep,384:OftrMf+F0e0H3nG2W6E45wse5QjuFwgzxdaqlU4:tIn0H3nGh6tOseQZgraqb,
2024-02-02,Other,size-in-bytes,19559,
2024-02-02,Payload delivery,mime-type,text/html,
2024-02-02,Payload delivery,md5,af07274e5f03f82294bb8c22a219ef4c,Malware payload
2024-02-02,Payload delivery,sha256,e969f559770a04927a8f32369330dea0d57ee2dd1d833171be1b53fd55ad364b,Malware payload
2024-02-02,Payload delivery,tlsh,t1d5a1769b11691cbdc71487c295d93a8787ed0153a2d8bc18fcad5f0c92ff8b60366a,
2024-02-02,Payload delivery,ssdeep,48:Yxg3SPhJSPdqKkY7EbnlUQl2Bmhpk6nYK+zebDF4w0dM0tX8r82bp9WG9sYUfi1o:QO/WkBAKpg9nEi1v1/YO6P,
2024-02-02,Other,size-in-bytes,4981,
2024-02-02,Payload delivery,mime-type,application/json,
2024-02-02,Payload delivery,md5,ae07023f532a9007153df8b027a72b8d,Malware payload
2024-02-02,Payload delivery,sha256,cfda4d6a087ca6ad23c7c62c90854e5a8d2888668343e6ff3d58c21c91d5f169,Malware payload
2024-02-02,Payload delivery,tlsh,t1c9a1645732554dbc8b2487ea94e63eab47ad0073a094ac24b5ad5f4c91ff8f10276d,
2024-02-02,Payload delivery,ssdeep,48:Yxg3SPhJSPdqKkY7EbnlUQl2iRifk/n0+aWHbgDF4w0biYtXcgFi2Hp9WoibUxGd:QOBkTaRug49KMG1v5vA8A4,
2024-02-02,Other,size-in-bytes,4770,
2024-02-02,Payload delivery,mime-type,application/json,
2024-02-02,Payload delivery,md5,7b9328830e1ff6ed5f9c12d4c22e268a,Malware payload
2024-02-02,Payload delivery,sha256,e70606f4b58f6152a2a868d45d2d3719a7dd86af3a3dc3a12a4f559d03d234d3,Malware payload
2024-02-02,Payload delivery,tlsh,t1e29197eb71155e78c51fc5ea96a939cecabd001390305c5ce59a4b4b88fe1b52363d,
2024-02-02,Payload delivery,ssdeep,96:XG99k0yan4wgaBSQcsTN9+BMOy0G1vRctHsz9UAeGz3IbVXr:h0049rVGmlbIR,
2024-02-02,Other,size-in-bytes,4529,
2024-02-02,Payload delivery,mime-type,application/json,
2024-02-02,Payload delivery,md5,7625650111953a45e47493ff65b1a7a2,Malware payload
2024-02-02,Payload delivery,sha256,1bcb1c9177a3220cb8ce2615ab9fc3907cefcfca6d55438a24a713aa3a7685b6,Malware payload
2024-02-02,Payload delivery,tlsh,t131a175ab35160cbcc52987da94e53f8b97bd00a35494ec24b49c9f5c92fe8f1437a9,
2024-02-02,Payload delivery,ssdeep,48:Yxg3SPhJSPdqKkY7EbnlUQl24Rifk/n0+aWCDF4w0biYtXnQbZ2Hp9WjyUxG1vCa:QO/kTa1uAbZ49bMG1vCb8vbJA09R5,
2024-02-02,Other,size-in-bytes,5015,
2024-02-02,Payload delivery,mime-type,application/json,
2024-02-02,Payload delivery,md5,f8416870cefea37fa66e08310520abb5,Malware payload
2024-02-02,Payload delivery,sha256,64bc7eaa1cd63a42391517f5cfbdeeca3dd61bc771c84e76b04f95a4736909e7,Malware payload
2024-02-02,Payload delivery,tlsh,t1b391a6b716290cbcca2487d3a5653bd7967f4167e084ad68f9bc8f08e0fe1f50136a,
2024-02-02,Payload delivery,ssdeep,96:YAvwlYkvQISnya0o9HT2FJ1vltPBiFmmnE:YAvyXo9z2FBiM+E,
2024-02-02,Other,size-in-bytes,4329,
2024-02-02,Payload delivery,mime-type,application/json,
2024-02-02,Payload delivery,md5,d0713c00ade188d9b40e56b720829cec,Malware payload
2024-02-02,Payload delivery,sha256,ce1e4579b2d57be654267c7e8d179242ae906a386ced22fd16ecc725b4cadb78,Malware payload
2024-02-02,Payload delivery,tlsh,t174b533f3b8b2169ddc1b13fd121e6548612bff536b19a50a090af1fa937d53384cae,
2024-02-02,Payload delivery,imphash,baa93d47220682c04d92f7797d9224ce,
2024-02-02,Payload delivery,ssdeep,49152:E1/z6wq4q2RujXDHJicxfqLUXIuRQJ4fljfSvLLiiD0XiFEf:Sdq4Lu7xptRpfSaiD54,
2024-02-02,Other,size-in-bytes,2325504,
2024-02-02,Payload delivery,mime-type,application/x-dosexec,
2024-02-02,Payload delivery,md5,e26271ad4b1fa2aa18cb82676c016203,Malware payload (Ransomware.Stop)
2024-02-02,Payload delivery,sha256,2d20f695200d124a0a6f4f20a052d57e093c9f8bc639c28e19462c3d3b6f555f,Malware payload (Ransomware.Stop)
2024-02-02,Payload delivery,tlsh,t13ce412507af0e473e73726f85d7a9172ae3bfc625a18604e6a58274b3e333819dc57,
2024-02-02,Payload delivery,imphash,c33a7b4022bd29f9ba900fe89020dcf9,
2024-02-02,Payload delivery,ssdeep,12288:cZf+uc6LF3wMNJyqC13/RthZ+TY+bgs2wHL8HbbjvCFLZYjqMhqir:9JY7XAvbhZ6Y7iHGqM9r,
2024-02-02,Other,size-in-bytes,687104,
2024-02-02,Payload delivery,mime-type,application/x-dosexec,
2024-02-02,Payload delivery,md5,1a0481eb6d373c3797905d937ded8471,Malware payload (Healer)
2024-02-02,Payload delivery,sha256,455624221aedc28f448ac407aff90724861c602e2e495bdf5d47947111e121fd,Malware payload (Healer)
2024-02-02,Payload delivery,tlsh,t161d423b98127c410c220adb02d61629f4bfdfe7a578c2b2055ffb3a71e9059c2b572,
2024-02-02,Payload delivery,imphash,436f7e4bc6bece183fb5bacd9f2ff7d3,
2024-02-02,Payload delivery,ssdeep,12288:uZo7YNQQ1F85ZwKd89BcFq1wcM9nSr3/35ellbLd9Zq6EBX:hwQIyEvOgQ9nQ3v0le6+X,
2024-02-02,Other,size-in-bytes,617472,
2024-02-02,Payload delivery,mime-type,application/x-dosexec,
2024-02-02,Payload delivery,md5,f5e6f1f95fb842a1b7c9217689ae2890,Malware payload
2024-02-02,Payload delivery,sha256,03ab5c8af014ade4edbb69dc52ee2ff463e5231c90eb4cb9ed68e515ca3624f8,Malware payload
2024-02-02,Payload delivery,tlsh,t140a187eb25695cbccb24c7c695ca3a9357ed001392e4ad14acac5f0c81fe8b54279a,
2024-02-02,Payload delivery,ssdeep,48:Yxg3SPhJSPdqKkY7EbnlUQl2shpk6nYK+zMlFDF4w0dM0tXqlNjT2up9WMTv0mUE:QO+kB6KoTz9DEi1vgQY7jkI/GP,
2024-02-02,Other,size-in-bytes,4860,
2024-02-02,Payload delivery,mime-type,application/json,
2024-02-02,Payload delivery,md5,2e48c1bf43f55a34509e0fb882fe13a2,Malware payload
2024-02-02,Payload delivery,sha256,cd740da440ef289d55001f9d67be2e52db496cd43dea43a8a854f7db5f29e592,Malware payload
2024-02-02,Payload delivery,tlsh,t157a1969716685cbccb24c7d785da3aab47ed001392a49c24eded5f0c92ff8b10222d,
2024-02-02,Payload delivery,ssdeep,48:Yxg3SPhJSPdqKkY7EbnlUQl2kPhpk6nYK+zobgDF4w0dM0tXcg/i2up9WXibUfiR:QO2zkBtKCz93Ei1vnfYBIP,
2024-02-02,Other,size-in-bytes,4788,
2024-02-02,Payload delivery,mime-type,application/json,
2024-02-02,Payload delivery,md5,a4e4932c8cd94bc458d79fc76713fd6e,Malware payload
2024-02-02,Payload delivery,sha256,b9d003374a2cc84e1cf1f6fa2f888e80e0fd55ea754a282cfd15897ae793b0ab,Malware payload
2024-02-02,Payload delivery,tlsh,t101a1b7ab25695cbccb24c7c695c63e8367ec005363a4ad14ecac5f0c91fe4b1026aa,
2024-02-02,Payload delivery,ssdeep,48:Yxg3SPhJSPdqKkY7EbnlUQl25hpk6nYK+zMlFDF4w0dM0tXqlNjT2up9WMTv0mUd:QO3kB6KoTz9DEi1vgQYOAzaaDP,
2024-02-02,Other,size-in-bytes,4860,
2024-02-02,Payload delivery,mime-type,application/json,
2024-02-02,Payload delivery,md5,d3e460e1cf072a8750ce7977c82adb09,Malware payload
2024-02-02,Payload delivery,sha256,388dc5f056c40c2755148481e46b9120e674f7e01a5aa8bdb33ebba8b8826c2a,Malware payload
2024-02-02,Payload delivery,tlsh,t11791749e26085dbcc65496e3d5803ad7876e0493b098dd2ce9fc9f08e1ef1f00279a,
2024-02-02,Payload delivery,ssdeep,48:YxY6wBdlpkofn16Ru+FkDFU0NhtXeV2Qp9We6T2UHs1vibvKqRteU3wxioLUafUl:hpkocRtG9U/9K2Ss1veiHLUhzx,
2024-02-02,Other,size-in-bytes,4274,
2024-02-02,Payload delivery,mime-type,application/json,
2024-02-02,Payload delivery,md5,e4ec4b8046b6dae8ca509fae394d337d,Malware payload
2024-02-02,Payload delivery,sha256,6cc451f5ccc33a40b8fde94104e623b61ecf9a53a0b79c784a548c596e468414,Malware payload
2024-02-02,Payload delivery,tlsh,t151a1859b21691cbcc61487d689d53e8797ed0053a298bc58fcdd5f0c92fe8b103655,
2024-02-02,Payload delivery,ssdeep,48:Yxg3SPhJSPdqKkY7EbnlUQl2tJhpk6nYK+z9SPmDF4w0dM0tXDSPGo2up9WvseNj:QOf5kBIeKezz9EEEi1vZhY8mhdP,
2024-02-02,Other,size-in-bytes,4940,
2024-02-02,Payload delivery,mime-type,application/json,
2024-02-02,Payload delivery,md5,f4e3a590faaa7502ade02c2ea0c55464,Malware payload
2024-02-02,Payload delivery,sha256,d90f0d753127621df7bd19d65f4129aa7acfe17fd6b912554a42521ea9fb903c,Malware payload
2024-02-02,Payload delivery,tlsh,t19ea174a732554cbc8b1487eb94e63aab47ad0073a094ac24a9ed5f4c91ff8f10266d,
2024-02-02,Payload delivery,ssdeep,48:Yxg3SPhJSPdqKkY7EbnlUQl2LRifk/n0+aWHbgDF4w0biYtXcgFi2Hp9WoibUxGk:QOqkTaRug49KMG1v5vAHmSu+,
2024-02-02,Other,size-in-bytes,4769,
2024-02-02,Payload delivery,mime-type,application/json,
2024-02-02,Payload delivery,md5,9f9d5f84faecaeda418b43376d113112,Malware payload
2024-02-02,Payload delivery,sha256,3a43bfa97c8b40fe49f8a2532da159f9d470a3e03c9be69d2329c8afb486f7ea,Malware payload
2024-02-02,Payload delivery,tlsh,t153f3ae201685c031d16334b69b1ad3b24e7abc762253addf5fd758b15f38ae1e2283,
2024-02-02,Payload delivery,ssdeep,3072:qy+w6yR8xPBcykKfGfyw3vKhVR6SaWbR6QrjnCy9n5T1mtLoVPp:1+KR8x9unShFR6QrjnCAn5EtMVPp,
2024-02-02,Other,size-in-bytes,167904,
2024-02-02,Payload delivery,mime-type,application/x-dosexec,
2024-02-02,Payload delivery,md5,9394baec6b8246e9f6c27303ae6a9e55,Malware payload
2024-02-02,Payload delivery,sha256,fe887b46e1b81f3d14e288879e78288d3fc0818e88f935f2897cc85292c283ad,Malware payload
2024-02-02,Payload delivery,tlsh,t13ca1b76736554cbcc624c7ea94e23e47576d0073a1d4ec24a8ac5f5c94ee8f143bea,
2024-02-02,Payload delivery,ssdeep,48:Yxg3SPhJSPdqKkY7EbnlUQl2yRifk/n0+aWblFDF4w0biYtXqlNBT2Hp9Wt0mUxs:QORkTaGuIT49YMG1veKAQP,
2024-02-02,Other,size-in-bytes,4841,
2024-02-02,Payload delivery,mime-type,application/json,
2024-02-02,Payload delivery,md5,e71a978acf28243f60a5db05681733ab,Malware payload
2024-02-02,Payload delivery,sha256,4cbfbad919dfdc4e9fec67e5f6503d517e6d271a7f6551071cdf7aeba7548468,Malware payload
2024-02-02,Payload delivery,tlsh,t13a91426625386d7cc658c5ca98fc3d4f567d005bf2609c14a6dd8e0ae2ff1f283a65,
2024-02-02,Payload delivery,ssdeep,96:eyLY1rkYOhDH5R0DWfrfT594ds1Y7g1vUreHTMsgiFEEj6JeR:eyLY1QThr5RIWfrt94ds1Y7FrezMsgiL,
2024-02-02,Other,size-in-bytes,4614,
2024-02-02,Payload delivery,mime-type,application/json,
2024-02-02,Payload delivery,md5,d8bd0013999a05198e123710e4406e35,Malware payload
2024-02-02,Payload delivery,sha256,c6cc235ac82579ded2f1ba213f63e0a1943d542d080f61c38b12711a7f15cc95,Malware payload
2024-02-02,Payload delivery,tlsh,t13b91317662180c7e863482c6a4557ad767be0267a094ac28a8fd4f4ca6ef1f205b69,
2024-02-02,Payload delivery,ssdeep,48:YxCDt2fbZkvnY+Cs+DF4w0nltXPSjeUT2Gp9WnTUd81vdE7b/KcRezbC3wxioorA:wbZknCs+w/05TH9I681vdEHAbpZc0SO,
2024-02-02,Other,size-in-bytes,4237,
2024-02-02,Payload delivery,mime-type,application/json,
2024-02-02,Payload delivery,md5,37b304b5047e0ab7866fb46788348f17,Malware payload
2024-02-02,Payload delivery,sha256,b23a0a86d7f0d5c3737ebe709da9aa569054c477fd2291bbd7ee37ab164395d9,Malware payload
2024-02-02,Payload delivery,tlsh,t158b533c06c7a165ad8275775d2272723ae1f8d9363d1930cad2ff566d33c932388ae,
2024-02-02,Payload delivery,imphash,baa93d47220682c04d92f7797d9224ce,
2024-02-02,Payload delivery,ssdeep,49152:CKbwXSkojBai4VFhqzDKCLMJdxbYUHfZBreAFKDmdi7:CKbYsdKhOzLMJLYIBLFPA7,
2024-02-02,Other,size-in-bytes,2359808,
2024-02-02,Payload delivery,mime-type,application/x-dosexec,
2024-02-02,Payload delivery,md5,737124517eb91dfa7a9485f48b8037df,Malware payload (RedLineStealer)
2024-02-02,Payload delivery,sha256,20f0e8a097045b1eb9a3576b0e5f6bd26469fe651de81dbf743d2131225697fe,Malware payload (RedLineStealer)
2024-02-02,Payload delivery,tlsh,t1edb4121079f2c232f5f655f4987986949d3fbcbb46b4418f3269339b28a32814e717,
2024-02-02,Payload delivery,imphash,c33a7b4022bd29f9ba900fe89020dcf9,
2024-02-02,Payload delivery,ssdeep,12288:6cngh2VSxfnm2CRZSeJK6OZqzXq1Lzv2HcV8Y7OWPKeLT1:yxf8HbzgLzvw68Y7Pyef1,
2024-02-02,Other,size-in-bytes,526848,
2024-02-02,Payload delivery,mime-type,application/x-dosexec,
2024-02-02,Payload delivery,md5,e1b92a805cb4bf2f9178db72b561324d,Malware payload (Amadey)
2024-02-02,Payload delivery,sha256,5cd229e6d3c05fc7b660701220242f5e8fb2240ec74d908bf0984d0e1df042f6,Malware payload (Amadey)
2024-02-02,Payload delivery,tlsh,t16c04df50faf1c032e6f3857468b8d5a49e3ffc2666a2409f36543b2f2e312c15a653,
2024-02-02,Payload delivery,imphash,c33a7b4022bd29f9ba900fe89020dcf9,
2024-02-02,Payload delivery,ssdeep,3072:64tL2vwrYxl8NitcgmxMig9V5hA6b5tQZ6zbYkaPkbcSK5kkx6TN45:6GLews0DxMiGy61tS6otP0k7,
2024-02-02,Other,size-in-bytes,176128,
2024-02-02,Payload delivery,mime-type,application/x-dosexec,
2024-02-02,Payload delivery,md5,becc86b25ec459bc2be6d5afc68f3b37,Malware payload (BumbleBee)
2024-02-02,Payload delivery,sha256,1796bea092605e1b0e192414431379b4525cda0fc909053c6f9510187c8211c7,Malware payload (BumbleBee)
2024-02-02,Payload delivery,tlsh,t17245e011e2921ff5d47792b680ab252fb7307e184325d367abc0d2377d827e45b1aa,
2024-02-02,Payload delivery,imphash,47e01530ad43ec939d1c47709a80a5c6,
2024-02-02,Payload delivery,ssdeep,24576:OSqXRxnyx/JQw1Gj4Q68Z9Op8Ve6V7dkiVEYJFqpQHTbBsrSOJra7M5oR:O5I3EU+sWVdV7dk6US4ag2R,
2024-02-02,Other,size-in-bytes,1223685,
2024-02-02,Payload delivery,mime-type,application/x-dosexec,
2024-02-02,Payload delivery,md5,5aaf84e27d4e4d7162be0b5d01aa2f98,Malware payload
2024-02-02,Payload delivery,sha256,122dcaa7922d1debcbf260f35131adbba116bf63739657be9cfb340d136176b4,Malware payload
2024-02-02,Payload delivery,tlsh,t166941251b6e2c737f6b785706c35dad0662bbcab23a4489f7095771b2e731c188a07,
2024-02-02,Payload delivery,imphash,c33a7b4022bd29f9ba900fe89020dcf9,
2024-02-02,Payload delivery,ssdeep,12288:HM4Wfkfme36XE9I/+HPjfn/KrEbBd470cMT:R7b3MEy/+HP7n/IUn470V,
2024-02-02,Other,size-in-bytes,417792,
2024-02-02,Payload delivery,mime-type,application/x-dosexec,
2024-02-02,Payload delivery,md5,3da4753948946f04702d56b76f260624,Malware payload (RiseProStealer)
2024-02-02,Payload delivery,sha256,982d1b833778d1f1b2f072566c495430bd4789e7717610414fb33429c3b2b724,Malware payload (RiseProStealer)
2024-02-02,Payload delivery,tlsh,t11d4533958a1be420c516a4b4158111ef37ecafb862486f58278f83653e758af331fd,
2024-02-02,Payload delivery,imphash,5ab723dc8d5af21b79dc301ed6a56a64,
2024-02-02,Payload delivery,ssdeep,24576:w9dUp6LcW6nyyhZMWIkfTwQ4yEvO64ZoXo0HymxOK4xSvjqW:w9WWXeEDEln64G7SmISx,
2024-02-02,Other,size-in-bytes,1195520,
2024-02-02,Payload delivery,mime-type,application/x-dosexec,
2024-02-02,Payload delivery,md5,0a666ed7bb1f77bdc9aa48e7fec578cb,Malware payload
2024-02-02,Payload delivery,sha256,344cdfc176712e9355b8b4f63ef4e71ec344346f0c3d16b7e612f74d01de04df,Malware payload
2024-02-02,Payload delivery,tlsh,t1f3a187a715685cbccf14c7c785da3aab87ed005392a4ac14eded5f0c91ff8b502669,
2024-02-02,Payload delivery,ssdeep,48:Yxg3SPhJSPdqKkY7EbnlUQl2Ehpk6nYK+zobgDF4w0dM0tXcg/i2up9WXibUfi1O:QOekBtKCz93Ei1vnfY4OjJbP,
2024-02-02,Other,size-in-bytes,4787,
2024-02-02,Payload delivery,mime-type,application/json,
2024-02-02,Payload delivery,md5,cc67781698bc85246a77df0ac316ba5b,Malware payload
2024-02-02,Payload delivery,sha256,d48c6ff837540eec480d934ac7a2672f47d93585ced1347862852dae9f0b2313,Malware payload
2024-02-02,Payload delivery,tlsh,t17d91b6b7162d4cadca1487d385903b87567f4167e0849e68b9fc8f0ce0fe1f91136a,
2024-02-02,Payload delivery,ssdeep,48:Yx5AvwlYYwdKbsJkmnh+0DFU0omOtXxR23p9WtY2UKJ1vybaKqRrC3wxioinyrSY:YAvwlukv0S7U9/2FJ1vu8inyrhrIE,
2024-02-02,Other,size-in-bytes,4323,
2024-02-02,Payload delivery,mime-type,application/json,
2024-02-02,Payload delivery,md5,30f7a77575ac55176ccb68030933ca86,Malware payload
2024-02-02,Payload delivery,sha256,7474bacc5101830f8fb3d47fbf74ef8c34cb74ef6751e3cc8c9641f5ff8ebff3,Malware payload
2024-02-02,Payload delivery,tlsh,t112a1749b11692cbcc714c7d699d93f9797ed0053a298ac18bcad5f0c92ff8b203659,
2024-02-02,Payload delivery,ssdeep,48:Yxg3SPhJSPdqKkY7EbnlUQl2/Jhpk6nYK+z9SPmDF4w0dM0tXDSPGo2up9WvseNv:QOLkBIeKezz9EEEi1vZhYE2fddP,
2024-02-02,Other,size-in-bytes,4940,
2024-02-02,Payload delivery,mime-type,application/json,
2024-02-02,Payload delivery,md5,dc65de7465f77e7cf75ae51c6585ccc8,Malware payload
2024-02-02,Payload delivery,sha256,558cda0208a8c8f2cde2e4ce18345fae12364a70392b3086a3efdef56bf4c942,Malware payload
2024-02-02,Payload delivery,tlsh,t122a1849732554cbc8b248bea94e63eab47ad0063a094dc14a5ed4f5c91ff8f2027ad,
2024-02-02,Payload delivery,ssdeep,48:Yxg3SPhJSPdqKkY7EbnlUQl22Rifk/n0+aWHbgDF4w0biYtXcgFi2Hp9WoibUxGN:QOFkTaRug49KMG1v5vA6ZS+,
2024-02-02,Other,size-in-bytes,4770,
2024-02-02,Payload delivery,mime-type,application/json,
2024-02-02,Payload delivery,md5,62e75b2642066064084d5aa06e50a6d2,Malware payload
2024-02-02,Payload delivery,sha256,2c1c4bcb6ec4e98f6a1a403ab91b2aa898830171a3190c7df1983689e8e21229,Malware payload
2024-02-02,Payload delivery,tlsh,t139a1c8ab31664cbcca1487ea98d53e8b576d01b3a194ec14b9ec5f4c91ff8f1037a9,
2024-02-02,Payload delivery,ssdeep,48:Yxg3SPhJSPdqKkY7EbnlUQl2sRifk/n0+aW0DF4w0biYtXnR2Hp9WO8ZUxG1v+bX:QOHkTa1uh49AMG1vSmAGMBcY,
2024-02-02,Other,size-in-bytes,4856,
2024-02-02,Payload delivery,mime-type,application/json,
2024-02-02,Payload delivery,md5,0e1ac32e5329b18fa14ba1c09033d30b,Malware payload
2024-02-02,Payload delivery,sha256,d9b6362aee3581ae92a9bddc683f87d9c76ba4cc3f50daf0bd0fb5f45480cecf,Malware payload
2024-02-02,Payload delivery,tlsh,t1b091a4b716284cbc8a248bd3a9943bd7477f4167e0849d68f9a88f08e0ff1f51136b,
2024-02-02,Payload delivery,ssdeep,96:YAvwl0kvQISnya0o9HT2FJ1vltPBi2Un0nE:YAv6Xo9z2FBi2UnUE,
2024-02-02,Other,size-in-bytes,4329,
2024-02-02,Payload delivery,mime-type,application/json,
2024-02-02,Payload delivery,md5,eac194e5b3002f5b07dbe91c5faebddd,Malware payload
2024-02-02,Payload delivery,sha256,db9d04506547047b9d8ee7a156f0c9ac5a92545d64a6c585ceb53eea062246c1,Malware payload
2024-02-02,Payload delivery,tlsh,t199915526251c0cbdc7384b92a05c7ad7a7ae026790c4fd2888bd5f4cb5ff2b141769,
2024-02-02,Payload delivery,ssdeep,96:jjYekxq8pVFawTH9o2nTv71vzhHtsIZhf2iWxR+:jjYvguFaA9o2nbdhNsIrf2iyR+,
2024-02-02,Other,size-in-bytes,4215,
2024-02-02,Payload delivery,mime-type,application/json,
2024-02-02,Payload delivery,md5,b682d45e23a0ee0b921f36509cc5249b,Malware payload
2024-02-02,Payload delivery,sha256,7ebb89de1323b2fde4420b6509a7897a7c2966377a20b238ca37916aa2d37ad8,Malware payload
2024-02-02,Payload delivery,tlsh,t1e19195e6b1155eb8c51fc5ea56a939cecabd001390345c6ce5ae4b0b88fe1b51363d,
2024-02-02,Payload delivery,ssdeep,96:XGt9k0yan4wgaBSQcsTN9+BMOy0G1vRctHsz9UAeGsUVXr:d0049rVGmlsW,
2024-02-02,Other,size-in-bytes,4529,
2024-02-02,Payload delivery,mime-type,application/json,
2024-02-02,Payload delivery,md5,3435c9244bf434dea0e518f3084705c7,Malware payload
2024-02-02,Payload delivery,sha256,713eba7e3d69223984fa51312a6b2e7865d82c04d0efcdb9bc19232406673250,Malware payload
2024-02-02,Payload delivery,tlsh,t17ca1a7ab15695cbccb24c7c695c63e8357ed0013a2e4ad14eced5f0c91fe8b1427aa,
2024-02-02,Payload delivery,ssdeep,48:Yxg3SPhJSPdqKkY7EbnlUQl2ohpk6nYK+zMlFDF4w0dM0tXqlNjT2up9WMTv0mUp:QO+kB6KoTz9DEi1vgQYlTnx1P,
2024-02-02,Other,size-in-bytes,4850,
2024-02-02,Payload delivery,mime-type,application/json,
2024-02-02,Payload delivery,md5,4092949b09a5ed9ebec550258f5857c4,Malware payload
2024-02-02,Payload delivery,sha256,e7276aea34333b4477a3fbedce4e3abb2ed7f75c42a150673989cbd04f7df8e7,Malware payload
2024-02-02,Payload delivery,tlsh,t1e9b533e5287e39e9d063db72422e81188d4fbd1b5461d93a7890f91a63fe777dc82c,
2024-02-02,Payload delivery,imphash,baa93d47220682c04d92f7797d9224ce,
2024-02-02,Payload delivery,ssdeep,49152:8BnidZy+PuOhD2KBkuKkMEMozBJmZC9KnCGRA0:8BiG+jMKekntYZaLH,
2024-02-02,Other,size-in-bytes,2370048,
2024-02-02,Payload delivery,mime-type,application/x-dosexec,
2024-02-02,Payload delivery,md5,53705b454f729e94a53e32edc04cf1ab,Malware payload
2024-02-02,Payload delivery,sha256,fdc54cdd5190dc39b6e492ba561ad7bc1799b91cd4a03338db274f0e0c7f51ba,Malware payload
2024-02-02,Payload delivery,tlsh,t12fa174eb65691cbcca25c7c294d93b8797fc011352a4ec28ac9c6b0cd3ff97152669,
2024-02-02,Payload delivery,ssdeep,48:Yxg3SPhJSPdqKkY7EbnlUQl2+hpk6nYK+z1DF4w0dM0tXnGbZ2up9WSgyUfi1vU4:QOYkBhKWbZz9BEi1vUb8pbbY7w3pP,
2024-02-02,Other,size-in-bytes,5033,
2024-02-02,Payload delivery,mime-type,application/json,
2024-02-02,Payload delivery,md5,e9c9e4bfbb0c91a3163ecf5c9bd81748,Malware payload
2024-02-02,Payload delivery,sha256,e736127684167bc5d575fbdcef04979992e2910285485453f5e2c0f2b88ada29,Malware payload
2024-02-02,Payload delivery,tlsh,t1f791646a26085dbdcb9496d3e4843ac7d76f0453e194ed28e8fd8b08a1ff1f10276a,
2024-02-02,Payload delivery,ssdeep,48:YxY6wmdlpkofn16Ru+FvDF4w0NhtXpk2Kp9Wo6sUHs1vFbvKzRteU3wxioorbGwu:mpkocRtxYyH97Ss1vdTHWjYx,
2024-02-02,Other,size-in-bytes,4403,
2024-02-02,Payload delivery,mime-type,application/json,
2024-02-02,Payload delivery,md5,af727725af5d97f75934a9d1824f8162,Malware payload (Healer)
2024-02-02,Payload delivery,sha256,b063166a2c361096dc9f874aab956b16e6509148f11b082a8cc84f940925d4cd,Malware payload (Healer)
2024-02-02,Payload delivery,tlsh,t10cd4233443559a15c02be9b95a9cc084dd2cb4ae198d4b3a1e6f59e00379a9f637bc,
2024-02-02,Payload delivery,imphash,436f7e4bc6bece183fb5bacd9f2ff7d3,
2024-02-02,Payload delivery,ssdeep,12288:Yo7YNQvN2K3yd9ids0JKpKyVPJccKe37iOM6+gjA8avOsQeP3MO:ZwQvN2K3yWds0JkKyVBcze09f8aW2,
2024-02-02,Other,size-in-bytes,617472,
2024-02-02,Payload delivery,mime-type,application/x-dosexec,
2024-02-02,Payload delivery,md5,f995eae86e636ee85f47eed68d6a1ff7,Malware payload
2024-02-02,Payload delivery,sha256,72771e1a296df5c0953d5c7a933acd2d56fe5fc3a28a1992c3a946b5ff8ad20e,Malware payload
2024-02-02,Payload delivery,tlsh,t1e0a1a7ab11681cbc8714c7d255d93a8787ed0153a2a8ad18fced5f0c82ff4b603669,
2024-02-02,Payload delivery,ssdeep,48:Yxg3SPhJSPdqKkY7EbnlUQl2ghpk6nYK+zebDF4w0dM0tX8r82bp9WG9sYUfi1v2:QOGkBAKpg9nEi1v1/YHqQP,
2024-02-02,Other,size-in-bytes,4971,
2024-02-02,Payload delivery,mime-type,application/json,
2024-02-02,Payload delivery,md5,d04054ad3c1fc5557f931d7c2c55250e,Malware payload (Socks5Systemz)
2024-02-02,Payload delivery,sha256,0eb4203e3927b328a8daea1f87db92d58940249f70c26c346602c63ad03a880b,Malware payload (Socks5Systemz)
2024-02-02,Payload delivery,tlsh,t1fd563303c03105f8c7a58ab2a8ace0881771397281255508746bfe6bda7f9657e7ef,
2024-02-02,Payload delivery,imphash,884310b1928934402ea6fec1dbd3cf5e,
2024-02-02,Payload delivery,ssdeep,196608:54w12YwAz7DFc7AkgUkqQ0g3QVwn0DLt3b3:54dYFz7DFqfqQVG0t3b3,
2024-02-02,Other,size-in-bytes,6395183,
2024-02-02,Payload delivery,mime-type,application/x-dosexec,
2024-02-02,Payload delivery,md5,410b98a5b9591b99f492a95a3496530d,Malware payload
2024-02-02,Payload delivery,sha256,6b55907c350fd01a46ed1a8e120280a0b9fbba90503ba8b82e246f7b1ac75e10,Malware payload
2024-02-02,Payload delivery,tlsh,t168159e0273d1c062ffab92334b5af6515bbc69260123e61f13981db9be701b1563e7,
2024-02-02,Payload delivery,imphash,948cc502fe9226992dce9417f952fce3,
2024-02-02,Payload delivery,ssdeep,12288:vqDEvFo+yo4DdbbMWu/jrQu4M9lBAlKhQcDGB3cuBNGE6iOrpfe4JdaDgaST3W:vqDEvCTbMWu7rQYlBQcBiT6rprG8ayG,
2024-02-02,Other,size-in-bytes,918528,
2024-02-02,Payload delivery,mime-type,application/x-dosexec,
2024-02-02,Payload delivery,md5,09ce4ebcfce55528ecc0799e1b8add9f,Malware payload
2024-02-02,Payload delivery,sha256,856f35e7d204ae10503897403fc92f66f93ac68850e155360dd05d91889774ff,Malware payload
2024-02-02,Payload delivery,tlsh,t168a1a6ab31554cbcc624c7ea94e23e8757ad00b3a194ec14e8ac4f5c95ee8f1037ea,
2024-02-02,Payload delivery,ssdeep,48:Yxg3SPhJSPdqKkY7EbnlUQl21GRifk/n0+aWblFDF4w0biYtXqlNBT2Hp9Wt0mUx:QOrkTaGuIT49YMG1veKAR97,
2024-02-02,Other,size-in-bytes,4831,
2024-02-02,Payload delivery,mime-type,application/json,
2024-02-02,Payload delivery,md5,6a52abb6b47851c3c65fa326fccf7041,Malware payload (RiseProStealer)
2024-02-02,Payload delivery,sha256,534b709ecee1dee71145ab9df4065d78b50ea4a6d1b394b62b8f5db8f3f00a21,Malware payload (RiseProStealer)
2024-02-02,Payload delivery,tlsh,t1da4533bb83a65401eb3deff178854518bab4ac68908c8313366753d21e59a7cfb4f3,
2024-02-02,Payload delivery,imphash,5ab723dc8d5af21b79dc301ed6a56a64,
2024-02-02,Payload delivery,ssdeep,24576:D5zFmxtcj7ITIZUw11d7f97Fth8Wu/wQRz+8IdUB/9kL8tn:D5zAtcjcTRYF7C3/lRYdE9kA,
2024-02-02,Other,size-in-bytes,1195520,
2024-02-02,Payload delivery,mime-type,application/x-dosexec,
2024-02-02,Payload delivery,md5,bc80331bbbfb9b37f93fd8a416e327a8,Malware payload
2024-02-02,Payload delivery,sha256,32043483ad60649b291dded22f0aab57862878fe1ae20e03cbd4a7428a879ec1,Malware payload
2024-02-02,Payload delivery,tlsh,t1d041dd7ccf29f8e0033db0a088492e2620949e57d6f58e24d9574ee62d7c30acf1b1,
2024-02-02,Payload delivery,ssdeep,48:LGfEFWuJqs9HZNjd+SfprcKyK0hE6S1FtfsC5P3RX5ZWiaoIhSNtF:LGfEFW87jd+Sfpbaq6S1FtfsC5P39Efk,
2024-02-02,Other,size-in-bytes,2219,
2024-02-02,Payload delivery,mime-type,text/plain,
2024-02-02,Payload delivery,md5,a2a1e0a64c0eba42cf93697473c290c5,Malware payload
2024-02-02,Payload delivery,sha256,f054c0d329c9560189b3927cd1aa3c3c02c259e3d6c1a5828e43e8729d0ed3e2,Malware payload
2024-02-02,Payload delivery,tlsh,t1c591d8b715284cacca1487d791903bd7567f4167f0849e28f9bd8f0ce0fe1b51136a,
2024-02-02,Payload delivery,ssdeep,48:Yx5AvwlYYwYxKbsJkmnh+0DFU0omOtXxR23p9WtY2UKJ1vybaKqRrC3wxioiKqzM:YAvwlNXkv0S7U9/2FJ1vu8iKqcaE,
2024-02-02,Other,size-in-bytes,4333,
2024-02-02,Payload delivery,mime-type,application/json,
2024-02-02,Payload delivery,md5,b4eb45a5d406250c820e801a746f56a8,Malware payload
2024-02-02,Payload delivery,sha256,3dc039c49f3c90e7a382428147bd2f68201f26a953eea815c88909070a3f8e2f,Malware payload
2024-02-02,Payload delivery,tlsh,t133a1a66f31561cbc861887eb98e13e8b97ad00a7b0d4ac18b8dd5f4896ff8f103759,
2024-02-02,Payload delivery,ssdeep,48:Yxg3SPhJSPdqKkY7EbnlUQl2eRifk/n0+aWKSPmDF4w0biYtXDSPGq2Hp9WcseNu:QOZkTaUeuef49VEMG1vHRAqwGt,
2024-02-02,Other,size-in-bytes,4922,
2024-02-02,Payload delivery,mime-type,application/json,
2024-02-02,Payload delivery,md5,c54d590b4750e4fbeab0d0b392acab45,Malware payload
2024-02-02,Payload delivery,sha256,4ad65958fe5792c9a76da489684769f85138c9d524f403aff972df40e733028d,Malware payload
2024-02-02,Payload delivery,tlsh,t129a1969716685cbccf14c7d780da3aab87ed005392a8ac14eded5f0c91ff87502269,
2024-02-02,Payload delivery,ssdeep,48:Yxg3SPhJSPdqKkY7EbnlUQl2ohpk6nYK+zobgDF4w0dM0tXcg/i2up9WXibUfi17:QO6kBtKCz93Ei1vnfY2LUaEeNP,
2024-02-02,Other,size-in-bytes,4798,
2024-02-02,Payload delivery,mime-type,application/json,
2024-02-02,Payload delivery,md5,b40dd82c8ff6008b22c632f04a4b825f,Malware payload
2024-02-02,Payload delivery,sha256,adf7c4f8427dbb491734b978edef33af120c579ed61095e17ad7f657f13ae64e,Malware payload
2024-02-02,Payload delivery,tlsh,t198a185ab31560cbcc52987da94e53f8b57bc00a394d4ec28a49c5f5c96ff8f1437a9,
2024-02-02,Payload delivery,ssdeep,48:Yxg3SPhJSPdqKkY7EbnlUQl2lRifk/n0+aWCDF4w0biYtXnQbZ2Hp9WjyUxG1vCc:QOIkTa1uAbZ49bMG1vCb8vbJAZ85,
2024-02-02,Other,size-in-bytes,5015,
2024-02-02,Payload delivery,mime-type,application/json,
2024-02-02,Payload delivery,md5,1fadbff86cb9134fb854b5407cdf8abd,Malware payload (RiseProStealer)
2024-02-02,Payload delivery,sha256,dbf3ddf7303cc31626122ece4835d66564ca3e913b1417e92a71f4928ccd9ede,Malware payload (RiseProStealer)
2024-02-02,Payload delivery,tlsh,t1114533f5167b1524f18192f6420847a22cecfee8c640a516d72fa9971c781ed238fe,
2024-02-02,Payload delivery,imphash,5ab723dc8d5af21b79dc301ed6a56a64,
2024-02-02,Payload delivery,ssdeep,24576:WCkje5oqRTlKtuwQSBaWnBCqzV6Xmx8/3:XkmF5KclSBaWntcXm4,
2024-02-02,Other,size-in-bytes,1195008,
2024-02-02,Payload delivery,mime-type,application/x-dosexec,
2024-02-02,Payload delivery,md5,90bec86542417ab42ac85ea61fab49f1,Malware payload (Amadey)
2024-02-02,Payload delivery,sha256,4740f3d6addd39c3db42e52d079c6282f84977b5e0a83d0201d1506df93a53c1,Malware payload (Amadey)
2024-02-02,Payload delivery,tlsh,t1f905238d0f154604e462b9f018c227a9abec7efd610d5a5a36cf19568e28ddd9f03b,
2024-02-02,Payload delivery,imphash,7515ecf8c0dfa4d230ad835fe0acb57f,
2024-02-02,Payload delivery,ssdeep,12288:NOFiY7f/q8wNgnuo7YNQ1l2YcKify3iwUeN+90QjUW1JRkaTT0b1B0uxU:/f8wNgnHwQysiK3T3N+9aGLTT0b7x,
2024-02-02,Other,size-in-bytes,812032,
2024-02-02,Payload delivery,mime-type,application/x-dosexec,
2024-02-02,Payload delivery,md5,30bcc0b182a362125376a56ed518e343,Malware payload
2024-02-02,Payload delivery,sha256,8dbfbc92b96abf74227737a10e4f56761aa65bc05ca7b4159d21866ccc3beb85,Malware payload
2024-02-02,Payload delivery,tlsh,t1a8a1a5ab32550cbc86248be694e13e8b47ad0163a0d4ed24f4ad4f4c85ff8f5037a9,
2024-02-02,Payload delivery,ssdeep,48:Yxg3SPhJSPdqKkY7EbnlUQl2bRifk/n0+aW/bDF4w0biYtX8rG2xp9WoKsYUxG1Q:QOykTakuNe9yMG1vbDAKLk,
2024-02-02,Other,size-in-bytes,4953,
2024-02-02,Payload delivery,mime-type,application/json,
2024-02-02,Payload delivery,md5,0b881df1863ca165a4388efa445d0525,Malware payload
2024-02-02,Payload delivery,sha256,d23e27aac40995b4506775dd2f4b1c28fcd71345ff08230e064768ddbf35d9ff,Malware payload
2024-02-02,Payload delivery,tlsh,t1b291652562140cbe8628869be0447bb35bee05a391d4ec28c4be5f5cb1ff6f110769,
2024-02-02,Payload delivery,ssdeep,96:zOzOx+km7O8ZlOFKiwTH9DnT71vfihHxisoZ5bpnjPn4+:pPHKT9TTx+RJoDdnj/3,
2024-02-02,Other,size-in-bytes,4262,
2024-02-02,Payload delivery,mime-type,application/json,
2024-02-02,Payload delivery,md5,aa2fa9611595178d54afd27dab4b31d9,Malware payload
2024-02-02,Payload delivery,sha256,ba5bc985c539f186b7c795d1f7e64c78bbf6dd5820787519a86dcf4251471ad9,Malware payload
2024-02-02,Payload delivery,tlsh,t15d91747262180d7e863482d7b4557ad367be0267a1d4ac28a8bd4f0cb7ff1f205b69,
2024-02-02,Payload delivery,ssdeep,96:qbZknCs+w/05TH9I681vdEHAbpZcFu3ybO:qb21R0B9I6KEgbp+FuybO,
2024-02-02,Other,size-in-bytes,4248,
2024-02-02,Payload delivery,mime-type,application/json,
2024-02-02,Payload delivery,md5,f5c95da5b92be50eae4b8b2e27c5cf0a,Malware payload
2024-02-02,Payload delivery,sha256,aa2071c471656bb489da1896213246492e0241ca27dc3f6cfcae7b43781b931c,Malware payload
2024-02-02,Payload delivery,tlsh,t1ef91669a27095dbdca5496e3d5843ad7876e0493b094ed2ce8fd9f08e1ef1f00276a,
2024-02-02,Payload delivery,ssdeep,48:YxY6wMdlpkofn16Ru+FkDFU0NhtXeV2Qp9We6T2UHs1vibvKqRteU3wxioLguUTN:0pkocRtG9U/9K2Ss1veiHLsMMx,
2024-02-02,Other,size-in-bytes,4274,
2024-02-02,Payload delivery,mime-type,application/json,
2024-02-02,Payload delivery,md5,3069c4bf6967bea8b3d5271a794f2aa8,Malware payload
2024-02-02,Payload delivery,sha256,9aec91a4a3cc8847ffe368ea3395e86c6d11bfa2ce76efcfce2e34adb5ad5087,Malware payload
2024-02-02,Payload delivery,tlsh,t157a1a4ab15295cbccb14c7c295c93a8793ed015393a8ec14fcad6f0c82ef8b102669,
2024-02-02,Payload delivery,ssdeep,48:Yxg3SPhJSPdqKkY7EbnlUQl2qhpk6nYK+z1DF4w0dM0tXnT2up9WSFo8ZUfi1vA8:QOEkB5KDz9vLEi1vYYY7DZV0P,
2024-02-02,Other,size-in-bytes,4874,
2024-02-02,Payload delivery,mime-type,application/json,
2024-02-02,Payload delivery,md5,0b672453827d370bb0580e43d8bf0572,Malware payload
2024-02-02,Payload delivery,sha256,f41321761c64f96a92294417ac6292b7e964e74b8787cdd75a8f22d9c98e48cc,Malware payload
2024-02-02,Payload delivery,tlsh,t13391749a26095dbcca4497d3e9803ad7876e0093b1a8dd2cd4fcdf08e1ef1f04276a,
2024-02-02,Payload delivery,ssdeep,96:dnpkocRtp9hEA9Sr2Ss1vhPMeHL/nzuqx:dnG/79y2SmUeHL/nzzx,
2024-02-02,Other,size-in-bytes,4274,
2024-02-02,Payload delivery,mime-type,application/json,
2024-02-02,Payload delivery,md5,06bc9726d373f70344568480329ca540,Malware payload
2024-02-02,Payload delivery,sha256,9d19882f1d5e476053c38a2c8187d8c7e431a4e837c5af4bcc4cfa057f3372d6,Malware payload
2024-02-02,Payload delivery,tlsh,t14991415619385c7dc65885ca98fc3d4e577e005bf1609c18a6dd8f0ae2ff1f283a66,
2024-02-02,Payload delivery,ssdeep,96:ey4rkYOhDH5R0DWfrfT594ds1Y7g1vUreHTMsgiFE/ASZJeR:ey4QThr5RIWfrt94ds1Y7FrezMsgiFEK,
2024-02-02,Other,size-in-bytes,4614,
2024-02-02,Payload delivery,mime-type,application/json,
2024-02-02,Payload delivery,md5,a0e893f6bde37d4bd036f4b0f91d4f63,Malware payload (BumbleBee)
2024-02-02,Payload delivery,sha256,0902f5b229fdb726b906a56131cbfaf9884f247ed26ac48c4815da448b0c2e7b,Malware payload (BumbleBee)
2024-02-02,Payload delivery,tlsh,t1aa45e021e6921ff4d477817681ab263bbb307e580324d3b7a7c0d3377d927a45b266,
2024-02-02,Payload delivery,imphash,47e01530ad43ec939d1c47709a80a5c6,
2024-02-02,Payload delivery,ssdeep,24576:SxOU/7+LUu4af1WAiwdwjUWHWQuONnh7AC2Dq+FRPa8DacrDSN:YKVvxa4s0HBaciN,
2024-02-02,Other,size-in-bytes,1223182,
2024-02-02,Payload delivery,mime-type,application/x-dosexec,
2024-02-02,Payload delivery,md5,d40de0e83c2d52d84a46662770d99987,Malware payload
2024-02-02,Payload delivery,sha256,89fbc366125b6f935622c7ef26b91315f5069f1f75b0acb0584a9fb9d49b5672,Malware payload
2024-02-02,Payload delivery,tlsh,t14ea174ab31550cacc62987da94e53f8b87bc00635594dc28b49c9f5c96ff8f1437ad,
2024-02-02,Payload delivery,ssdeep,48:Yxg3SPhJSPdqKkY7EbnlUQl28Rifk/n0+aWCDF4w0biYtXnQbZ2Hp9WjyUxG1vCA:QOvkTa1uAbZ49bMG1vCb8vbJAH7q,
2024-02-02,Other,size-in-bytes,5015,
2024-02-02,Payload delivery,mime-type,application/json,
2024-02-02,Payload delivery,md5,54643cb9f216fd81073be63ff88497b2,Malware payload
2024-02-02,Payload delivery,sha256,d61875400b2efa035166e541b0c8a93b07ef7d5fc678a1487d71c5a2f3335d89,Malware payload
2024-02-02,Payload delivery,tlsh,t1bfa184eb65291cbcca29c7c690d93b8797fc011352a4ec28a8ac5b0c83ff57153669,
2024-02-02,Payload delivery,ssdeep,48:Yxg3SPhJSPdqKkY7EbnlUQl2phpk6nYK+z1DF4w0dM0tXnGbZ2up9WSgyUfi1vUN:QObkBhKWbZz9BEi1vUb8pbbYMOLXP,
2024-02-02,Other,size-in-bytes,5021,
2024-02-02,Payload delivery,mime-type,application/json,
2024-02-02,Payload delivery,md5,142a689f19f679ca351ad8202f5d081b,Malware payload
2024-02-02,Payload delivery,sha256,58f3ae4974a4e61cae6baee96f2813928ad806e2da6636bccf536670b1e7b9f7,Malware payload
2024-02-02,Payload delivery,tlsh,t16891522629385c7cc758c5ca98fc3d8e567e105bf1649c14a6ee8e0ae2ff1f183a65,
2024-02-02,Payload delivery,ssdeep,96:eytrkYOhDH5R0DWfrfT594ds1Y7g1vUreHTMsgiFE91rqRQJeR:eytQThr5RIWfrt94ds1Y7FrezMsgiFE6,
2024-02-02,Other,size-in-bytes,4614,
2024-02-02,Payload delivery,mime-type,application/json,
2024-02-02,Payload delivery,md5,e2cb963e15cc62503a132c2e10ec9313,Malware payload
2024-02-02,Payload delivery,sha256,cae3b3949010b4aa855b92d65e35843f185a9110837c3adc213a27d53586c4f4,Malware payload
2024-02-02,Payload delivery,tlsh,t1f091b4b7162c4cacca2487d7d5903b87566f4567f0849e28b9e88f0890ff1b91137a,
2024-02-02,Payload delivery,ssdeep,48:Yx5AvwlYYwNkKbsJkmnh+0DFU0omOtXxR23p9WtY2UKJ1vybaKqRrC3wxioiz8V1:YAvwl+ykv0S7U9/2FJ1vu8iz8pqDE,
2024-02-02,Other,size-in-bytes,4323,
2024-02-02,Payload delivery,mime-type,application/json,
2024-02-02,Payload delivery,md5,dee71f06c396b9dc8d760788bc4262a2,Malware payload (Healer)
2024-02-02,Payload delivery,sha256,1cd46a66d14e3160aea303da799c2ff7e5ca79d75cb214b39e77af8a977efd6c,Malware payload (Healer)
2024-02-02,Payload delivery,tlsh,t150d423fd6113e6c1c2102670a2d662bd84adb4bf93c96a5c58bf3ba24d7508c77933,
2024-02-02,Payload delivery,imphash,436f7e4bc6bece183fb5bacd9f2ff7d3,
2024-02-02,Payload delivery,ssdeep,12288:mo7YNQ+BeW8/LViyIakQz15bbPicoXPLJ+LkJanSr3/35el0bZIbIVMDF:vwQLiyIakELqconJanQ3v0lgVMD,
2024-02-02,Other,size-in-bytes,617984,
2024-02-02,Payload delivery,mime-type,application/x-dosexec,
2024-02-02,Payload delivery,md5,226510c5e438d94e8f7a6b40271fbc91,Malware payload
2024-02-02,Payload delivery,sha256,29df670ac3517e9a2e233acc131e5ba6baa66530e0c36ec2872821ce50cf49ae,Malware payload
2024-02-02,Payload delivery,tlsh,t12591535a26085dbdcb9496d3e4803ad7d76e1053a194ee38a4bddf08a1ff1f10276a,
2024-02-02,Payload delivery,ssdeep,48:YxY6wShdlpkofn16Ru+FvDF4w0NhtXpk2Kp9Wo6sUHs1vFbvKzRteU3wxioorbcg:ApkocRtxYyH97Ss1vdTHWcEEE7x,
2024-02-02,Other,size-in-bytes,4403,
2024-02-02,Payload delivery,mime-type,application/json,
2024-02-02,Payload delivery,md5,62ebad3832f87eefa8bc86b0ad46b1c8,Malware payload
2024-02-02,Payload delivery,sha256,5b258a5f3735c97c358c56de2616162d63a12d749b22f23c3c44400ef574c116,Malware payload
2024-02-02,Payload delivery,tlsh,t1d9a1a79b36550cbc862487e695e13e8b47ad0063a0d4ed28f4ed4f4c85ff8f5037a9,
2024-02-02,Payload delivery,ssdeep,48:Yxg3SPhJSPdqKkY7EbnlUQl2ZXRifk/n0+aW/bDF4w0biYtX8rG2xp9WoKsYUxGh:QO4kTakuNe9yMG1vbDAEwy3,
2024-02-02,Other,size-in-bytes,4953,
2024-02-02,Payload delivery,mime-type,application/json,
2024-02-02,Payload delivery,md5,7cf3e16c048c783b8e313aec64e02165,Malware payload
2024-02-02,Payload delivery,sha256,dea9f2c163d9266711be190e6eb5fbba0b46ec2e37c12123f6984c3a3521b037,Malware payload
2024-02-02,Payload delivery,tlsh,t16d41dd7ccf29f8e0033db1a088492e2620949e57d6f58e24d9574ee62d7c20acf2b1,
2024-02-02,Payload delivery,ssdeep,48:LGfEFWuJqs9HZNjd+SfprcKyK0hE6S1FtfsC5P3RX5ZWiaoIhSNtQ:LGfEFW87jd+Sfpbaq6S1FtfsC5P39Efp,
2024-02-02,Other,size-in-bytes,2219,
2024-02-02,Payload delivery,mime-type,text/plain,
2024-02-02,Payload delivery,md5,c81058855c3415dcc66a4ffeeccedb11,Malware payload
2024-02-02,Payload delivery,sha256,758141aebf7dc3048ee984647bcf4f27349b7f20421ae16f905d590af9f3b4fd,Malware payload
2024-02-02,Payload delivery,tlsh,t181a1759b21692cbcc71487d699d93f8797ed0053a298ac18fded5f0c92ff8a103659,
2024-02-02,Payload delivery,ssdeep,48:Yxg3SPhJSPdqKkY7EbnlUQl2ghpk6nYK+z9SPmDF4w0dM0tXDSPGo2up9WvseNEv:QOKkBIeKezz9EEEi1vZhYOoKldP,
2024-02-02,Other,size-in-bytes,4940,
2024-02-02,Payload delivery,mime-type,application/json,
2024-02-02,Payload delivery,md5,4193c6ce9354f43b4a1a5431c903f75b,Malware payload
2024-02-02,Payload delivery,sha256,62a2e8c3a8113af7d2544e8c08378087e885a83ef400ff0a585052001dcbba19,Malware payload
2024-02-02,Payload delivery,tlsh,t1879185fbb0155eb8c51fc5ee96a938cecabd011390705c2ce5a94b0b88fe1b51363d,
2024-02-02,Payload delivery,ssdeep,96:XGZ9k0yan4wgaBSQcsTN9+BMOy0G1vRctHsz9UAeGvvsMVXr:x0049rVGmlXsO,
2024-02-02,Other,size-in-bytes,4539,
2024-02-02,Payload delivery,mime-type,application/json,
2024-02-02,Payload delivery,md5,80a36974544da3f3e5c3ed9a2ead415c,Malware payload
2024-02-02,Payload delivery,sha256,3f9b144329ec559ecbb0968d4df50f47b460f13310919c6de0686161b5b73532,Malware payload
2024-02-02,Payload delivery,tlsh,t16091a6b7152c0cbc9a2487d3ea943bd7867f4567e0849d68b9b88f0ce0fe1f11136a,
2024-02-02,Payload delivery,ssdeep,96:YAvwl/kvQISnya0o9HT2FJ1vltPBieOdGnE:YAvjXo9z2FBi1deE,
2024-02-02,Other,size-in-bytes,4329,
2024-02-02,Payload delivery,mime-type,application/json,
2024-02-02,Payload delivery,md5,b8db289e93fa9fa32f71b87ae89e5f76,Malware payload
2024-02-02,Payload delivery,sha256,3f4b00c77fa7d77a99f352c0e495a9b6c8b445a4ca102f9a6dfcaec5fd982f71,Malware payload
2024-02-02,Payload delivery,tlsh,t14aa63314f3851ef9f86e823d86a5d876a77374119764c68f4bb823700f039e2b436b,
2024-02-02,Payload delivery,imphash,1af6c885af093afc55142c2f1761dbe8,
2024-02-02,Payload delivery,ssdeep,196608:qhp8A7f5ion3dDTmLjv+bhqNVoQsSEsucjSEVIJHwa51PxRf0:c8a5ietyL+9qz5sSJHepHn5fRf,
2024-02-02,Other,size-in-bytes,10339766,
2024-02-02,Payload delivery,mime-type,application/x-dosexec,
2024-02-02,Payload delivery,md5,f5ff970a8936febffccba871da5a92e3,Malware payload
2024-02-02,Payload delivery,sha256,039243bc178fad38f7822a89b2dff6cb6aa38ce7922c9306b1dc7cd169e4f08c,Malware payload
2024-02-02,Payload delivery,tlsh,t1a391717122180c7d863482cbb4597ad367be0267a1d4ac28a8ed4f0ca7ff1f205b69,
2024-02-02,Payload delivery,ssdeep,96:3bZknCs+w/05TH9I681vdEHAbpZcwd5PO:3b21R0B9I6KEgbp+wd5PO,
2024-02-02,Other,size-in-bytes,4248,
2024-02-02,Payload delivery,mime-type,application/json,
2024-02-02,Payload delivery,md5,c78273062f7794c6b0c884be08f1cb6f,Malware payload
2024-02-02,Payload delivery,sha256,f33ff53ba17912fdf0675f74399d8593dc5dc0073c4c1795f7222b3fa35d0a08,Malware payload
2024-02-02,Payload delivery,tlsh,t1d8a1869711585cbccb14c7d694da3aa783ed001392a4ac28eded5f0c91ff8b50266a,
2024-02-02,Payload delivery,ssdeep,48:Yxg3SPhJSPdqKkY7EbnlUQl219hpk6nYK+zobgDF4w0dM0tXcg/i2up9WXibUfii:QOFkBtKCz93Ei1vnfYFSQVfP,
2024-02-02,Other,size-in-bytes,4788,
2024-02-02,Payload delivery,mime-type,application/json,
2024-02-02,Payload delivery,md5,0513febe2d43ff69388d51a5d423ceec,Malware payload
2024-02-02,Payload delivery,sha256,4f7e7140e503b78e107799b1557be067ede8494e083e0ce7262e938e431d73e6,Malware payload
2024-02-02,Payload delivery,tlsh,t118a1b99b25795cbccb24c7d695c63e8397ed005362e4ac14ecac5f0c91fe471026aa,
2024-02-02,Payload delivery,ssdeep,48:Yxg3SPhJSPdqKkY7EbnlUQl2Ihpk6nYK+zMlFDF4w0dM0tXqlNjT2up9WMTv0mU1:QO2kB6KoTz9DEi1vgQY+7qP,
2024-02-02,Other,size-in-bytes,4850,
2024-02-02,Payload delivery,mime-type,application/json,
2024-02-02,Payload delivery,md5,791a140189b602beae9792aa4605f6be,Malware payload
2024-02-02,Payload delivery,sha256,9b72ef6ce0828d8fddb8d1c32b8db1da5cc137356a5f91e8fe936eb930275722,Malware payload
2024-02-02,Payload delivery,tlsh,t1a5929f35b8a1641b403bd8f9356fa28df82190078c4748a4b11f412dcbf6e934baff,
2024-02-02,Payload delivery,ssdeep,384:OftrMf+F0e0H3n02W6E45wse5QjuFwgzxdaqlU4:tIn0H3n0h6tOseQZgraqb,
2024-02-02,Other,size-in-bytes,19559,
2024-02-02,Payload delivery,mime-type,text/html,
2024-02-02,Payload delivery,md5,8b292bc079be64b0d91e639b14b394fe,Malware payload
2024-02-02,Payload delivery,sha256,075c8c1388cb197c7aeb9da484235a9dc5f8c25b4a2293da9ddf71ca4f121f59,Malware payload
2024-02-02,Payload delivery,tlsh,t1dd9198ebb1155eb8c51fc5ea56a939cecabd001390345c5ce5ae4b0b88fe1b51363e,
2024-02-02,Payload delivery,ssdeep,96:XGe9k0yan4wgaBSQcsTN9+BMOy0G1vRctHsz9UAeGI7ZVXr:K0049rVGmlIH,
2024-02-02,Other,size-in-bytes,4529,
2024-02-02,Payload delivery,mime-type,application/json,
2024-02-02,Payload delivery,md5,dfda6bbafa2e3983c7d7bf2a573740e9,Malware payload
2024-02-02,Payload delivery,sha256,e73a7e47f1498b0f79d39cfe92195d13ce334ba669e0f2f4a8cb51011d6c73c0,Malware payload
2024-02-02,Payload delivery,tlsh,t1b6b533f2c9be8984dd67177ea3809b3111073f8bd96a285d057df8048b7c8729496e,
2024-02-02,Payload delivery,imphash,baa93d47220682c04d92f7797d9224ce,
2024-02-02,Payload delivery,ssdeep,49152:EX75gJmkON2yC31UoJGJPkvxCUXmq7UVXC9gu:EyJmkONDClTUJMvgqhq,
2024-02-02,Other,size-in-bytes,2320384,
2024-02-02,Payload delivery,mime-type,application/x-dosexec,
2024-02-02,Payload delivery,md5,bb015206368f4124324d6ae96a8d4c0b,Malware payload
2024-02-02,Payload delivery,sha256,f45dc070172f29f1f82773b28c573cb6675d193680a4ec02a538310600175e8b,Malware payload
2024-02-02,Payload delivery,tlsh,t11591859a26095ebcca5496d3e4943ad7c77e0093b098ed2ce4fd9f08e1ef1f04276a,
2024-02-02,Payload delivery,ssdeep,48:YxY6wbdlpkofn16Ru+FzvDFU0NhtXN3rm/2xp9WhHp6Y2UHs1vhmObvK3moRteUg:DpkocRtp9hEA9Sr2Ss1vhPMeHLDfx,
2024-02-02,Other,size-in-bytes,4274,
2024-02-02,Payload delivery,mime-type,application/json,
2024-02-02,Payload delivery,md5,7be3f838dbd84266816c5338e0bb0d58,Malware payload
2024-02-02,Payload delivery,sha256,5e1a8f1b7a401f0eda98ad3fb1b683ffc0e402252239d79bc782395ec3c48fe5,Malware payload
2024-02-02,Payload delivery,tlsh,t1caa1b6ab35554cbcc624c7ea94e23e8b53ac0073a094ad14e8ec5f9891ee8f1027e9,
2024-02-02,Payload delivery,ssdeep,48:Yxg3SPhJSPdqKkY7EbnlUQl20Rifk/n0+aWblFDF4w0biYtXqlNBT2Hp9Wt0mUx5:QOzkTaGuIT49YMG1veKAqn0,
2024-02-02,Other,size-in-bytes,4831,
2024-02-02,Payload delivery,mime-type,application/json,
2024-02-02,Payload delivery,md5,4553b456535c80d2fb6d17a6ec71e0f5,Malware payload
2024-02-02,Payload delivery,sha256,5b74ac0fc1900eaf2e28c1c8cfd8822477da8c79dad50d8e914032242a4403dd,Malware payload
2024-02-02,Payload delivery,tlsh,t1fba1c8ab32564c7cca1487da98e53e8b576d00b3a194ec18b9fc5f4c91ee8f1037a9,
2024-02-02,Payload delivery,ssdeep,48:Yxg3SPhJSPdqKkY7EbnlUQl2aRifk/n0+aW0DF4w0biYtXnR2Hp9WO8ZUxG1v+bx:QOBkTa1uh49AMG1vSmADW2,
2024-02-02,Other,size-in-bytes,4855,
2024-02-02,Payload delivery,mime-type,application/json,
2024-02-02,Payload delivery,md5,0a5de780eca6835e293c000f181c97f7,Malware payload (RiseProStealer)
2024-02-02,Payload delivery,sha256,569f8c39ad184d9d2ecf53d5d6f4e6cbe25a190e8888ff4483c75c4dc80d6f54,Malware payload (RiseProStealer)
2024-02-02,Payload delivery,tlsh,t14b4533fd0637c048f1b063fe385282fd8f6d74ac984195056e0f099ead14a9ce766b,
2024-02-02,Payload delivery,imphash,5ab723dc8d5af21b79dc301ed6a56a64,
2024-02-02,Payload delivery,ssdeep,24576:kV2NFenNI404rqvW66QCQ71JQyARwQQsiK3wI4whfC6sp9f5N8rQ:kV26aFWqmQzF2lB3wIDa6ChN8r,
2024-02-02,Other,size-in-bytes,1195008,
2024-02-02,Payload delivery,mime-type,application/x-dosexec,
2024-02-02,Payload delivery,md5,84e71f37b886ab9d715f06b033cbbc8d,Malware payload
2024-02-02,Payload delivery,sha256,cfb930a06ac5709bc4f152b291b73c80b2c8d37906a42d5d5a64a6b7923d5801,Malware payload
2024-02-02,Payload delivery,tlsh,t130917426251c0cbd87294bc2a05c76d76bae0273a094fd2888bd8f4ca5ff2f241769,
2024-02-02,Payload delivery,ssdeep,96:jjqekxq8pVFawTH9o2nTv71vzhHtsIZhL5qmR+:jjqvguFaA9o2nbdhNsIrLsmR+,
2024-02-02,Other,size-in-bytes,4215,
2024-02-02,Payload delivery,mime-type,application/json,
2024-02-02,Payload delivery,md5,da90a0cf7106bbf0e659fc29fca91885,Malware payload
2024-02-02,Payload delivery,sha256,377333dfa315d3f4ffcbdcc946ab8a845d3b8a98126da22781fa683a29e5501a,Malware payload
2024-02-02,Payload delivery,tlsh,t14aa196eb61691cbcca19c7c294d93b8797fc015352a4ec24ac9c5b0cd3ff97252669,
2024-02-02,Payload delivery,ssdeep,48:Yxg3SPhJSPdqKkY7EbnlUQl2phpk6nYK+z1DF4w0dM0tXnGbZ2up9WSgyUfi1vU4:QOnkBhKWbZz9BEi1vUb8pbbYLogcP,
2024-02-02,Other,size-in-bytes,5033,
2024-02-02,Payload delivery,mime-type,application/json,
2024-02-02,Payload delivery,md5,238b4a9624bdd5b1f9167070c269ee99,Malware payload
2024-02-02,Payload delivery,sha256,2f1113cf0beea5720c7b3c99802bb0d37ff9098a9a87f608ab58a0b3286745ed,Malware payload
2024-02-02,Payload delivery,tlsh,t1ea62c079429aa1b9cca372afe07938b501ce035aee1c89b3b31757f1e5ebd6c14412,
2024-02-02,Payload delivery,ssdeep,384:+0TxdKhD5WlfHd8ykfq44FlIBZz8TqxWAEklSmw:5xy5WlVUr4FY8WxWAUmw,
2024-02-02,Other,size-in-bytes,14592,
2024-02-02,Payload delivery,mime-type,application/octet-stream,
2024-02-02,Payload delivery,md5,f24c04c35f253fa4c6a370070e9a1b11,Malware payload (BumbleBee)
2024-02-02,Payload delivery,sha256,66f89f27726300c655be5d2ef3c50c176681f5bd23101049587b74d1a112ef58,Malware payload (BumbleBee)
2024-02-02,Payload delivery,tlsh,t17c45f012e2921fe4d4b691b7806b262bb7703e590315d37bebc0c2377d927e45b1ab,
2024-02-02,Payload delivery,imphash,47e01530ad43ec939d1c47709a80a5c6,
2024-02-02,Payload delivery,ssdeep,24576:BJfz/STTtVoiytjbo49BKCfv3MryTP+ParA+cwMmPTjWw7cGvgcM:je7AnoqBfiglXW2IP,
2024-02-02,Other,size-in-bytes,1223187,
2024-02-02,Payload delivery,mime-type,application/x-dosexec,
2024-02-02,Payload delivery,md5,ec51c3cfaaf6d030f9fba321d79ef3a5,Malware payload
2024-02-02,Payload delivery,sha256,73fda924568b8e40ca660ecc8f75c5843981cc313e7b433a81d61eb21071288e,Malware payload
2024-02-02,Payload delivery,tlsh,t17d917562251c0cbdc3284b93a05c7ad76bae02779094fd2898bd9f0cb1ff2b141769,
2024-02-02,Payload delivery,ssdeep,96:jjgekxq8pVFawTH9o2nTv71vzhHtsIZh78tZTR+:jjgvguFaA9o2nbdhNsIrOZTR+,
2024-02-02,Other,size-in-bytes,4215,
2024-02-02,Payload delivery,mime-type,application/json,
2024-02-02,Payload delivery,md5,93112b1027feee53beb546e5f366dc44,Malware payload
2024-02-02,Payload delivery,sha256,bcd9a0b273b13bebb1db78be67cb364f5a13bfb23ee51e5d84955c1619978a98,Malware payload
2024-02-02,Payload delivery,tlsh,t1aaa195ab11795c7ccb24c7c695c93a8797ed015363a8ac18fdad6f0cc2fe8b142659,
2024-02-02,Payload delivery,ssdeep,48:Yxg3SPhJSPdqKkY7EbnlUQl2ZGhpk6nYK+z1DF4w0dM0tXnT2up9WSFo8ZUfi1vP:QOX2kB5KDz9vLEi1vYYYoB1BP,
2024-02-02,Other,size-in-bytes,4874,
2024-02-02,Payload delivery,mime-type,application/json,
2024-02-02,Payload delivery,md5,dff78c3c067923bac41bc8d29c2142aa,Malware payload
2024-02-02,Payload delivery,sha256,377d23d189ced9f239f046765a00200d0cde2e005aa78129d65a80fc5703984a,Malware payload
2024-02-02,Payload delivery,tlsh,t11591649a26095dbcc65496d3e8943ad7c76e1093b0a8ed2cd4fd9f08f1ef0f04276a,
2024-02-02,Payload delivery,ssdeep,48:YxY6wXdlpkofn16Ru+FzvDFU0NhtXN3rm/2xp9WhHp6Y2UHs1vhmObvK3moRteU6:PpkocRtp9hEA9Sr2Ss1vhPMeHLXzRx,
2024-02-02,Other,size-in-bytes,4274,
2024-02-02,Payload delivery,mime-type,application/json,
2024-02-02,Payload delivery,md5,5c4556982d13a85ba08dc62a528c12f9,Malware payload
2024-02-02,Payload delivery,sha256,a835fa1ec0318c2631e3946aadc6245e6b458147694c6eb0632b45d34dc19237,Malware payload
2024-02-02,Payload delivery,tlsh,t10fb533e2a175558cea6b0bbf7738cc14d9d33dafc005a2a4201efc916f3c939469ad,
2024-02-02,Payload delivery,imphash,baa93d47220682c04d92f7797d9224ce,
2024-02-02,Payload delivery,ssdeep,49152:c7SeCcdg2b5vYCmfvTYRHYYV10bEVGJsyRlB//Q+rWHq4D:c7XCcW2b5w9fk8bEVGJsyRlB3qHp,
2024-02-02,Other,size-in-bytes,2310144,
2024-02-02,Payload delivery,mime-type,application/x-dosexec,
2024-02-02,Payload delivery,md5,77ff2d527ad22ffa4f0b3c66d002bba0,Malware payload
2024-02-02,Payload delivery,sha256,080c026ac41898216d05a4c28cecb6689efb8c248c9e356c99978c5e80ef6d55,Malware payload
2024-02-02,Payload delivery,tlsh,t128a1ba9b25795cbccb24c7c655d63e8357ed0013a2a4ad18ecbc5f0c91fe8b14279a,
2024-02-02,Payload delivery,ssdeep,48:Yxg3SPhJSPdqKkY7EbnlUQl2qhpk6nYK+zMlFDF4w0dM0tXqlNjT2up9WMTv0mUh:QO0kB6KoTz9DEi1vgQYoHuP,
2024-02-02,Other,size-in-bytes,4849,
2024-02-02,Payload delivery,mime-type,application/json,
2024-02-02,Payload delivery,md5,4eef41ff6f863a6a586b5262d7332cef,Malware payload
2024-02-02,Payload delivery,sha256,1ec8bf0e8db9ed98c0fddf079367547db7232ccbbd53648ba74185d3b4e75d33,Malware payload
2024-02-02,Payload delivery,tlsh,t184a1a7ab11691cbcc714cbc295d93a8387ed0113a2a8ad18fced5f0c82ff4a603669,
2024-02-02,Payload delivery,ssdeep,48:Yxg3SPhJSPdqKkY7EbnlUQl2Fhpk6nYK+zebDF4w0dM0tX8r82bp9WG9sYUfi1vi:QOHkBAKpg9nEi1v1/YomLP,
2024-02-02,Other,size-in-bytes,4971,
2024-02-02,Payload delivery,mime-type,application/json,
2024-02-02,Payload delivery,md5,1faba1aa0e0a37e8a493947c67a0f069,Malware payload
2024-02-02,Payload delivery,sha256,8a450ffb2716f70ca8a1777929d9130fc80c52e57e025323595dd74dc6c202f4,Malware payload
2024-02-02,Payload delivery,tlsh,t17ea1a6ab15695cbccb14c7c689c93a8757ed015363a8ec18fded6f0c82fe8b102659,
2024-02-02,Payload delivery,ssdeep,48:Yxg3SPhJSPdqKkY7EbnlUQl2vnJhpk6nYK+z1DF4w0dM0tXnT2up9WSFo8ZUfi16:QObkB5KDz9vLEi1vYYY0OP,
2024-02-02,Other,size-in-bytes,4874,
2024-02-02,Payload delivery,mime-type,application/json,
2024-02-02,Payload delivery,md5,ffd6c86af20c38cccffcd9b0e15ece4c,Malware payload
2024-02-02,Payload delivery,sha256,c97aa2240452b4c1db4ccfbfc783c95d6b47309d5bd389675864d0fc3541b93a,Malware payload
2024-02-02,Payload delivery,tlsh,t19eb5c022e3824937d5732a798d6b7258ac2a7d202eb8584d2ff4dd4c0f397817d392,
2024-02-02,Payload delivery,imphash,18935e5fc4b0485099e60eb3281bc48d,
2024-02-02,Payload delivery,ssdeep,24576:usP9hehe+N0gOaDSKvzL3+gTFDrZ7FB1gGU47aU7hR9g4Fw1aAanY9517v7Wy4dv:14hGKfp9gWJR3cP517zWn6n3B9jYxLrp,
2024-02-02,Other,size-in-bytes,2363752,
2024-02-02,Payload delivery,mime-type,application/x-dosexec,
2024-02-02,Payload delivery,md5,6186fc7b2f6c44dacedf1940709d06f9,Malware payload (RiseProStealer)
2024-02-02,Payload delivery,sha256,c46f9efc9e32e28c32d39be1a15d518b5cc4263434ebeb5f1cf5d0da6ae27b24,Malware payload (RiseProStealer)
2024-02-02,Payload delivery,tlsh,t1b64533f19109ea21e03c103c0fded0625538fbff91899d3a6a9f51a5887d5ece34ea,
2024-02-02,Payload delivery,imphash,5ab723dc8d5af21b79dc301ed6a56a64,
2024-02-02,Payload delivery,ssdeep,24576:5NuxMESU9cvfmGMOO1PIjwQdN2K3yWds0JkKyVGPdymGYaH5MiH:GdaeGtO1PelCadsLoPomGYaH5t,
2024-02-02,Other,size-in-bytes,1195008,
2024-02-02,Payload delivery,mime-type,application/x-dosexec,
2024-02-02,Payload delivery,md5,2a51597eb384ab2b639e5c1263972803,Malware payload
2024-02-02,Payload delivery,sha256,a52988f102af57ffe6ecdc04fe8a48b10aa37fe39f69cf5205d79be329a3e900,Malware payload
2024-02-02,Payload delivery,tlsh,t17ea1849732554cbccb2487ea94e63aaf47ad1073a094ec24a9ad5f4c91ff8f10376d,
2024-02-02,Payload delivery,ssdeep,48:Yxg3SPhJSPdqKkY7EbnlUQl28Rifk/n0+aWHbgDF4w0biYtXcgFi2Hp9WoibUxGn:QOzkTaRug49KMG1v5vA2x1,
2024-02-02,Other,size-in-bytes,4780,
2024-02-02,Payload delivery,mime-type,application/json,
2024-02-02,Payload delivery,md5,2e5405925f84725d2d822816158c1d9b,Malware payload (Amadey)
2024-02-02,Payload delivery,sha256,6f2f11736cc79d2d6d7861ab29daf8e2d35ef217c8b7c568d25cbdd20409a120,Malware payload (Amadey)
2024-02-02,Payload delivery,tlsh,t1b40523fcd227e525d289a6b202871bdc75f0bc6e92c45512505fca1a1fb28ce4f235,
2024-02-02,Payload delivery,imphash,7515ecf8c0dfa4d230ad835fe0acb57f,
2024-02-02,Payload delivery,ssdeep,12288:FfCgn1Wn4o7YNQ8BeW8/LViyIakQz15bbPQ8qkpC3XauUPnIpVTRTYpVT:hCcWn5wQViyIakEL/qikXa,
2024-02-02,Other,size-in-bytes,812032,
2024-02-02,Payload delivery,mime-type,application/x-dosexec,
2024-02-02,Payload delivery,md5,7b90bf599b2051290581f96187678167,Malware payload
2024-02-02,Payload delivery,sha256,9828cdbf72ec3d6b25275d598de5f37368475df4e6881413c3d4b03052470894,Malware payload
2024-02-02,Payload delivery,tlsh,t12fa176eb11691cbc861487d295d93a9787ed0113a398ad14fced5f0c82ff4b603669,
2024-02-02,Payload delivery,ssdeep,48:Yxg3SPhJSPdqKkY7EbnlUQl21hpk6nYK+zebDF4w0dM0tX8r82bp9WG9sYUfi1vH:QO7kBAKpg9nEi1v1/Y1FaP,
2024-02-02,Other,size-in-bytes,4971,
2024-02-02,Payload delivery,mime-type,application/json,
2024-02-02,Payload delivery,md5,f0adb7a6e91665c81c9a325c011e313b,Malware payload
2024-02-02,Payload delivery,sha256,b9646b96a8e8196897a59c803247de7917cc96de9fca31ac14c5efb8e2e7111b,Malware payload
2024-02-02,Payload delivery,tlsh,t12ba1965f31161cac861487eb98e13e9b87ad00a7a1c8ec18b8ed5f5c96ff8f103759,
2024-02-02,Payload delivery,ssdeep,48:Yxg3SPhJSPdqKkY7EbnlUQl2iNGRifk/n0+aWKSPmDF4w0biYtXDSPGq2Hp9Wcs9:QOmkTaUeuef49VEMG1vHRArPVWht,
2024-02-02,Other,size-in-bytes,4922,
2024-02-02,Payload delivery,mime-type,application/json,
2024-02-02,Payload delivery,md5,b091c5d368fcd6d06fd3ba248da4f917,Malware payload
2024-02-02,Payload delivery,sha256,a2b70bb7b9146df37fe9037a5b7958e79cdd7f5f21424865187308152b948236,Malware payload
2024-02-02,Payload delivery,tlsh,t1a191892562440cbe8628879be4543bf75bee05a391d4ec28c4be5f5ca1ff6f201765,
2024-02-02,Payload delivery,ssdeep,96:zOzO1h+km7O8ZlOFKiwTH9DnT71vfihHxisoZ5pNV4+:dhPHKT9TTx+RJoDpNV3,
2024-02-02,Other,size-in-bytes,4262,
2024-02-02,Payload delivery,mime-type,application/json,
2024-02-02,Payload delivery,md5,c99e9e1c0dd95a2597a031cb73731332,Malware payload
2024-02-02,Payload delivery,sha256,d246268aff2a3775a44526a479d5f63ed34674b611b2ea6be0f525bdc8386be3,Malware payload
2024-02-02,Payload delivery,tlsh,t116b533e891bb8ec5d0eb6b78fa62472114035d075771409aad1af1bc07fd7767ae0c,
2024-02-02,Payload delivery,imphash,baa93d47220682c04d92f7797d9224ce,
2024-02-02,Payload delivery,ssdeep,49152:H/SZxQpz1CpXtq87odV9Eqo0TlnK5sHZ5Ms5jYFS:fqQx8F88499oclnys5535,
2024-02-02,Other,size-in-bytes,2375680,
2024-02-02,Payload delivery,mime-type,application/x-dosexec,
2024-02-02,Payload delivery,md5,e747c9fa0258f710269a49b67bb85911,Malware payload
2024-02-02,Payload delivery,sha256,fc5fb4576784ceba0b43dcdc6d32075cf844347aea92a4e784423f64e70c8ba0,Malware payload
2024-02-02,Payload delivery,tlsh,t19fa1b7ab31664c7cca1487ea98d53e8b57ad00b3a594dc18f9ed5f4881fe4f103769,
2024-02-02,Payload delivery,ssdeep,48:Yxg3SPhJSPdqKkY7EbnlUQl2FRifk/n0+aW0DF4w0biYtXnR2Hp9WO8ZUxG1v+bw:QO4kTa1uh49AMG1vSmA3NAV,
2024-02-02,Other,size-in-bytes,4856,
2024-02-02,Payload delivery,mime-type,application/json,
2024-02-02,Payload delivery,md5,d9c998f1d55356ffa599a66bf93a821a,Malware payload (BumbleBee)
2024-02-02,Payload delivery,sha256,96e736d186f91edf0add2b66695b03964c04a88e9fc3700ff62c09b4642110e1,Malware payload (BumbleBee)
2024-02-02,Payload delivery,tlsh,t10145e011e2921fe8d477917681ab252fbb347e584311c377ebc0d2373d927a46b1ab,
2024-02-02,Payload delivery,imphash,47e01530ad43ec939d1c47709a80a5c6,
2024-02-02,Payload delivery,ssdeep,24576:TOlLPS/snbefBkOWG18PI3NuAb669Neky+pHb52mkTm3y2djZbx1xAXZ:qt1p0GcppvQgy2dtJi,
2024-02-02,Other,size-in-bytes,1223188,
2024-02-02,Payload delivery,mime-type,application/x-dosexec,
2024-02-02,Payload delivery,md5,736b27c1ab7395d08637814840c7403e,Malware payload
2024-02-02,Payload delivery,sha256,edd52ec8bb33eddd0b56d24687afa312a36475f82db600ab203d83e0a0cb6de3,Malware payload
2024-02-02,Payload delivery,tlsh,t1ac159e0273d1c062ffab92334b5af6515bbc69260123e61f13a81d79be701b1563e7,
2024-02-02,Payload delivery,imphash,948cc502fe9226992dce9417f952fce3,
2024-02-02,Payload delivery,ssdeep,12288:DqDEvFo+yo4DdbbMWu/jrQu4M9lBAlKhQcDGB3cuBNGE6iOrpfe4JdaDgarTT:DqDEvCTbMWu7rQYlBQcBiT6rprG8avT,
2024-02-02,Other,size-in-bytes,918528,
2024-02-02,Payload delivery,mime-type,application/x-dosexec,
2024-02-02,Payload delivery,md5,6aa3144e5576712986dc42c8bf12cddf,Malware payload
2024-02-02,Payload delivery,sha256,06b3ff39bd02831305e6800921820bec9781d72f28a0a3b61fbc72139a01b82e,Malware payload
2024-02-02,Payload delivery,tlsh,t154a1969f31151cbc852447ea98e13e8b97ad00a3a1d4ac18b8ed5f5c96fe8f103799,
2024-02-02,Payload delivery,ssdeep,48:Yxg3SPhJSPdqKkY7EbnlUQl2aRifk/n0+aWKSPmDF4w0biYtXDSPGq2Hp9WcseN6:QOJkTaUeuef49VEMG1vHRAtXVkt,
2024-02-02,Other,size-in-bytes,4922,
2024-02-02,Payload delivery,mime-type,application/json,
2024-02-02,Payload delivery,md5,8f8ce2ac032135f50bd74cb175e75de0,Malware payload
2024-02-02,Payload delivery,sha256,509a6b6df11adbaec3ecd39de795f32d0b8baca9c57030a0e24ae0c235212b63,Malware payload
2024-02-02,Payload delivery,tlsh,t1c891559a26085dbdca5496d3d9943ad7876e0493b098ed2ce8fd9f08e1ef1f002799,
2024-02-02,Payload delivery,ssdeep,48:YxY6wIdlpkofn16Ru+FkDFU0NhtXeV2Qp9We6T2UHs1vibvKqRteU3wxioLkHO6X:gpkocRtG9U/9K2Ss1veiHL5Yx,
2024-02-02,Other,size-in-bytes,4274,
2024-02-02,Payload delivery,mime-type,application/json,
2024-02-02,Payload delivery,md5,08cd7a332974b7f1df3f08efdeafdce3,Malware payload
2024-02-02,Payload delivery,sha256,83708f7b5aaaf093eae6c8e2a0d7a4b3567ba67af7ed905cf30d909d2b7f0cd0,Malware payload
2024-02-02,Payload delivery,tlsh,t15fa1979716685cbccb14c7d644da3aab87ed005392e8ac14eded5f0c91ff8b50266d,
2024-02-02,Payload delivery,ssdeep,48:Yxg3SPhJSPdqKkY7EbnlUQl218hpk6nYK+zobgDF4w0dM0tXcg/i2up9WXibUfiI:QO4kBtKCz93Ei1vnfYZxP,
2024-02-02,Other,size-in-bytes,4798,
2024-02-02,Payload delivery,mime-type,application/json,
2024-02-02,Payload delivery,md5,3cc121f4ef9f33f325aa8288437267b6,Malware payload
2024-02-02,Payload delivery,sha256,a3b3a7a786c3bf8a10a273ce9c268925c83c2f78be973df4305901f7049db900,Malware payload
2024-02-02,Payload delivery,tlsh,t19591752562180cbe8628869be4447be35bee05a39194ec28d4be9f5ca0ff5f101765,
2024-02-02,Payload delivery,ssdeep,96:zOzOa+km7O8ZlOFKiwTH9DnT71vfihHxisoZ5R8Jpy4+:SPHKT9TTx+RJoDR8Jk3,
2024-02-02,Other,size-in-bytes,4262,
2024-02-02,Payload delivery,mime-type,application/json,
2024-02-02,Payload delivery,md5,674c5f586023d07309a03e0514adfa24,Malware payload
2024-02-02,Payload delivery,sha256,8d312ecb718fe71bbc9c221a81c0ae81b91463f677e80ba2f7ac8169fdf69445,Malware payload
2024-02-02,Payload delivery,tlsh,t15aa1969f31551cac861847ea98e13e8b97bd00a3a1d4ac18b8ed5f5895fe4f103769,
2024-02-02,Payload delivery,ssdeep,48:Yxg3SPhJSPdqKkY7EbnlUQl29Rifk/n0+aWKSPmDF4w0biYtXDSPGq2Hp9WcseN4:QO4kTaUeuef49VEMG1vHRADBgt,
2024-02-02,Other,size-in-bytes,4922,
2024-02-02,Payload delivery,mime-type,application/json,
2024-02-02,Payload delivery,md5,d49055258473ceb37ee7678b764281f0,Malware payload
2024-02-02,Payload delivery,sha256,f82b40d00869ca8da7ebbe2216ec347308f790e33380ca868db32793c871cd29,Malware payload
2024-02-02,Payload delivery,tlsh,t1ad91445926095db9cb9496d3d5843ac7c7ae1053f194ed28e8bd8f0ce1ef1f10276a,
2024-02-02,Payload delivery,ssdeep,48:YxY6wedlpkofn16Ru+FvDF4w0NhtXpk2Kp9Wo6sUHs1vFbvKzRteU3wxioorbrVn:epkocRtxYyH97Ss1vdTHWrV6Ux,
2024-02-02,Other,size-in-bytes,4413,
2024-02-02,Payload delivery,mime-type,application/json,
2024-02-02,Payload delivery,md5,ddd9329de20bd8f93f5a54bbbec1ef75,Malware payload
2024-02-02,Payload delivery,sha256,cefd35352a5fec1adb6ec740bf17d94a9e7a7e29c47200bdd051d6d393ea9a5a,Malware payload
2024-02-02,Payload delivery,tlsh,t1b091641625385d7ccb5889c684fc3d4e567d005bf2649c14a6dd8f0ae2ff1f143a66,
2024-02-02,Payload delivery,ssdeep,96:eyyrkYOhDH5R0DWfrfT594ds1Y7g1vUreHTMsgiFEVvZGJeR:eyyQThr5RIWfrt94ds1Y7FrezMsgiFEn,
2024-02-02,Other,size-in-bytes,4614,
2024-02-02,Payload delivery,mime-type,application/json,
2024-02-02,Payload delivery,md5,77525746fe93f477bae6168da1ba0ff8,Malware payload
2024-02-02,Payload delivery,sha256,236d26126087c4713bf498088013a5d402f7c5cbb49ac6d51434ca2b487f586b,Malware payload
2024-02-02,Payload delivery,tlsh,t116a1745736554d7c8b2487ea94e63aaf47ad00b3a094ec24a9ed4f4ca1ff8f10276d,
2024-02-02,Payload delivery,ssdeep,48:Yxg3SPhJSPdqKkY7EbnlUQl23Rifk/n0+aWHbgDF4w0biYtXcgFi2Hp9WoibUxGG:QOWkTaRug49KMG1v5vAHejubiM,
2024-02-02,Other,size-in-bytes,4770,
2024-02-02,Payload delivery,mime-type,application/json,
2024-02-02,Payload delivery,md5,327ce2de0a1a1b035c7c459493b92cf9,Malware payload
2024-02-02,Payload delivery,sha256,fa03df0d1f2306b93543c1ba0c1cf4caa9139a0d3e9151042d721e50cf327e38,Malware payload
2024-02-02,Payload delivery,tlsh,t1ab9185e7b1155eb8c51fc5ea569939cfcabd001390305c1ce5aa4b4b88fe1b51323d,
2024-02-02,Payload delivery,ssdeep,96:XGQ9k0yan4wgaBSQcsTN9+BMOy0G1vRctHsz9UAeGzSVXr:A0049rVGmlzw,
2024-02-02,Other,size-in-bytes,4529,
2024-02-02,Payload delivery,mime-type,application/json,
2024-02-02,Payload delivery,md5,8247469caadd4a67f5f17ddfbf24019d,Malware payload
2024-02-02,Payload delivery,sha256,df6930a834c4d79a67a4e80334a0f75d680e052fd5618c5c47538904e111f8d9,Malware payload
2024-02-02,Payload delivery,tlsh,t106a1879b25695cbccb24c7c695ca3e8767ed001353a4ad14eced5f0c92fe8b1426aa,
2024-02-02,Payload delivery,ssdeep,48:Yxg3SPhJSPdqKkY7EbnlUQl2D/hpk6nYK+zMlFDF4w0dM0tXqlNjT2up9WMTv0md:QO1DkB6KoTz9DEi1vgQYqONIVP,
2024-02-02,Other,size-in-bytes,4850,
2024-02-02,Payload delivery,mime-type,application/json,
2024-02-02,Payload delivery,md5,3f79ee9ab8bd5bd57842b6f2b0a55d49,Malware payload
2024-02-02,Payload delivery,sha256,72bdf4e0fec6e098d5ce20d50ba7775d5424e9dd0a87437bfd2882faf521b3d9,Malware payload
2024-02-02,Payload delivery,tlsh,t1d191427162080d7d863482dbb4597ad367be0257a194ec28a8fd4f4cf6ef1f205b6a,
2024-02-02,Payload delivery,ssdeep,96:bbZknCs+w/05TH9I681vdEHAbpZchv3EO:bb21R0B9I6KEgbp+hv0O,
2024-02-02,Other,size-in-bytes,4248,
2024-02-02,Payload delivery,mime-type,application/json,
2024-02-02,Payload delivery,md5,1480c4295efdfb5a3e593d7f60cc40a6,Malware payload
2024-02-02,Payload delivery,sha256,325dc9f5fdde1057da672a2fdcb479ace024c1960906b245887b1e16e99d9272,Malware payload
2024-02-02,Payload delivery,tlsh,t12391c4b3162c4cadca2487d396903b87566f41a7e0849e68f9f88f08d0fe1b41136a,
2024-02-02,Payload delivery,ssdeep,48:Yx5AvwlYYwTKbsJkmnh+0DFU0omOtXxR23p9WtY2UKJ1vybaKqRrC3wxioi8BXUx:YAvwlskv0S7U9/2FJ1vu8iGE4jE,
2024-02-02,Other,size-in-bytes,4323,
2024-02-02,Payload delivery,mime-type,application/json,
2024-02-02,Payload delivery,md5,0a35ddfc291cd94eebb026fa32b9dde7,Malware payload
2024-02-02,Payload delivery,sha256,e8a37a18d13097d377238b1b4395a70226fe9f5a9a76b79dc633f6105082156f,Malware payload
2024-02-02,Payload delivery,tlsh,t1d291407262180c7e863483d6b4557ad767be0267a0d4ec2ca8fd4f4ca6ef1b205b69,
2024-02-02,Payload delivery,ssdeep,48:YxC7t2fbZkvnY+Cs+DF4w0nltXPSjeUT2Gp9WnTUd81vdE7b/KcRezbC3wxioorS:YbZknCs+w/05TH9I681vdEHAbpZckiNO,
2024-02-02,Other,size-in-bytes,4238,
2024-02-02,Payload delivery,mime-type,application/json,
2024-02-02,Payload delivery,md5,9450f3155cd22f71976cc0e24c8a0dc3,Malware payload
2024-02-02,Payload delivery,sha256,471e743db086e5a714efe5070785e2391c34f1b2e3771f8faf280edddbcd9630,Malware payload
2024-02-02,Payload delivery,tlsh,t1dc91649a27095dbdca5496e3d5803ad7876e1093b198dd2ce8fd9f08e1ef1f002759,
2024-02-02,Payload delivery,ssdeep,48:YxY6w3xdlpkofn16Ru+FkDFU0NhtXeV2Qp9We6T2UHs1vibvKqRteU3wxioLz7h7:BpkocRtG9U/9K2Ss1veiHLHeAx,
2024-02-02,Other,size-in-bytes,4284,
2024-02-02,Payload delivery,mime-type,application/json,
2024-02-02,Payload delivery,md5,4bb1a50af6a7222c174565e6e32cfa07,Malware payload
2024-02-02,Payload delivery,sha256,eadf0f21aa20ac703221501010a56bff75c23756fb4f19c807baa60be9731029,Malware payload
2024-02-02,Payload delivery,tlsh,t16841dd7ccf29fce0037db0a088492e2620949e57d6f58e24d9574ee62d7c20acf1b1,
2024-02-02,Payload delivery,ssdeep,48:LGfEFWuJqs9HZNjd+SfprcKyK0hE6S1FtfsC5P3RX5ZWiaoIhSNti:LGfEFW87jd+Sfpbaq6S1FtfsC5P39EfP,
2024-02-02,Other,size-in-bytes,2219,
2024-02-02,Payload delivery,mime-type,text/plain,
2024-02-02,Payload delivery,md5,8bfd9fb254bf8d9ac5a6f683d36b589b,Malware payload
2024-02-02,Payload delivery,sha256,0b12075ea2cb9d83963793ae2680ffcad5250096d43254180c0d1e798a3e1701,Malware payload
2024-02-02,Payload delivery,tlsh,t12ea174ab31150cbc851987da94e53f8b57bc00639494ec28a49c5f5c96ff8f1437ad,
2024-02-02,Payload delivery,ssdeep,48:Yxg3SPhJSPdqKkY7EbnlUQl2I/Rifk/n0+aWCDF4w0biYtXnQbZ2Hp9WjyUxG1vx:QOeMkTa1uAbZ49bMG1vCb8vbJAXO,
2024-02-02,Other,size-in-bytes,5005,
2024-02-02,Payload delivery,mime-type,application/json,
2024-02-02,Payload delivery,md5,35cb02587f562e0015891df9caabaea7,Malware payload
2024-02-02,Payload delivery,sha256,4318aa46620db88ff0f6008fab9253313032402af73cd3fb11ed5947c84e2bf2,Malware payload
2024-02-02,Payload delivery,tlsh,t1ec91966661180cbec628869be0543bf35bee01a3a1d4ec28c4be9f5ca1ff1f111769,
2024-02-02,Payload delivery,ssdeep,96:zOzOr+km7O8ZlOFKiwTH9DnT71vfihHxisoZ5W34+:jPHKT9TTx+RJoDW33,
2024-02-02,Other,size-in-bytes,4272,
2024-02-02,Payload delivery,mime-type,application/json,
2024-02-02,Payload delivery,md5,88daa9c27fdeff212f09aeaed37d55d4,Malware payload
2024-02-02,Payload delivery,sha256,d4e7d0022ebdc254a24ec6ce8909712941f04a675ce83a6590e9e5930dbfca71,Malware payload
2024-02-02,Payload delivery,tlsh,t164a1a6ab35660cbcc624c7ea95e23e4757ad0073a194ec14a8ac5f5c91fe8f1437ea,
2024-02-02,Payload delivery,ssdeep,48:Yxg3SPhJSPdqKkY7EbnlUQl24Rifk/n0+aWblFDF4w0biYtXqlNBT2Hp9Wt0mUxh:QOfkTaGuIT49YMG1veKAPy4,
2024-02-02,Other,size-in-bytes,4832,
2024-02-02,Payload delivery,mime-type,application/json,
2024-02-02,Payload delivery,md5,cdebeb79bf855f0174d23cb89b4ae9f4,Malware payload
2024-02-02,Payload delivery,sha256,00a1b6f7421b73b5a15e874570a84daa41222430011aa0c5b43fa911d8eb1750,Malware payload
2024-02-02,Payload delivery,tlsh,t1b891516619386c7cc758c5ca88fc3d4e567e105bf2649c14a6ee8e0ae2ff1f183a65,
2024-02-02,Payload delivery,ssdeep,96:ey7rkYOhDH5R0DWfrfT594ds1Y7g1vUreHTMsgiFEaFNsJeR:ey7QThr5RIWfrt94ds1Y7FrezMsgiFEK,
2024-02-02,Other,size-in-bytes,4624,
2024-02-02,Payload delivery,mime-type,application/json,
2024-02-02,Payload delivery,md5,ae06d2a168be34ad12116345657e1056,Malware payload
2024-02-02,Payload delivery,sha256,37b5fe82946a33744c765810f857c0a00f20feeb8588e2af072f48d5b528ebc5,Malware payload
2024-02-02,Payload delivery,tlsh,t111a174ab31150cbc862987da94e53f8b57bd01639494ec24a4ac5f5c92ff8f1437ad,
2024-02-02,Payload delivery,ssdeep,48:Yxg3SPhJSPdqKkY7EbnlUQl20Rifk/n0+aWCDF4w0biYtXnQbZ2Hp9WjyUxG1vCz:QOrkTa1uAbZ49bMG1vCb8vbJAtms3H,
2024-02-02,Other,size-in-bytes,5005,
2024-02-02,Payload delivery,mime-type,application/json,
2024-02-02,Payload delivery,md5,4c566d0c1a3408e8929e5ee148228022,Malware payload
2024-02-02,Payload delivery,sha256,f68ee6b9ffb17a4c818ef9e6369d0276679c81eca8b729bea287137e3ac128c4,Malware payload
2024-02-02,Payload delivery,tlsh,t1799196b7152c4cbc8a2487e7a5943bd7967f4567e084ad58b9b88f0ce0fe1f10136b,
2024-02-02,Payload delivery,ssdeep,96:YAvwl0kvQISnya0o9HT2FJ1vltPBi54G8HXwnE:YAv6Xo9z2FBi5v8HwE,
2024-02-02,Other,size-in-bytes,4329,
2024-02-02,Payload delivery,mime-type,application/json,
2024-02-02,Payload delivery,md5,bd6cba196bdbed8eeddb4f35e8158ba9,Malware payload (Healer)
2024-02-02,Payload delivery,sha256,ae5cbea6554bc37167f40b21d7c7f563f76ac6d5812058ecd464d091eb8e4d93,Malware payload (Healer)
2024-02-02,Payload delivery,tlsh,t1fcd423fb147e9d40c2b8f4f560adc6a85f18f4961c459a4d426b0b8c4a703efaf6a4,
2024-02-02,Payload delivery,imphash,436f7e4bc6bece183fb5bacd9f2ff7d3,
2024-02-02,Payload delivery,ssdeep,12288:2byo7YNQj4WioPJicryGBWECTsB/q7eVc2461M6+sbVAIinvORnbH+p:2bjwQ66icoECgB/meSEy9QZbH+,
2024-02-02,Other,size-in-bytes,616960,
2024-02-02,Payload delivery,mime-type,application/x-dosexec,
2024-02-02,Payload delivery,md5,4cb87638425e2e1013fbf0fb11dd4a16,Malware payload
2024-02-02,Payload delivery,sha256,99e96f9c9e00ccc06a8c8ee52fe2b59db6652d349b316452844dc2c16832218c,Malware payload
2024-02-02,Payload delivery,tlsh,t1a4c4230e9d4b692aef9497709d18c21d1197ef33beb4d25b0340b61e637f6872c66c,
2024-02-02,Payload delivery,imphash,af02ce4a4548e322a95ca15cb9608683,
2024-02-02,Payload delivery,ssdeep,12288:8HLUMuiv9RgfSjAzRty26xGJeMTE3Z2ap4srKWLZY:WtARD6EAMC41T,
2024-02-02,Other,size-in-bytes,565070,
2024-02-02,Payload delivery,mime-type,application/x-dosexec,
2024-02-02,Payload delivery,md5,ff9666cb66621587bb5b6e5727f31b88,Malware payload
2024-02-02,Payload delivery,sha256,245b391f724f8fa2d62b89dcf60a3277f258e78dd6663bf3b21765a4246542f2,Malware payload
2024-02-02,Payload delivery,tlsh,t10b91b6b7152c4cbdca2487d7d5903b87567f41abe0849e68f9ac8f08d0fe1b51137a,
2024-02-02,Payload delivery,ssdeep,48:Yx5AvwlYYwTKbsJkmnh+0DFU0omOtXxR23p9WtY2UKJ1vybaKqRrC3wxioiBt/E:YAvwl4kv0S7U9/2FJ1vu8iz/E,
2024-02-02,Other,size-in-bytes,4323,
2024-02-02,Payload delivery,mime-type,application/json,
2024-02-02,Payload delivery,md5,396a390227ec4664e40daf60744fcbfb,Malware payload (Amadey)
2024-02-02,Payload delivery,sha256,91e83b35c825791d65d60e4e35a9f764649004f12145b4c20a5b423c094cb951,Malware payload (Amadey)
2024-02-02,Payload delivery,tlsh,t12d0533e62167b581c532b5f42d8f7490db783c9cd614ef69a39b02cb2ab00af97123,
2024-02-02,Payload delivery,imphash,7515ecf8c0dfa4d230ad835fe0acb57f,
2024-02-02,Payload delivery,ssdeep,12288:+jWOBbKjGsHnBo7YNQi4WioPJicryGBWECTsZCxRsCtdlfzqMrUAMe3rAN:Q05nawQT6icoECVrfzNrUX1,
2024-02-02,Other,size-in-bytes,811520,
2024-02-02,Payload delivery,mime-type,application/x-dosexec,
2024-02-02,Payload delivery,md5,02fd67e351faf263360272cc4399f2d8,Malware payload (RiseProStealer)
2024-02-02,Payload delivery,sha256,c38934999f7fe0f0e8c801e699fe8194cca4ca123a4bd7e0d6983fb5b7c331c0,Malware payload (RiseProStealer)
2024-02-02,Payload delivery,tlsh,t1594523f526933100d2a9f6fd1850598d6bdd3daca180f921fbaf023979a01de634b9,
2024-02-02,Payload delivery,imphash,5ab723dc8d5af21b79dc301ed6a56a64,
2024-02-02,Payload delivery,ssdeep,24576:c/3d4lKdkaXu2WQFf6LLwQmyEvOJWbSc8s+k:cF4FST4l1QScj+,
2024-02-02,Other,size-in-bytes,1195520,
2024-02-02,Payload delivery,mime-type,application/x-dosexec,
2024-02-02,Payload delivery,md5,82ccb16e0c04ed0f01187a5606c9ae05,Malware payload
2024-02-02,Payload delivery,sha256,d41b379059635482a40ee207c2659a670f8c259f89071ded1c85d1e852ab4c61,Malware payload
2024-02-02,Payload delivery,tlsh,t18291559a26085ebdc65496d3d9503ad7876e0493e194dd28e8fd9f08e1ef1f002769,
2024-02-02,Payload delivery,ssdeep,48:YxY6wlzdlpkofn16Ru+FkDFU0NhtXeV2Qp9We6T2UHs1vibvKqRteU3wxioLzfHl:VLpkocRtG9U/9K2Ss1veiHLzfHPhzhDx,
2024-02-02,Other,size-in-bytes,4274,
2024-02-02,Payload delivery,mime-type,application/json,
2024-02-02,Payload delivery,md5,14f10ed68fdbacab94d7f5ccf50e3d06,Malware payload
2024-02-02,Payload delivery,sha256,7793c5862cc6e84e7ce917851b12b362a067ba917d7f56091ddeb703131b40a6,Malware payload
2024-02-02,Payload delivery,tlsh,t1d3a1a6ab11691cbc8714c7c355d93a8787ed0113a2a8ad14fced5f0c92ff4b603669,
2024-02-02,Payload delivery,ssdeep,48:Yxg3SPhJSPdqKkY7EbnlUQl21hpk6nYK+zebDF4w0dM0tX8r82bp9WG9sYUfi1vE:QOXkBAKpg9nEi1v1/Y0RCDP,
2024-02-02,Other,size-in-bytes,4971,
2024-02-02,Payload delivery,mime-type,application/json,
2024-02-02,Payload delivery,md5,53cff73e45ed3b4424faaae820672af6,Malware payload
2024-02-02,Payload delivery,sha256,bf4549f5aa08d1f66d3ae527aaf06f4fff028e22b27d4599e0ca0bc3810170f4,Malware payload
2024-02-02,Payload delivery,tlsh,t15fa184eb65691cbcca18c7c290d93b8797fd011352a4ec28a8ac5b0cd3ff87152669,
2024-02-02,Payload delivery,ssdeep,48:Yxg3SPhJSPdqKkY7EbnlUQl2+hpk6nYK+z1DF4w0dM0tXnGbZ2up9WSgyUfi1vUO:QOwkBhKWbZz9BEi1vUb8pbbYNN4P,
2024-02-02,Other,size-in-bytes,5023,
2024-02-02,Payload delivery,mime-type,application/json,
2024-02-02,Payload delivery,md5,72726a1ec7de68b97f4439a02f7a9aa2,Malware payload
2024-02-02,Payload delivery,sha256,8c00cc869d0663bbadcc985b064f3e2c19de262069cf14c9027be92aced258f2,Malware payload
2024-02-02,Payload delivery,tlsh,t19da1859732554cbc8b2487ea94e63aaf47ad0073a4a49c14b9ed5f4c91ff8f1027ad,
2024-02-02,Payload delivery,ssdeep,48:Yxg3SPhJSPdqKkY7EbnlUQl2aJRifk/n0+aWHbgDF4w0biYtXcgFi2Hp9WoibUxb:QORkTaRug49KMG1v5vAJ8u,
2024-02-02,Other,size-in-bytes,4770,
2024-02-02,Payload delivery,mime-type,application/json,
2024-02-02,Payload delivery,md5,d1006baf76a957326c4b04bbe9cd4b1a,Malware payload
2024-02-02,Payload delivery,sha256,388cb020fac7335993c63f798a36f41e56cbdf13d0872742b669ffb6151daf2f,Malware payload
2024-02-02,Payload delivery,tlsh,t139a1a89712585cbccb14c7d751da3aab87ed005392a4ac18eded6f0c91ff8b10266e,
2024-02-02,Payload delivery,ssdeep,48:Yxg3SPhJSPdqKkY7EbnlUQl2Qhpk6nYK+zobgDF4w0dM0tXcg/i2up9WXibUfi1o:QOikBtKCz93Ei1vnfYcfZqP,
2024-02-02,Other,size-in-bytes,4798,
2024-02-02,Payload delivery,mime-type,application/json,
2024-02-02,Payload delivery,md5,68f4232c28432e12a7c73031410603dc,Malware payload
2024-02-02,Payload delivery,sha256,519d151d33bdc05f41931563c0ba2e5e54c59a501791f6f0189adc04ed010b81,Malware payload
2024-02-02,Payload delivery,tlsh,t1b69185aa26094dbdca5496d3e8903ad7876e1093b198dd2cd4fd9f0ce1ef1f04276e,
2024-02-02,Payload delivery,ssdeep,48:YxY6wedlpkofn16Ru+FzvDFU0NhtXN3rm/2xp9WhHp6Y2UHs1vhmObvK3moRteUb:epkocRtp9hEA9Sr2Ss1vhPMeHL/NSx,
2024-02-02,Other,size-in-bytes,4274,
2024-02-02,Payload delivery,mime-type,application/json,
2024-02-02,Payload delivery,md5,77f461407af7c9a7fbfa8e8725f68dc8,Malware payload
2024-02-02,Payload delivery,sha256,80acad9c88471cea50f315ef481ed00e8dc83718a339471045672b8758684fe0,Malware payload
2024-02-02,Payload delivery,tlsh,t15091535a26095dbdcb9496d3d4443ac7876e1053e198de2ca4fd9b08a2ff1f10276a,
2024-02-02,Payload delivery,ssdeep,48:YxY6wIKdlpkofn16Ru+FvDF4w0NhtXpk2Kp9Wo6sUHs1vFbvKzRteU3wxioorbKu:Y6pkocRtxYyH97Ss1vdTHWVSX78x,
2024-02-02,Other,size-in-bytes,4403,
2024-02-02,Payload delivery,mime-type,application/json,
2024-02-02,Payload delivery,md5,74c1b0395c10c90b9744852f52aebe69,Malware payload
2024-02-02,Payload delivery,sha256,1cf8c5be9dda9141410c639d6fe0ef65bbce8ba6295f7647bcf376c127c594ca,Malware payload
2024-02-02,Payload delivery,tlsh,t1eea195ab31550cbc86248bea94e53e8b47ad0163a098ec18f4a94f4c85ff8f5037a9,
2024-02-02,Payload delivery,ssdeep,48:Yxg3SPhJSPdqKkY7EbnlUQl2uRifk/n0+aW/bDF4w0biYtX8rG2xp9WoKsYUxG1G:QOFkTakuNe9yMG1vbDAieN,
2024-02-02,Other,size-in-bytes,4952,
2024-02-02,Payload delivery,mime-type,application/json,
2024-02-02,Payload delivery,md5,6aca4bb36339e39637dd086d332f5042,Malware payload
2024-02-02,Payload delivery,sha256,309978ac7eab1577364d61c7b6f013d9370089c6d81d25b5ff61976054f3e750,Malware payload
2024-02-02,Payload delivery,tlsh,t1f2a175af21692cbcc61497d259d53e9797ed0053a298ac18bced5f0c92fe8b103759,
2024-02-02,Payload delivery,ssdeep,48:Yxg3SPhJSPdqKkY7EbnlUQl2fhpk6nYK+z9SPmDF4w0dM0tXDSPGo2up9WvseNEO:QOdkBIeKezz9EEEi1vZhYZWEdP,
2024-02-02,Other,size-in-bytes,4940,
2024-02-02,Payload delivery,mime-type,application/json,
2024-02-02,Payload delivery,md5,24a00f5a8fe47f280c8c6f4fdbe38d8c,Malware payload (RiseProStealer)
2024-02-02,Payload delivery,sha256,affb3b2283f232223751bb175b35116e07f3fbea7e041a915ad02faeed8d95a5,Malware payload (RiseProStealer)
2024-02-02,Payload delivery,tlsh,t1df45336562bd84e0c120b1bb04e263f11fdeb21197c049db886fa6e2d5717ee73279,
2024-02-02,Payload delivery,imphash,5ab723dc8d5af21b79dc301ed6a56a64,
2024-02-02,Payload delivery,ssdeep,24576:B+GLGnEGRwQ/cdqGP8+5P80Gj2iVj5UHIwQ2RHW/nSi/GMqQJwh:0+GSQkddnbehUol2R2/SwGMNi,
2024-02-02,Other,size-in-bytes,1196032,
2024-02-02,Payload delivery,mime-type,application/x-dosexec,
2024-02-02,Payload delivery,md5,244c688494cf267a01460179bac0c76e,Malware payload
2024-02-02,Payload delivery,sha256,5cc6f8a4533dfb4a35e05586481c5893bae4a3b6b3597163221a1054e93a3651,Malware payload
2024-02-02,Payload delivery,tlsh,t18941dc7ccf29fce0037db0a088492e2620949e57d6f58e24d9574ee62d7c20acf2b1,
2024-02-02,Payload delivery,ssdeep,48:LGfEFWuJqs9HZNjd+SfprcKyK0hE6S1FtfsC5P3RX5ZWiaoIhSNtS:LGfEFW87jd+Sfpbaq6S1FtfsC5P39Ef/,
2024-02-02,Other,size-in-bytes,2219,
2024-02-02,Payload delivery,mime-type,text/plain,
2024-02-02,Payload delivery,md5,f3c96d12b05edc7d8a201c62b49a145b,Malware payload
2024-02-02,Payload delivery,sha256,a29c430f2306517f40fbf21befb3d50a88de33898cfb7e7a84ee5666c47e0345,Malware payload
2024-02-02,Payload delivery,tlsh,t1c6b533c06136426ed4dfe73b6213bae1a2437e97692552f8a809f58b67fc335208dd,
2024-02-02,Payload delivery,imphash,baa93d47220682c04d92f7797d9224ce,
2024-02-02,Payload delivery,ssdeep,49152:G3TLSUHHz7iwX2fJR9fEy7OjE85Z3ZHf3MqM3/Cb:4TGUHPXhtYKZ3Z/3LM/e,
2024-02-02,Other,size-in-bytes,2316288,
2024-02-02,Payload delivery,mime-type,application/x-dosexec,
2024-02-02,Payload delivery,md5,689ab87be8c1c5d958363b1a17326e5a,Malware payload
2024-02-02,Payload delivery,sha256,9ccb8b16d5d540419c58356edc91b82013af6a9a94723e01f62bc3b2695694db,Malware payload
2024-02-02,Payload delivery,tlsh,t182159e0273d1c062ffab92334b5af6515bbc69260123e61f13a81d79be701b1563e7,
2024-02-02,Payload delivery,imphash,948cc502fe9226992dce9417f952fce3,
2024-02-02,Payload delivery,ssdeep,12288:mqDEvFo+yo4DdbbMWu/jrQu4M9lBAlKhQcDGB3cuBNGE6iOrpfe4JdaDgazTV:mqDEvCTbMWu7rQYlBQcBiT6rprG8aHV,
2024-02-02,Other,size-in-bytes,917504,
2024-02-02,Payload delivery,mime-type,application/x-dosexec,
2024-02-02,Payload delivery,md5,a6b73f416c8fd8a4f706c75b66a54631,Malware payload
2024-02-02,Payload delivery,sha256,25c6d0e8c3f1537ffcf80acddddd12b3ced8e3b1689febf2359fa3ecd0b372cb,Malware payload
2024-02-02,Payload delivery,tlsh,t14ca1a5ab15295c7ccf14c7c299c93a8797ed015363a8ac18bded6f0c82ef4a142619,
2024-02-02,Payload delivery,ssdeep,48:Yxg3SPhJSPdqKkY7EbnlUQl2Shpk6nYK+z1DF4w0dM0tXnT2up9WSFo8ZUfi1vAs:QO8kB5KDz9vLEi1vYYYxBl9sP,
2024-02-02,Other,size-in-bytes,4874,
2024-02-02,Payload delivery,mime-type,application/json,
2024-02-02,Payload delivery,md5,4c124f0c02d808aa5fc1d167ce6cb176,Malware payload (BumbleBee)
2024-02-02,Payload delivery,sha256,90fea0ff6039ff816d3d3b6a7d74d81cf55d2fc72185992bbe077b2611195b68,Malware payload (BumbleBee)
2024-02-02,Payload delivery,tlsh,t17e45e011e6921ff8d476917680ab252bb7303e594719d377abc0d2373d83be06b1a7,
2024-02-02,Payload delivery,imphash,47e01530ad43ec939d1c47709a80a5c6,
2024-02-02,Payload delivery,ssdeep,24576:hFK18pAURvWDd/xiios/xLkCf+lNn+Oc+xBoNd/RCX3eSqCWxEDgimyO:TRgFokkg+/nfOdCNPO,
2024-02-02,Other,size-in-bytes,1223699,
2024-02-02,Payload delivery,mime-type,application/x-dosexec,
2024-02-02,Payload delivery,md5,9a837ce31fd631073ca95dfaa525144e,Malware payload
2024-02-02,Payload delivery,sha256,691563fb9aff02e56c819df3db9e49d46dd7961a3715c5fe7641fc7c049560ae,Malware payload
2024-02-02,Payload delivery,tlsh,t110a1a75b31654cbdc624c7ea94e23e8b57ad0073a194ec14e8ac5f5c95fe8f1037ea,
2024-02-02,Payload delivery,ssdeep,48:Yxg3SPhJSPdqKkY7EbnlUQl29/Rifk/n0+aWblFDF4w0biYtXqlNBT2Hp9Wt0mUK:QO0kTaGuIT49YMG1veKAmR4S,
2024-02-02,Other,size-in-bytes,4832,
2024-02-02,Payload delivery,mime-type,application/json,
2024-02-02,Payload delivery,md5,89560a4f5a4d45f6fef6d698099566ef,Malware payload
2024-02-02,Payload delivery,sha256,471330e36a99003f42464f4eb8c405134bc734032ab13c99d19d754aa37c6e37,Malware payload
2024-02-02,Payload delivery,tlsh,t1e814dfc47535c87bcfa05ad1891daa9474a2f6b6c2203f603adde9ffb18623854c4e,
2024-02-02,Payload delivery,ssdeep,3072:me8lD+cNBY5FIBhO5+1ADO1zPg9ZKQ4EupKwG:me81nNBsFIaw1jzPNQ4o,
2024-02-02,Other,size-in-bytes,199684,
2024-02-02,Payload delivery,mime-type,application/octet-stream,
2024-02-02,Payload delivery,md5,f7437de4b9a559286e0ee1f4d5f8a436,Malware payload
2024-02-02,Payload delivery,sha256,38cc70b9dbdfa989953c26605583516ee747adbfbd81a46c7054fd304f2808a1,Malware payload
2024-02-02,Payload delivery,tlsh,t169a195ab32550cbc86288be694e53e4b47ad0173a094ad28f4ad4f4c85ff8f5037b9,
2024-02-02,Payload delivery,ssdeep,48:Yxg3SPhJSPdqKkY7EbnlUQl2cRifk/n0+aW/bDF4w0biYtX8rG2xp9WoKsYUxG1N:QObkTakuNe9yMG1vbDAAnA8,
2024-02-02,Other,size-in-bytes,4953,
2024-02-02,Payload delivery,mime-type,application/json,
2024-02-02,Payload delivery,md5,04ad54c383f17d8db66d8d45d104e194,Malware payload
2024-02-02,Payload delivery,sha256,06440c703d4961ac21719a2772cf7ab85a1216bb4187c80f95fe1cac9e6d8690,Malware payload
2024-02-02,Payload delivery,tlsh,t16ea1b8ab35664c7c8a2487ea98d53e8b57ac01b3a194ec14b8ad5f4c81fe8f103759,
2024-02-02,Payload delivery,ssdeep,48:Yxg3SPhJSPdqKkY7EbnlUQl2sRifk/n0+aW0DF4w0biYtXnR2Hp9WO8ZUxG1v+bB:QOPkTa1uh49AMG1vSmAtWGAze,
2024-02-02,Other,size-in-bytes,4856,
2024-02-02,Payload delivery,mime-type,application/json,
2024-02-02,Payload delivery,md5,8886bb957fcfcd155dbf3419218538b9,Malware payload
2024-02-02,Payload delivery,sha256,be15cb93413966e4203ada1637a1638237da61f4f96c272e9a7d80f9ec853410,Malware payload
2024-02-02,Payload delivery,tlsh,t102917562261c0cbdc2294ad2a45c76e76bae027790c4fd2898bd9f0ca5ff2b141769,
2024-02-02,Payload delivery,ssdeep,96:jjxcekxq8pVFawTH9o2nTv71vzhHtsIZhSXR+:jjxcvguFaA9o2nbdhNsIrSXR+,
2024-02-02,Other,size-in-bytes,4215,
2024-02-02,Payload delivery,mime-type,application/json,
2024-02-02,Payload delivery,md5,03c8bdc50bf4994dbe8d52b2e39e034e,Malware payload
2024-02-02,Payload delivery,sha256,3cab406477e00607a526882ac42be4ae9cc07610ec424cdf6627047a1f5b2862,Malware payload
2024-02-02,Payload delivery,tlsh,t13091a7b7151c0cbc8a2487d7a5a43bd7567f41a7e0849d68f9bc8f0ce0fe1b50176a,
2024-02-02,Payload delivery,ssdeep,96:YAvwlmkvQISnya0o9HT2FJ1vltPBihUlQnE:YAvIXo9z2FBiGeE,
2024-02-02,Other,size-in-bytes,4329,
2024-02-02,Payload delivery,mime-type,application/json,
2024-02-02,Payload delivery,md5,f11e935c4dfacb1f712462abde576c25,Malware payload
2024-02-02,Payload delivery,sha256,9694fd08b181fa0caa2b22e4dde9eed35cb23fd5661a8cacefa500d03c31b5e1,Malware payload
2024-02-02,Payload delivery,tlsh,t1e6a185ab11696cbc8a1487d699d53e8797ad0053a298ac18bced6f0c92ff4b103659,
2024-02-02,Payload delivery,ssdeep,48:Yxg3SPhJSPdqKkY7EbnlUQl2yhpk6nYK+z9SPmDF4w0dM0tXDSPGo2up9WvseNEu:QOwkBIeKezz9EEEi1vZhYqKvdP,
2024-02-02,Other,size-in-bytes,4940,
2024-02-02,Payload delivery,mime-type,application/json,
2024-02-02,Payload delivery,md5,a9423e3e63a1d9e184b6ccf400cba65e,Malware payload
2024-02-02,Payload delivery,sha256,0d7c61e5b53d2be55fd6956ec4e36813ca04b62e4f96945535ddff3f9c3e68ed,Malware payload
2024-02-02,Payload delivery,tlsh,t1af91862561141cfd8a28869fe0447af35bee059391d4ec28d4ae5f5ca1ff6f100769,
2024-02-02,Payload delivery,ssdeep,96:zOzOi+km7O8ZlOFKiwTH9DnT71vfihHxisoZ5pzuM4+:aPHKT9TTx+RJoDpzZ3,
2024-02-02,Other,size-in-bytes,4261,
2024-02-02,Payload delivery,mime-type,application/json,
2024-02-02,Payload delivery,md5,d028125098877cf0b54f19da78961b7e,Malware payload
2024-02-02,Payload delivery,sha256,6be3527de12cdc4bbf713b0b5e6631b07df9532430000467e5683ae5f8bdf021,Malware payload
2024-02-02,Payload delivery,tlsh,t17e9185f771155eb8c61fc5ea96a938cecabd005390705c2ce59a4b0b88fe1b55323d,
2024-02-02,Payload delivery,ssdeep,96:XGV9k0yan4wgaBSQcsTN9+BMOy0G1vRctHsz9UAeGcMYoFVXr:x0049rVGmlvYoX,
2024-02-02,Other,size-in-bytes,4529,
2024-02-02,Payload delivery,mime-type,application/json,
2024-02-02,Payload delivery,md5,42d53c60203748270d0cbe88cb9a8c1a,Malware payload
2024-02-02,Payload delivery,sha256,9d7978a4e818ee126148fc134bd8258bb1ab82e53522900446681c8eaa5fb9ed,Malware payload
2024-02-02,Payload delivery,tlsh,t1a091b5b7162c4dac8a1487d395903b97667f8167e0849e68b9a88f08e0fe1f51136a,
2024-02-02,Payload delivery,ssdeep,48:Yx5AvwlYYw7KbsJkmnh+0DFU0omOtXxR23p9WtY2UKJ1vybaKqRrC3wxioi31qwE:YAvwlYkv0S7U9/2FJ1vu8i31HE,
2024-02-02,Other,size-in-bytes,4323,
2024-02-02,Payload delivery,mime-type,application/json,
2024-02-02,Payload delivery,md5,9d95b769f4f5de45ddcab5641bd13b5e,Malware payload
2024-02-02,Payload delivery,sha256,7d7d6c2cb0aa25716209c0e4181829e36969e0ac8eb320bbccab8bc8a0b67a35,Malware payload
2024-02-02,Payload delivery,tlsh,t13db533f9cab26685f09f4ff5ab520ac50a0b0e9b6556128e375df365433d8b3ca20d,
2024-02-02,Payload delivery,imphash,baa93d47220682c04d92f7797d9224ce,
2024-02-02,Payload delivery,ssdeep,49152:4zHvG+yRBlhaCNw1IJ+kcemzXOBDRMDH9D9EeALAy1UMOG:kvTyRBhNw7uBDRWDueALlOG,
2024-02-02,Other,size-in-bytes,2280960,
2024-02-02,Payload delivery,mime-type,application/x-dosexec,
2024-02-02,Payload delivery,md5,f1046c59d48200b9fddb146874b71bf6,Malware payload (Mirai)
2024-02-02,Payload delivery,sha256,e8f6c210431b6883e0c7cbfaa2489ddc0860fc4d5c61f2c16f3502e8c81674ee,Malware payload (Mirai)
2024-02-02,Payload delivery,tlsh,t1c53317c4e903ddfddc5619712137eb328772f13b1029ea87e7acaa22ac46b41d4472,
2024-02-02,Payload delivery,ssdeep,1536:O13kynNjv6czSEZeLmI37KNCgoTcpoQzWxS2RAfah58Q:AUyntv6cuEZ437KAgowpoeiSi1D,
2024-02-02,Other,size-in-bytes,54864,
2024-02-02,Payload delivery,mime-type,application/x-executable,
2024-02-02,Payload delivery,md5,68e2258bd36cd3c3218912a9cd63bd4e,Malware payload
2024-02-02,Payload delivery,sha256,d1e6aee8b2085bfe5a1ec6269f16810cdaa823afb03b7fa56c868094e3a8a275,Malware payload
2024-02-02,Payload delivery,tlsh,t1d691525629386d7ccb5885ca88fc3d4f567d105bf1609c14a6de8e0ae2ff1f183a65,
2024-02-02,Payload delivery,ssdeep,96:eyKrkYOhDH5R0DWfrfT594ds1Y7g1vUreHTMsgiFEz9y8JeR:eyKQThr5RIWfrt94ds1Y7FrezMsgiFEu,
2024-02-02,Other,size-in-bytes,4614,
2024-02-02,Payload delivery,mime-type,application/json,
2024-02-02,Payload delivery,md5,adfb145e7b699bc085d0f0e1050a3182,Malware payload (Amadey)
2024-02-02,Payload delivery,sha256,48cd5e39db95d9951651c5e899e526e45b9c273b62b28004851a29b612df8139,Malware payload (Amadey)
2024-02-02,Payload delivery,tlsh,t19b64f225bae1d032f5b785746934c2b54d2ffc97a571408fa2693a2f1a722c2dee03,
2024-02-02,Payload delivery,imphash,c33a7b4022bd29f9ba900fe89020dcf9,
2024-02-02,Payload delivery,ssdeep,6144:dWLyqmaNfuxCE0/X3ViKFPUp6KI5M1dosMYOMXrD67:gmq3uN0flVPUg6UjMXrD6,
2024-02-02,Other,size-in-bytes,328192,
2024-02-02,Payload delivery,mime-type,application/x-dosexec,
2024-02-02,Payload delivery,md5,9ef6a54a3116f6333926e0af02567dfa,Malware payload (RedLineStealer)
2024-02-02,Payload delivery,sha256,e38c4677732e1740d13c8f86c641c19a72a009b4d91c887767ed47ee59f6a672,Malware payload (RedLineStealer)
2024-02-02,Payload delivery,tlsh,t186f412247691c2b3e4f3013258e6cb35ae7670a14b7296cbb6dc1ba55e213e5b3341,
2024-02-02,Payload delivery,imphash,bf5a4aa99e5b160f8521cadd6bfe73b8,
2024-02-02,Payload delivery,ssdeep,12288:Th1Fk70TnvjcDaeRuBU6MIMZt4OtXYEeSaYtPMuswRrmQg2ARSYw5EBDQ4q91rV4:Jk70Trc4BU9IMZ+SYPS1MiRr7AE/55xk,
2024-02-02,Other,size-in-bytes,743680,
2024-02-02,Payload delivery,mime-type,application/x-dosexec,
2024-02-02,Payload delivery,md5,fcca94333209d3b4f0fa0fce8ee653aa,Malware payload
2024-02-02,Payload delivery,sha256,5311390925f1e81d5ea8fe7bd12e419022bca46c870140b1e2e523b875066f54,Malware payload
2024-02-02,Payload delivery,tlsh,t16891a6b7152c4cbd8a248bd395a43bd7567f8167e084ad68b9bc8f0ce0fe1b50136b,
2024-02-02,Payload delivery,ssdeep,96:YAvwlxkvQISnya0o9HT2FJ1vltPBiDjcUnE:YAvxXo9z2FBiDjc0E,
2024-02-02,Other,size-in-bytes,4329,
2024-02-02,Payload delivery,mime-type,application/json,
2024-02-02,Payload delivery,md5,4d1a4b3096f4a39f3a91df2f6efd43c6,Malware payload (Smoke Loader)
2024-02-02,Payload delivery,sha256,ca5b5e71addd8a56460eefad5cd368a5f6aca71b7a2d6dcfb312f45d1ae6e20b,Malware payload (Smoke Loader)
2024-02-02,Payload delivery,tlsh,t14204cf1139f0c832e6f745789934c2a52d7bfc76aa61c28f3548eb9b2e723d049693,
2024-02-02,Payload delivery,imphash,c33a7b4022bd29f9ba900fe89020dcf9,
2024-02-02,Payload delivery,ssdeep,3072:ZImLZgPyzE0fvInjwdg2UuLVGm3fKOSA5Szx6TN45:PLZkvpnjAsuLYmvoz7,
2024-02-02,Other,size-in-bytes,175616,
2024-02-02,Payload delivery,mime-type,application/x-dosexec,
2024-02-02,Payload delivery,md5,cf96464286d489873fce749bfefea61d,Malware payload
2024-02-02,Payload delivery,sha256,e61fbc807662dec250b372347b139cd8a348d748a3ee764106123d5e4ddf84ee,Malware payload
2024-02-02,Payload delivery,tlsh,t134a162ab31550cacc62987da94e53b8b97bc00639494ec28b4dc5f5c92fe9f1437a9,
2024-02-02,Payload delivery,ssdeep,48:Yxg3SPhJSPdqKkY7EbnlUQl2uRifk/n0+aWCDF4w0biYtXnQbZ2Hp9WjyUxG1vCM:QOdkTa1uAbZ49bMG1vCb8vbJATa,
2024-02-02,Other,size-in-bytes,5005,
2024-02-02,Payload delivery,mime-type,application/json,
2024-02-02,Payload delivery,md5,aa8440838fea103ba5da85c366480621,Malware payload (RiseProStealer)
2024-02-02,Payload delivery,sha256,acd0a45b6464209b4d4150a683c2e9dbc9b183d7a54527ab6b9757c594ad47a1,Malware payload (RiseProStealer)
2024-02-02,Payload delivery,tlsh,t1f845333d615a74e1da1232fd88c740902eab7652e4c59b47266fcaf94cb8dcd2768c,
2024-02-02,Payload delivery,imphash,5ab723dc8d5af21b79dc301ed6a56a64,
2024-02-02,Payload delivery,ssdeep,24576:Y3n9kiTkFFBOjNsyiQTJN7OQPEwQERHW/nSPZunT11wkieAa5c:iKiTkFFBwPTJNZclER2/SPZASkrl,
2024-02-02,Other,size-in-bytes,1194496,
2024-02-02,Payload delivery,mime-type,application/x-dosexec,
2024-02-02,Payload delivery,md5,e00e149986ad4816ab27d406606c563c,Malware payload
2024-02-02,Payload delivery,sha256,7ec1bc40baa7f4a3563232dac93ba3dcc67fb447b1d475997ba8395969c0a1e5,Malware payload
2024-02-02,Payload delivery,tlsh,t1bea1c7ab31564c7cca2487da98e53e8b576c01b39194ec14b9ec5f4c91fe8f1437a9,
2024-02-02,Payload delivery,ssdeep,48:Yxg3SPhJSPdqKkY7EbnlUQl21JRifk/n0+aW0DF4w0biYtXnR2Hp9WO8ZUxG1v+F:QO2kTa1uh49AMG1vSmABECqc,
2024-02-02,Other,size-in-bytes,4856,
2024-02-02,Payload delivery,mime-type,application/json,
2024-02-02,Payload delivery,md5,86463229ef56a6cd737a83c66d23fbbf,Malware payload
2024-02-02,Payload delivery,sha256,752ecbddf4bd8533d8305c383bdcac716c19e9a5accb5674afa7404a075054b4,Malware payload
2024-02-02,Payload delivery,tlsh,t163b533f269772599f03b27b89816675839cbff134180604e7a90fc688ffe234a214f,
2024-02-02,Payload delivery,imphash,baa93d47220682c04d92f7797d9224ce,
2024-02-02,Payload delivery,ssdeep,49152:7MoGEFaIJ9CDB4OQAMD4x8ytqpjNLQTnwt/5OdNebSRIk5/:7MoJaIJ9Cd4pAMD4xoOTwt/5Ob3d,
2024-02-02,Other,size-in-bytes,2338304,
2024-02-02,Payload delivery,mime-type,application/x-dosexec,
2024-02-02,Payload delivery,md5,b560d43d2b4e6dd8b9bae9dd171f587e,Malware payload
2024-02-02,Payload delivery,sha256,f2f1f0b4ea8488fd649b598527159b8b48899441d900c51ee611e9dda9ec57d8,Malware payload
2024-02-02,Payload delivery,tlsh,t18141cb7ccf29f8e0037db0a088492e2620949e57d6b58e24d9574ee62d7c24adf2b1,
2024-02-02,Payload delivery,ssdeep,48:LGfEFWuJqs9HZNjd+SfprcKyK0hE6S1FtfsC5P3RX5ZWiaoIhSNtu:LGfEFW87jd+Sfpbaq6S1FtfsC5P39EfL,
2024-02-02,Other,size-in-bytes,2219,
2024-02-02,Payload delivery,mime-type,text/plain,
2024-02-02,Payload delivery,md5,fcff76e163ac9e0531a5b65e3feb06a3,Malware payload
2024-02-02,Payload delivery,sha256,bdf64fa6a29edb1e08b1171a72aa81ba0f318d73d8a07ed2ab9e2ffbf3d07cdf,Malware payload
2024-02-02,Payload delivery,tlsh,t19ba1c66b35554cbcc624c7ea94e23e8757ad0073a5d4ac14a8ac4f5c95fe8f1037ea,
2024-02-02,Payload delivery,ssdeep,48:Yxg3SPhJSPdqKkY7EbnlUQl2YRifk/n0+aWblFDF4w0biYtXqlNBT2Hp9Wt0mUxt:QOzkTaGuIT49YMG1veKA7vj5vb,
2024-02-02,Other,size-in-bytes,4832,
2024-02-02,Payload delivery,mime-type,application/json,
2024-02-02,Payload delivery,md5,2187181f7d955e49dd24a5bf86b3061f,Malware payload
2024-02-02,Payload delivery,sha256,c99196cb421db116c821464de355ae0a0d730a3cbfbd27718f21b4a731c89ad0,Malware payload
2024-02-02,Payload delivery,tlsh,t178917566261c0dbdc3294b92905c7ad76bee027390d4fd2888bd5f0ca5ff2b141769,
2024-02-02,Payload delivery,ssdeep,96:jjsgekxq8pVFawTH9o2nTv71vzhHtsIZh79R+:jjsgvguFaA9o2nbdhNsIr79R+,
2024-02-02,Other,size-in-bytes,4215,
2024-02-02,Payload delivery,mime-type,application/json,
2024-02-02,Payload delivery,md5,7b024c10e96bcf76e5ed1aa7205a7980,Malware payload (RedLineStealer)
2024-02-02,Payload delivery,sha256,c5f87c7ded849b68ba753db4a4b0cca214ca13826fc7bbb3837ff37a772553c8,Malware payload (RedLineStealer)
2024-02-02,Payload delivery,tlsh,t16cf4122134d1c072d4b6483148eacf6a5a697472177aa1dbb7ec1b796f613e0b7323,
2024-02-02,Payload delivery,imphash,bf5a4aa99e5b160f8521cadd6bfe73b8,
2024-02-02,Payload delivery,ssdeep,12288:/h1Fk70Tnvjc0MWI5yUlaETvXgHI8v1NzcmUVHiQ/eEfW5uUCeSx8:1k70Trc0FaaEQFt1liTGEe5uLO,
2024-02-02,Other,size-in-bytes,744192,
2024-02-02,Payload delivery,mime-type,application/x-dosexec,
2024-02-02,Payload delivery,md5,ae408b8f444746f328ea9c5904c38aea,Malware payload (Amadey)
2024-02-02,Payload delivery,sha256,4e18a358955a62e3084141d191f0d233d7010e0737e032f91cc6eaa3ee9c4a2a,Malware payload (Amadey)
2024-02-02,Payload delivery,tlsh,t1be0523f41b9f3588f3f5a4f9070f8b90aa9c7d5ac681d3117b8f25160e295ce6b039,
2024-02-02,Payload delivery,imphash,7515ecf8c0dfa4d230ad835fe0acb57f,
2024-02-02,Payload delivery,ssdeep,24576:XsXVJoMnGGV9nnSCwQhBaWnBCquHrZba8fkU:cFDpnSClhBaWntuLZba8fk,
2024-02-02,Other,size-in-bytes,811520,
2024-02-02,Payload delivery,mime-type,application/x-dosexec,
2024-02-02,Payload delivery,md5,ab8261148a74f51c549b1f849e6c50d5,Malware payload
2024-02-02,Payload delivery,sha256,fe4b1ccde2d71f54928e03463283b46607b85a1f77323b52617d6722882ad3f6,Malware payload
2024-02-02,Payload delivery,tlsh,t16ca195ab31550cbc86248bea95e53e8b47ad0163a094ec18f4ad4f4c85ff8f6037b9,
2024-02-02,Payload delivery,ssdeep,48:Yxg3SPhJSPdqKkY7EbnlUQl2aRifk/n0+aW/bDF4w0biYtX8rG2xp9WoKsYUxG1T:QOZkTakuNe9yMG1vbDAgZvH,
2024-02-02,Other,size-in-bytes,4953,
2024-02-02,Payload delivery,mime-type,application/json,
2024-02-02,Payload delivery,md5,65514c90fc00beefe02b3be09b4b6988,Malware payload (Healer)
2024-02-02,Payload delivery,sha256,79a4e1aaf3405b29714ab27de02df3ae536de13a858f0996ca8f3f1d81cc18f8,Malware payload (Healer)
2024-02-02,Payload delivery,tlsh,t15ed423ad832f3514e47cfaf441d113989a6476cc540c860a264f278f5cb9bdeaf66c,
2024-02-02,Payload delivery,imphash,436f7e4bc6bece183fb5bacd9f2ff7d3,
2024-02-02,Payload delivery,ssdeep,12288:Fo7YNQ52YcKify3iC1Lh5WauUPnIpx6kdLOaS5QTCEnu:GwQ0siK3dkLR1nTzn,
2024-02-02,Other,size-in-bytes,617472,
2024-02-02,Payload delivery,mime-type,application/x-dosexec,
2024-02-02,Payload delivery,md5,0dc077c76b1725313a2ddd2d536ff8c7,Malware payload
2024-02-02,Payload delivery,sha256,173226a3d89d7efbb11828753dd0ed760b8f5923bb9cacdece0db791dfae6ab6,Malware payload
2024-02-02,Payload delivery,tlsh,t19ea1849732554cbc8b248bea54e63aab47ad0073a094dc24e9ad4f4c95ff8f14276d,
2024-02-02,Payload delivery,ssdeep,48:Yxg3SPhJSPdqKkY7EbnlUQl2/Rifk/n0+aWHbgDF4w0biYtXcgFi2Hp9WoibUxG/:QOykTaRug49KMG1v5vA57uJ,
2024-02-02,Other,size-in-bytes,4770,
2024-02-02,Payload delivery,mime-type,application/json,
2024-02-02,Payload delivery,md5,f4999b48b322e41d973d5e2d34ae60e4,Malware payload
2024-02-02,Payload delivery,sha256,3d7235214a5077e924426c0ba526a95be8d92798f6a77211bfec217c090d7a21,Malware payload
2024-02-02,Payload delivery,tlsh,t154a1759b61692cbc8614c7d699d93e8797fd0053a298ac18fced6f0c92ff4a203655,
2024-02-02,Payload delivery,ssdeep,48:Yxg3SPhJSPdqKkY7EbnlUQl2Chpk6nYK+z9SPmDF4w0dM0tXDSPGo2up9WvseNEo:QOIkBIeKezz9EEEi1vZhYz5FtJdP,
2024-02-02,Other,size-in-bytes,4940,
2024-02-02,Payload delivery,mime-type,application/json,
2024-02-02,Payload delivery,md5,847b084925ff12bda3f462dcac39432d,Malware payload
2024-02-02,Payload delivery,sha256,bfc5a5623c2c675611289819ecff11e5015783ddc723d6a88d5227561db1728c,Malware payload
2024-02-02,Payload delivery,tlsh,t119a174eb65651cbcca18c7c684d93b8787fc015352a4ec28e8ac5b0c93ff97153669,
2024-02-02,Payload delivery,ssdeep,48:Yxg3SPhJSPdqKkY7EbnlUQl2Yhpk6nYK+z1DF4w0dM0tXnGbZ2up9WSgyUfi1vUh:QOOkBhKWbZz9BEi1vUb8pbbYeAP,
2024-02-02,Other,size-in-bytes,5033,
2024-02-02,Payload delivery,mime-type,application/json,
2024-02-02,Payload delivery,md5,497d4c57a894d71a83161e20dfd03db9,Malware payload
2024-02-02,Payload delivery,sha256,9163b58e69309158d2d8cc57213f0005c6099e4c5b88849a9abb02d06ed9daad,Malware payload
2024-02-02,Payload delivery,tlsh,t17991417622180d7dc63482c6a4557ad767be0267a0d4ac28a8be4f4ca7ff1f205b59,
2024-02-02,Payload delivery,ssdeep,48:YxCzt2fbZkvnY+Cs+DF4w0nltXPSjeUT2Gp9WnTUd81vdE7b/KcRezbC3wxioora:MbZknCs+w/05TH9I681vdEHAbpZc119O,
2024-02-02,Other,size-in-bytes,4237,
2024-02-02,Payload delivery,mime-type,application/json,
2024-02-02,Payload delivery,md5,079af92d6bb2d7b67d4a1fa87109b050,Malware payload
2024-02-02,Payload delivery,sha256,9e0071f053fe4092161ac907a2de8644de1f0141e9eb6aaca16036831f5b5cc0,Malware payload
2024-02-02,Payload delivery,tlsh,t14a91645a26085dbdcb9496d3e4803ec7c76e1053e194ee28a4fd9b08a1ff1f102b6a,
2024-02-02,Payload delivery,ssdeep,48:YxY6wBqdlpkofn16Ru+FvDF4w0NhtXpk2Kp9Wo6sUHs1vFbvKzRteU3wxioorbJs:xapkocRtxYyH97Ss1vdTHWJhdxUx,
2024-02-02,Other,size-in-bytes,4403,
2024-02-02,Payload delivery,mime-type,application/json,
2024-02-02,Payload delivery,md5,f008f2d633a1ce8a1ed2fb049d41dcaf,Malware payload (BumbleBee)
2024-02-02,Payload delivery,sha256,5c03dd69cf630c4191058f75b4b671f1501d13b5257b55958cf9bb51a409111b,Malware payload (BumbleBee)
2024-02-02,Payload delivery,tlsh,t14645e011e6920fe4c47651b681ab263fbb347e194328d377abc0d2377d927e05f1aa,
2024-02-02,Payload delivery,imphash,47e01530ad43ec939d1c47709a80a5c6,
2024-02-02,Payload delivery,ssdeep,24576:G2+iTnzomLqXkjqxUuSgX9ZpzVgAf7UC0xscSAmK+Cw9C7:/nHPI48uH+CwO,
2024-02-02,Other,size-in-bytes,1223188,
2024-02-02,Payload delivery,mime-type,application/x-dosexec,
2024-02-02,Payload delivery,md5,05e2ff6522a204d03581e2684cdc133a,Malware payload (RiseProStealer)
2024-02-02,Payload delivery,sha256,54fe5c214dedc3f373590f5dbc816eac8fcddfaea5b3c9bec9f5b1c228ef9b79,Malware payload (RiseProStealer)
2024-02-02,Payload delivery,tlsh,t1cd4533e5950b5ac1c4bec1fa70cc2490baae7ced92470a2d685f1ad11cdc48d931be,
2024-02-02,Payload delivery,imphash,5ab723dc8d5af21b79dc301ed6a56a64,
2024-02-02,Payload delivery,ssdeep,24576:+f6Nsdm3OuKgKhnnwjkO79swQ9N2K3yWds0JkKyVXxUvZymLFr/G:C43OuKgKhwd7WliadsLfUsmL5/,
2024-02-02,Other,size-in-bytes,1195008,
2024-02-02,Payload delivery,mime-type,application/x-dosexec,
2024-02-02,Payload delivery,md5,184ee860456126ef24fa9afd839c2bab,Malware payload
2024-02-02,Payload delivery,sha256,45d81a7192704c5e1a963f35ec60d5e6509375022221997b5f9b6eb20fb5f9f7,Malware payload
2024-02-02,Payload delivery,tlsh,t138a1a4ab11795cbccb14c7c289c93a8797ec015353a8ac18bdec6f0c92ff8b142659,
2024-02-02,Payload delivery,ssdeep,48:Yxg3SPhJSPdqKkY7EbnlUQl2thpk6nYK+z1DF4w0dM0tXnT2up9WSFo8ZUfi1vAo:QObkB5KDz9vLEi1vYYYye6dHP,
2024-02-02,Other,size-in-bytes,4874,
2024-02-02,Payload delivery,mime-type,application/json,
2024-02-02,Payload delivery,md5,4ea20d02c88a27affb66cde7d495518d,Malware payload
2024-02-02,Payload delivery,sha256,0ec1f75730ef555931f5bf0ce4d6b20c32af2cddc645f0ffaada289c4def1c6e,Malware payload
2024-02-02,Payload delivery,tlsh,t120a197ab15691cbc8714cbc355d93a9787ed0153a2a8ac18fced5f0c82ff4b603669,
2024-02-02,Payload delivery,ssdeep,48:Yxg3SPhJSPdqKkY7EbnlUQl2lhpk6nYK+zebDF4w0dM0tX8r82bp9WG9sYUfi1v0:QO/kBAKpg9nEi1v1/YbDhQMpP,
2024-02-02,Other,size-in-bytes,4971,
2024-02-02,Payload delivery,mime-type,application/json,
2024-02-02,Payload delivery,md5,fe4658bdd7f47d748d5b16d6c3a66475,Malware payload
2024-02-02,Payload delivery,sha256,5c0b2ba1915952cd8c41a634ee289a10d6dd9758bbd1c6984eaeff3612024d06,Malware payload
2024-02-02,Payload delivery,tlsh,t1ac91959a26095dbcca5496d3e4903ad7c77e0093b198ed2ce4fc9f08e1ef0f04276a,
2024-02-02,Payload delivery,ssdeep,48:YxY6wkdlpkofn16Ru+FzvDFU0NhtXN3rm/2xp9WhHp6Y2UHs1vhmObvK3moRteUd:MpkocRtp9hEA9Sr2Ss1vhPMeHL+ggHx,
2024-02-02,Other,size-in-bytes,4274,
2024-02-02,Payload delivery,mime-type,application/json,
2024-02-02,Payload delivery,md5,d199237aef3896d9de09f3eda2f05520,Malware payload
2024-02-02,Payload delivery,sha256,90a5e8832832fcc5b8134ebb17327f368d1d464874a52ef15bb6338e1c522d9a,Malware payload
2024-02-02,Payload delivery,tlsh,t12ba196ab61795cbcc724c7c695c63a8357ed0053a3a4ad14ecad5f0c81fe8b1426aa,
2024-02-02,Payload delivery,ssdeep,48:Yxg3SPhJSPdqKkY7EbnlUQl27/hpk6nYK+zMlFDF4w0dM0tXqlNjT2up9WMTv0mg:QOpkB6KoTz9DEi1vgQYFpP,
2024-02-02,Other,size-in-bytes,4850,
2024-02-02,Payload delivery,mime-type,application/json,
2024-02-02,Payload delivery,md5,527d693ad13b709fb5ab4499e4a0fea3,Malware payload
2024-02-02,Payload delivery,sha256,21b80ec0376dc2ff8bf86e3ad927a8c1943049cbd623ed39783955434fe9fad0,Malware payload
2024-02-02,Payload delivery,tlsh,t120a1849716685cbccf14c7d744da3aab97ed0053a2a4ac14eded5f0c91ff8b502629,
2024-02-02,Payload delivery,ssdeep,48:Yxg3SPhJSPdqKkY7EbnlUQl2Ihpk6nYK+zobgDF4w0dM0tXcg/i2up9WXibUfi1y:QOCkBtKCz93Ei1vnfY7KkwaHP,
2024-02-02,Other,size-in-bytes,4788,
2024-02-02,Payload delivery,mime-type,application/json,
2024-02-02,Payload delivery,md5,992dd000c6b650b9586dcea62f136172,Malware payload
2024-02-02,Payload delivery,sha256,2031b36c1924c701712ed9a153d611bbf971cf78e9d0b92edfae19a28426a057,Malware payload
2024-02-02,Payload delivery,tlsh,t152159e0273d1c062ffab92334b5af6515bbc69260123e61f13a81d79be701b1563e7,
2024-02-02,Payload delivery,imphash,948cc502fe9226992dce9417f952fce3,
2024-02-02,Payload delivery,ssdeep,12288:lqDEvFo+yo4DdbbMWu/jrQu4M9lBAlKhQcDGB3cuBNGE6iOrpfe4JdaDgaiTj:lqDEvCTbMWu7rQYlBQcBiT6rprG8aCj,
2024-02-02,Other,size-in-bytes,918528,
2024-02-02,Payload delivery,mime-type,application/x-dosexec,
2024-02-02,Payload delivery,md5,e3b17a20ee91618966cbbaef54a9196c,Malware payload
2024-02-02,Payload delivery,sha256,042aeb019c3f8fb0cdf0fe179386c814525905b1387e53cbaa36891b50a6131e,Malware payload
2024-02-02,Payload delivery,tlsh,t143a1756b31551cac861487eb98e13e8b87bd00a3a094ec18b8ed5f5896fe8f103759,
2024-02-02,Payload delivery,ssdeep,48:Yxg3SPhJSPdqKkY7EbnlUQl2LoRifk/n0+aWKSPmDF4w0biYtXDSPGq2Hp9Wcsef:QOxFkTaUeuef49VEMG1vHRAeaHt,
2024-02-02,Other,size-in-bytes,4922,
2024-02-02,Payload delivery,mime-type,application/json,
2024-02-02,Payload delivery,md5,9094b6759d66c7258c054a8e2a2601ab,Malware payload
2024-02-02,Payload delivery,sha256,a1c6ec6488219a4a38012cbbb18854bb725889876e4d1fb09912eb1c01381510,Malware payload
2024-02-02,Payload delivery,tlsh,t17e9185e7b1155eb8c61fc5ee96e939cecabd005390305c1ce5aa4b0b88fe1b51323d,
2024-02-02,Payload delivery,ssdeep,96:XGG9k0yan4wgaBSQcsTN9+BMOy0G1vRctHsz9UAeGy5u3jQVXr:O0049rVGmlyo3O,
2024-02-02,Other,size-in-bytes,4539,
2024-02-02,Payload delivery,mime-type,application/json,
2024-02-02,Payload delivery,md5,67922f5943052b1338f8411c95459642,Malware payload
2024-02-02,Payload delivery,sha256,5c9e864524e0e8c6b3eed38d41053bc6c512c5d4ef1a4c73f37ec2b6df35df6e,Malware payload
2024-02-02,Payload delivery,tlsh,t110b533e2b8764125f8b7e73ac165da5531af7c2b9422a08a18b8f39153fd3b17607c,
2024-02-02,Payload delivery,imphash,baa93d47220682c04d92f7797d9224ce,
2024-02-02,Payload delivery,ssdeep,49152:R1JX9xc5nGircLiuqhxv7W2q7+PSKTaUz:3JW1ALU3Pg+Pfa,
2024-02-02,Other,size-in-bytes,2294272,
2024-02-02,Payload delivery,mime-type,application/x-dosexec,
2024-02-02,Payload delivery,md5,7502c147492606a6b22c3bf5af4eb23e,Malware payload
2024-02-02,Payload delivery,sha256,76158b40265b008f5653683d7abe33810b0de371621fce92b643c2e1ad6a257e,Malware payload
2024-02-02,Payload delivery,tlsh,t149a63314f3841ef9fc6a823d86a6d43aa77374119764c69f4bb817700f039e2b436b,
2024-02-02,Payload delivery,imphash,1af6c885af093afc55142c2f1761dbe8,
2024-02-02,Payload delivery,ssdeep,196608:hh78A7f5ion3dDTmLjv+bhqNVoQsSEsucjSEVIJHwa51PxRf0:T8a5ietyL+9qz5sSJHepHn5fRf,
2024-02-02,Other,size-in-bytes,10348984,
2024-02-02,Payload delivery,mime-type,application/x-dosexec,
2024-02-02,Payload delivery,md5,62aa81c9f82145474525dd0a74f666ac,Malware payload
2024-02-02,Payload delivery,sha256,d705d52f125d3e69a9d81c460494674a01daa4d57e93a149c37b15b09b6fdf28,Malware payload
2024-02-02,Payload delivery,tlsh,t1caa1859b31551cac852487ea98e13e8b97bd00a7a1c4ac28b4ed5f4896fe8f103769,
2024-02-02,Payload delivery,ssdeep,48:Yxg3SPhJSPdqKkY7EbnlUQl2qRifk/n0+aWKSPmDF4w0biYtXDSPGq2Hp9WcseNT:QO5kTaUeuef49VEMG1vHRAz1sgt,
2024-02-02,Other,size-in-bytes,4922,
2024-02-02,Payload delivery,mime-type,application/json,
2024-02-02,Payload delivery,md5,963895c5c6dcd07ea8f8c7d3daaf6aec,Malware payload
2024-02-02,Payload delivery,sha256,28ae0166c6ce11bafbc024368b2df05e9d9ebbecd349d201657c6ccfdac3d7f6,Malware payload
2024-02-02,Payload delivery,tlsh,t15191769a27085ebdca5496e3d5843ad7c76e0093a094ed2ce9fd9f08e1ef1f002799,
2024-02-02,Payload delivery,ssdeep,48:YxY6wvdlpkofn16Ru+FkDFU0NhtXeV2Qp9We6T2UHs1vibvKqRteU3wxioLNJUc6:npkocRtG9U/9K2Ss1veiHL8Tx,
2024-02-02,Other,size-in-bytes,4274,
2024-02-02,Payload delivery,mime-type,application/json,
2024-02-02,Payload delivery,md5,f6c65d3297995e19e170f63a4e2a14f3,Malware payload
2024-02-02,Payload delivery,sha256,76ba51e15de7e590ac59c76447b8e9b7bccd3e2946515ebb9ec0858b2e0005f3,Malware payload
2024-02-02,Payload delivery,tlsh,t1aa91649a26095dbcca4496e3e8903ad7876e1493f198dd2ce4fd9f08e1ef1f04276e,
2024-02-02,Payload delivery,ssdeep,48:YxY6wpdlpkofn16Ru+FzvDFU0NhtXN3rm/2xp9WhHp6Y2UHs1vhmObvK3moRteU2:ppkocRtp9hEA9Sr2Ss1vhPMeHLbFrx,
2024-02-02,Other,size-in-bytes,4284,
2024-02-02,Payload delivery,mime-type,application/json,
2024-02-02,Payload delivery,md5,c3edad00534327ffbad99d93e0bd5dac,Malware payload
2024-02-02,Payload delivery,sha256,13a47180a002f4bacb016a97b77890195c3c146c4f727d24a346e8fc6eca4134,Malware payload
2024-02-02,Payload delivery,tlsh,t141b533f1aaf7011ed6dbf776a0071ee1ce079dab14b190641618f86dcb7e63b8118c,
2024-02-02,Payload delivery,imphash,baa93d47220682c04d92f7797d9224ce,
2024-02-02,Payload delivery,ssdeep,49152:j9Ro0PVoRTvtg50xn3urylflsDPDXawPNhmbZHf5iIl:j9W0WRTy0NeryluDPz/hwZHfoIl,
2024-02-02,Other,size-in-bytes,2294272,
2024-02-02,Payload delivery,mime-type,application/x-dosexec,
2024-02-02,Payload delivery,md5,db3f5d59fe2ec2bcbe0939778aab625a,Malware payload (RiseProStealer)
2024-02-02,Payload delivery,sha256,31cb8149747f462e8ecfa33000af870f5681841f91474ff9d2cf0b32a262a7f3,Malware payload (RiseProStealer)
2024-02-02,Payload delivery,tlsh,t18e4533fc92929480f211faf07d97845e25f838e914897695aa6f67c31cf60ce2b837,
2024-02-02,Payload delivery,imphash,5ab723dc8d5af21b79dc301ed6a56a64,
2024-02-02,Payload delivery,ssdeep,24576:ZixMeR7ThM4T19oPiesOwQAiyIakELPa2YLbnQ3v0lq+AXpdLORT:gWI79JwPtlJL8i2YLbQcq+AZ6,
2024-02-02,Other,size-in-bytes,1196032,
2024-02-02,Payload delivery,mime-type,application/x-dosexec,
2024-02-02,Payload delivery,md5,cee0f23bad246ba42fd8206181e6522e,Malware payload
2024-02-02,Payload delivery,sha256,8d046368f54d83c1603168f2ef0cfb4c5c6804e83fa34f383e5c8d14b3bf18b3,Malware payload
2024-02-02,Payload delivery,tlsh,t155a1a5ab11295cbccb14c7c689c93a9797ed015393a8ac18bded6f0c82fe8b143659,
2024-02-02,Payload delivery,ssdeep,48:Yxg3SPhJSPdqKkY7EbnlUQl2Ihpk6nYK+z1DF4w0dM0tXnT2up9WSFo8ZUfi1vAD:QOekB5KDz9vLEi1vYYYldP,
2024-02-02,Other,size-in-bytes,4874,
2024-02-02,Payload delivery,mime-type,application/json,
2024-02-02,Payload delivery,md5,abaf227735edbc7e624cf35e2f197952,Malware payload
2024-02-02,Payload delivery,sha256,9dc44f0f8036aca49cbd086da896766d9e0a63a485ffa49427634b6f28c745f0,Malware payload
2024-02-02,Payload delivery,tlsh,t101a1c86b35664c7cca2487da98e13e8b576c01b3a194dc18b8fc5f4c95fe8f1037a9,
2024-02-02,Payload delivery,ssdeep,48:Yxg3SPhJSPdqKkY7EbnlUQl2YRifk/n0+aW0DF4w0biYtXnR2Hp9WO8ZUxG1v+bc:QOnkTa1uh49AMG1vSmAUuo,
2024-02-02,Other,size-in-bytes,4856,
2024-02-02,Payload delivery,mime-type,application/json,
2024-02-02,Payload delivery,md5,ca965d9601d7c4bad1a8979c1e24d8f1,Malware payload
2024-02-02,Payload delivery,sha256,c64c1e24ede0ec4e09b77a273a7f278b345503d673214b73e4c7db693d88f4f3,Malware payload
2024-02-02,Payload delivery,tlsh,t14491549a27085dbdc65496d3d9443ad7876e0493f194ed2ce8fd9f08e1ef1f002799,
2024-02-02,Payload delivery,ssdeep,48:YxY6wpdlpkofn16Ru+FkDFU0NhtXeV2Qp9We6T2UHs1vibvKqRteU3wxioL0sgUM:ppkocRtG9U/9K2Ss1veiHL0sz+x,
2024-02-02,Other,size-in-bytes,4274,
2024-02-02,Payload delivery,mime-type,application/json,
2024-02-02,Payload delivery,md5,445e31072948889196158e9a70d8c6f4,Malware payload
2024-02-02,Payload delivery,sha256,096bb8f854c7992839f65c3dac6f430e9e593a18374bc0a61487127a42dfafcf,Malware payload
2024-02-02,Payload delivery,tlsh,t1b6a1b7ab31564c7cca2487ea98d53e8b57ad01b36194ec14b9fd5f4c81ee8f103799,
2024-02-02,Payload delivery,ssdeep,48:Yxg3SPhJSPdqKkY7EbnlUQl2NRifk/n0+aW0DF4w0biYtXnR2Hp9WO8ZUxG1v+bS:QOEkTa1uh49AMG1vSmAZdCJ,
2024-02-02,Other,size-in-bytes,4855,
2024-02-02,Payload delivery,mime-type,application/json,
2024-02-02,Payload delivery,md5,2b27f888ad7010d72937bb74755cbd4f,Malware payload
2024-02-02,Payload delivery,sha256,fec9eb896f4273fd5e8ffa01ba4b87645e23e7a8cbdec9a36c19e59a6ceb6a0a,Malware payload
2024-02-02,Payload delivery,tlsh,t116916566251c0cbdc7294b83d01c7aa767ad027390c4fd2888bd5f0ca5ff2b141769,
2024-02-02,Payload delivery,ssdeep,96:jjWekxq8pVFawTH9o2nTv71vzhHtsIZhtAEuR+:jjWvguFaA9o2nbdhNsIrtYR+,
2024-02-02,Other,size-in-bytes,4215,
2024-02-02,Payload delivery,mime-type,application/json,
2024-02-02,Payload delivery,md5,828d6b567c02a5c2fe656f100fcf09f4,Malware payload (BumbleBee)
2024-02-02,Payload delivery,sha256,a11fa748006b4f41cb640e2791a8b635f41136c96db7401b5d74acfa48dd4670,Malware payload (BumbleBee)
2024-02-02,Payload delivery,tlsh,t17245e011e2921ff9c4769176816b262f7b703e5c4724d3bbabc0d2373d927a05b0ab,
2024-02-02,Payload delivery,imphash,47e01530ad43ec939d1c47709a80a5c6,
2024-02-02,Payload delivery,ssdeep,24576:RvRuGh6hGMiKe5pZtBB8CwbQDHXTDEIWOSqpkzwCnD:aNsNBB8RaEcCnD,
2024-02-02,Other,size-in-bytes,1224203,
2024-02-02,Payload delivery,mime-type,application/x-dosexec,
2024-02-02,Payload delivery,md5,9b8c867090b8b19651694c44ae2486ff,Malware payload
2024-02-02,Payload delivery,sha256,b8a7e1893f4f477bee2280d89c1cb51dfe09dfbd35ddf1eec981ba34810b88b8,Malware payload
2024-02-02,Payload delivery,tlsh,t19e91526629385d7cc658c8ca88fc3d4f567e405bf1649c18a6ed8e0ae2ff1f183a65,
2024-02-02,Payload delivery,ssdeep,96:eyUrkYOhDH5R0DWfrfT594ds1Y7g1vUreHTMsgiFENzlcJeR:eyUQThr5RIWfrt94ds1Y7FrezMsgiFEV,
2024-02-02,Other,size-in-bytes,4614,
2024-02-02,Payload delivery,mime-type,application/json,
2024-02-02,Payload delivery,md5,e80ebabffc553344dea83546271cf957,Malware payload
2024-02-02,Payload delivery,sha256,debbc05d931943e23f5289e9671e350bf5231b90f5b04c9c22b741ebfa3b94d5,Malware payload
2024-02-02,Payload delivery,tlsh,t17ba1a79b31654cbcc624c7ea94e23e8b57ac0077a1d4ed14a8ac5f5c95fe8f1037ea,
2024-02-02,Payload delivery,ssdeep,48:Yxg3SPhJSPdqKkY7EbnlUQl2fRifk/n0+aWblFDF4w0biYtXqlNBT2Hp9Wt0mUxu:QOOkTaGuIT49YMG1veKAqFXb,
2024-02-02,Other,size-in-bytes,4831,
2024-02-02,Payload delivery,mime-type,application/json,
2024-02-02,Payload delivery,md5,d934cdb7b5656a13722413db6240bc4f,Malware payload
2024-02-02,Payload delivery,sha256,115e0f89f7760dfb7c4042810fb77139bfefa5b822cea7f411c157de4f3184e6,Malware payload
2024-02-02,Payload delivery,tlsh,t10a91436a26095dbdcb9496d3d5443bd7876e0093e194ee2ce8fd8b0ca1ff1f10276a,
2024-02-02,Payload delivery,ssdeep,48:YxY6w1Jdlpkofn16Ru+FvDF4w0NhtXpk2Kp9Wo6sUHs1vFbvKzRteU3wxioorbNf:rpkocRtxYyH97Ss1vdTHWcGx,
2024-02-02,Other,size-in-bytes,4403,
2024-02-02,Payload delivery,mime-type,application/json,
2024-02-02,Payload delivery,md5,94466ffacf7b9c7e2ed975e2c0a20dc1,Malware payload
2024-02-02,Payload delivery,sha256,a9f7980e89fdb8245a7304bb369639ef9b8917423028b0c99cd288cfbfd54888,Malware payload
2024-02-02,Payload delivery,tlsh,t1dc91852562140cbe8628868fe4443be35bfe05a351d4ac28c4ae5f5ca1ff6f101769,
2024-02-02,Payload delivery,ssdeep,96:zOzOT+km7O8ZlOFKiwTH9DnT71vfihHxisoZ5unLd4+:7PHKT9TTx+RJoDunh3,
2024-02-02,Other,size-in-bytes,4272,
2024-02-02,Payload delivery,mime-type,application/json,
2024-02-02,Payload delivery,md5,4e6b2c7a2f049ee29623eede5bd58007,Malware payload
2024-02-02,Payload delivery,sha256,171fe777cac4bc5281fa11a9e4257e3a7d275568ade24793aeeec620b6c583b5,Malware payload
2024-02-02,Payload delivery,tlsh,t1baa1945732154dbc8b1487ea94f63eaf47ad00b3a0949c24a9ed4f0c91ff8f10276d,
2024-02-02,Payload delivery,ssdeep,48:Yxg3SPhJSPdqKkY7EbnlUQl2bRifk/n0+aWHbgDF4w0biYtXcgFi2Hp9WoibUxGt:QOykTaRug49KMG1v5vAdmp,
2024-02-02,Other,size-in-bytes,4770,
2024-02-02,Payload delivery,mime-type,application/json,
2024-02-02,Payload delivery,md5,3a5c12b0bcfc393371d98be9350fc068,Malware payload
2024-02-02,Payload delivery,sha256,b68226de66e0158c2e411e285865919f1b12c7b63e495f8d6f6bc6d55495ea95,Malware payload
2024-02-02,Payload delivery,tlsh,t198a187ab25695cfccb24c7c655c63e8357ec005352a8ad14eced6f0c91fe8b10369a,
2024-02-02,Payload delivery,ssdeep,48:Yxg3SPhJSPdqKkY7EbnlUQl2+hpk6nYK+zMlFDF4w0dM0tXqlNjT2up9WMTv0mUY:QOokB6KoTz9DEi1vgQYARFP,
2024-02-02,Other,size-in-bytes,4850,
2024-02-02,Payload delivery,mime-type,application/json,
2024-02-02,Payload delivery,md5,411b5e121ba605de86778fa2f7aae5ab,Malware payload
2024-02-02,Payload delivery,sha256,96a50be9ffef0d7535a56f523346dd0119c356d2456a987bef28427bc0956b38,Malware payload
2024-02-02,Payload delivery,tlsh,t11366334095da3f72c72dc4ffc411b27a92bc697e494421a47a828ff5aeb0fd5424c2,
2024-02-02,Payload delivery,imphash,884310b1928934402ea6fec1dbd3cf5e,
2024-02-02,Payload delivery,ssdeep,196608:gI9QVH7HKFG2YCcjKoaVdHlgzBqKKxtmcheH:ZqVHTkG2LcQ1gzjuUH,
2024-02-02,Other,size-in-bytes,6602102,
2024-02-02,Payload delivery,mime-type,application/x-dosexec,
2024-02-02,Payload delivery,md5,0ea8e965e654d1dcace1c5d789d57239,Malware payload
2024-02-02,Payload delivery,sha256,70283f0761614e11d34887e81244976358c10855fee8c7c629d6ae4689c39367,Malware payload
2024-02-02,Payload delivery,tlsh,t17f91b5b7162c4cac8a1487d795a03b87567f81a7f0849e68b9b88f08d0fe1f51137a,
2024-02-02,Payload delivery,ssdeep,48:Yx5AvwlYYwXJKbsJkmnh+0DFU0omOtXxR23p9WtY2UKJ1vybaKqRrC3wxioi/u7E:YAvwlKkv0S7U9/2FJ1vu8i/u7E,
2024-02-02,Other,size-in-bytes,4323,
2024-02-02,Payload delivery,mime-type,application/json,
2024-02-02,Payload delivery,md5,29e915965057aabc1f5af19ff3d3e131,Malware payload
2024-02-02,Payload delivery,sha256,54e5c6040276e7c0381f84252b9a41754f99f862613ffe9ce1404f11476f5e62,Malware payload
2024-02-02,Payload delivery,tlsh,t1aab533f7083e7640d33b2776f54e8e493093ac57aae7829d5912f248933c4f99ad8e,
2024-02-02,Payload delivery,imphash,baa93d47220682c04d92f7797d9224ce,
2024-02-02,Payload delivery,ssdeep,49152:3QsqEpg/Hu6GIHs1VJXCWHsrGnRb87N/v5cypBrT66Np:gsqj/u6GIHsjMrGC7NpcG7N,
2024-02-02,Other,size-in-bytes,2322432,
2024-02-02,Payload delivery,mime-type,application/x-dosexec,
2024-02-02,Payload delivery,md5,d3f4288859cd8f27c622b25c857e7181,Malware payload
2024-02-02,Payload delivery,sha256,5da35aee9610b72a9e3c41bc7cabba0e181ffeee0946a6d5c23c27da27a85f10,Malware payload
2024-02-02,Payload delivery,tlsh,t10ba175ab31550cbcc52983da94e53f8b87bd01635494ec28a4ac9f5cd2ff9f1437a9,
2024-02-02,Payload delivery,ssdeep,48:Yxg3SPhJSPdqKkY7EbnlUQl2+Rifk/n0+aWCDF4w0biYtXnQbZ2Hp9WjyUxG1vCj:QOVkTa1uAbZ49bMG1vCb8vbJAa18,
2024-02-02,Other,size-in-bytes,5005,
2024-02-02,Payload delivery,mime-type,application/json,
2024-02-02,Payload delivery,md5,a1a8551da3791032c97d3705211ffc70,Malware payload (Healer)
2024-02-02,Payload delivery,sha256,c2ea3b0dd691214c6a63ef0cd18bafde8a01878047f2b3833c6af84149cf3d65,Malware payload (Healer)
2024-02-02,Payload delivery,tlsh,t12ad423f96213b134c120b67156458afe976dfe381b801e613faf594a1a786cf1b0b2,
2024-02-02,Payload delivery,imphash,436f7e4bc6bece183fb5bacd9f2ff7d3,
2024-02-02,Payload delivery,ssdeep,12288:go7YNQoC85ZwKd89BcFgBuVxQpnSr3/35ellbLdeDDViB4UD:xwQqEvOYnQ3v0liDDr,
2024-02-02,Other,size-in-bytes,617472,
2024-02-02,Payload delivery,mime-type,application/x-dosexec,
2024-02-02,Payload delivery,md5,43e850ddf38e7f4ab78c892764ede3e5,Malware payload
2024-02-02,Payload delivery,sha256,5c508f41e37e86dab397a6e4c2d45b9137d18e92a50fdcbb5e2fc57348a7453a,Malware payload
2024-02-02,Payload delivery,tlsh,t15d91835629385c7cc75884ca84fc3d4e567e105bf1609c14a6ed8f0ae2ff1f283a62,
2024-02-02,Payload delivery,ssdeep,96:ey2rkYOhDH5R0DWfrfT594ds1Y7g1vUreHTMsgiFE1aJeR:ey2QThr5RIWfrt94ds1Y7FrezMsgiFEl,
2024-02-02,Other,size-in-bytes,4624,
2024-02-02,Payload delivery,mime-type,application/json,
2024-02-02,Payload delivery,md5,6102b6bab90224e237dd9bebb0830dc9,Malware payload
2024-02-02,Payload delivery,sha256,0740c9ddcca1c836b34253866eaee73b865bfaa1ad9cce82e0c14976a7119765,Malware payload
2024-02-02,Payload delivery,tlsh,t1149185eb71155ebdc51fc9ea96a939cecabd001390345c1ce4ad4b0b88fe1b52323d,
2024-02-02,Payload delivery,ssdeep,96:XGJ9k0yan4wgaBSQcsTN9+BMOy0G1vRctHsz9UAeGAlmjVXr:10049rVGmlAle,
2024-02-02,Other,size-in-bytes,4529,
2024-02-02,Payload delivery,mime-type,application/json,
2024-02-02,Payload delivery,md5,894fe2829657602fca94fd6ffe0aedbb,Malware payload (Amadey)
2024-02-02,Payload delivery,sha256,2e221fbee5fd5bae4ac26b494d191c75e641ff5b44f0ab8860d6e4d35dc1fa08,Malware payload (Amadey)
2024-02-02,Payload delivery,tlsh,t1ba0523dd1f9d6901e026bef3018646886cfa7da183209657637f68860fa05efaf637,
2024-02-02,Payload delivery,imphash,7515ecf8c0dfa4d230ad835fe0acb57f,
2024-02-02,Payload delivery,ssdeep,24576:XkJInymwQXBaWn1Cqj7MdBxuZbmNrU0W0R86ZeJT:RnLlXBaWnhjIdBsZSgua6Ze1,
2024-02-02,Other,size-in-bytes,812032,
2024-02-02,Payload delivery,mime-type,application/x-dosexec,
2024-02-02,Payload delivery,md5,e91d0c210771d13042d716de24ab3426,Malware payload
2024-02-02,Payload delivery,sha256,9fc5ce9d54bd30a67d55b38f5166455640f7243cefddc2e363d2fcddc2598908,Malware payload
2024-02-02,Payload delivery,tlsh,t1d2a1865b31561cac861447eb98e13e8b97bd00a3a184ec18b8ed5f5c96fe8f103769,
2024-02-02,Payload delivery,ssdeep,48:Yxg3SPhJSPdqKkY7EbnlUQl2TRifk/n0+aWKSPmDF4w0biYtXDSPGq2Hp9WcseN9:QOekTaUeuef49VEMG1vHRA7qmr9t,
2024-02-02,Other,size-in-bytes,4922,
2024-02-02,Payload delivery,mime-type,application/json,
2024-02-02,Payload delivery,md5,2dfc55e0f194655c7ca1df751f35d4c6,Malware payload
2024-02-02,Payload delivery,sha256,c91800cac330750450e6f5526201a876e5bcd2f27ce2f7b3b72e7e1a8d1b3fd7,Malware payload
2024-02-02,Payload delivery,tlsh,t13b5633e22a95de31c2311e329d26006ee7e71a705e10f678b74c19492d632e9ff8d3,
2024-02-02,Payload delivery,imphash,884310b1928934402ea6fec1dbd3cf5e,
2024-02-02,Payload delivery,ssdeep,98304:NKYNxfvsr7e1Kvfr1RdGpfQcBnFcxR95WFHmiSMLW1042mjK1VC2RDOSG8jd5:ga3sHeEvfx0Q1952GiSKmKLPM9cH,
2024-02-02,Other,size-in-bytes,6396727,
2024-02-02,Payload delivery,mime-type,application/x-dosexec,
2024-02-02,Payload delivery,md5,e654b6d1844cb2fb827046221933e772,Malware payload
2024-02-02,Payload delivery,sha256,caf27e4c36256b439b0bace2d4ac9498975ba00c48fc1d0f92a466dbbf05d3d6,Malware payload
2024-02-02,Payload delivery,tlsh,t19a91d6b3162c4cadca1487e785903b97567f4167e084ae28f9f88f08e0fe1f51136a,
2024-02-02,Payload delivery,ssdeep,48:Yx5AvwlYYwLKbsJkmnh+0DFU0omOtXxR23p9WtY2UKJ1vybaKqRrC3wxioiyWaDu:YAvwl0kv0S7U9/2FJ1vu8idaDKmE,
2024-02-02,Other,size-in-bytes,4323,
2024-02-02,Payload delivery,mime-type,application/json,
2024-02-02,Payload delivery,md5,a4f18e8286c9f53e4e72ab4352a558ce,Malware payload
2024-02-02,Payload delivery,sha256,1783dd1e383dc11b7543012ec02f88b7a80a0923e834fffc282f6e2f7776868e,Malware payload
2024-02-02,Payload delivery,tlsh,t1cea1b8ab25685cbcc724c7d655d53e8357ed0053a3a8ad14ecad5f0c81ff8b14279a,
2024-02-02,Payload delivery,ssdeep,48:Yxg3SPhJSPdqKkY7EbnlUQl2johpk6nYK+zMlFDF4w0dM0tXqlNjT2up9WMTv0mj:QO9skB6KoTz9DEi1vgQYnOJTP,
2024-02-02,Other,size-in-bytes,4849,
2024-02-02,Payload delivery,mime-type,application/json,
2024-02-02,Payload delivery,md5,376d601bf63c17f3073999484149134d,Malware payload
2024-02-02,Payload delivery,sha256,524c2d98c4cf5f422b403f453862374d7b387ffdbe0d292a555cec7f5c6097c1,Malware payload
2024-02-02,Payload delivery,tlsh,t120a1a5ab31550cbd86248be794e53e8b87ad0173a094ed28f4ad4f4c85ff8f5037a9,
2024-02-02,Payload delivery,ssdeep,48:Yxg3SPhJSPdqKkY7EbnlUQl2rRifk/n0+aW/bDF4w0biYtX8rG2xp9WoKsYUxG1z:QOWkTakuNe9yMG1vbDAVrnIj,
2024-02-02,Other,size-in-bytes,4953,
2024-02-02,Payload delivery,mime-type,application/json,
2024-02-02,Payload delivery,md5,da29617f244c76b9a518dcb338ae8e8f,Malware payload
2024-02-02,Payload delivery,sha256,51ee25f19dbe51cf8189376ec9b0d7b6d33db29779298a7157b57973d32207ec,Malware payload
2024-02-02,Payload delivery,tlsh,t174a174eb61291cbcca19c7c694d93b8797fc015362a4ec24a8ac5f0c93ff97152669,
2024-02-02,Payload delivery,ssdeep,48:Yxg3SPhJSPdqKkY7EbnlUQl2Mhpk6nYK+z1DF4w0dM0tXnGbZ2up9WSgyUfi1vU7:QOSkBhKWbZz9BEi1vUb8pbbYIAP,
2024-02-02,Other,size-in-bytes,5023,
2024-02-02,Payload delivery,mime-type,application/json,
2024-02-02,Payload delivery,md5,fbe41feb2a39a351b25946c6597eb9ba,Malware payload
2024-02-02,Payload delivery,sha256,84b8b789527ed9e0b76e22f2809af8864d43c904038310effb365e7d3dd109be,Malware payload
2024-02-02,Payload delivery,tlsh,t119a1849732554cbc8b2487ea94e63eaf47ad00b3a094dc24a9ad4f4c90ff8f10276d,
2024-02-02,Payload delivery,ssdeep,48:Yxg3SPhJSPdqKkY7EbnlUQl2xiRifk/n0+aWHbgDF4w0biYtXcgFi2Hp9WoibUx7:QOPXkTaRug49KMG1v5vAgFnw,
2024-02-02,Other,size-in-bytes,4770,
2024-02-02,Payload delivery,mime-type,application/json,
2024-02-02,Payload delivery,md5,05f2841d2db682c1e02ce94252424d91,Malware payload (RiseProStealer)
2024-02-02,Payload delivery,sha256,1763b0daedc36835227df92086ba27deb413d7519b4c217229ba06b4c4fd44e2,Malware payload (RiseProStealer)
2024-02-02,Payload delivery,tlsh,t1b64533ff0704a2e2e97dbbb20bc61840937538ac02176b3ea5075b74809a7df37e66,
2024-02-02,Payload delivery,imphash,5ab723dc8d5af21b79dc301ed6a56a64,
2024-02-02,Payload delivery,ssdeep,24576:g0wigltHwqST1Xt99u2QuGnPyDpbwQfN2K3yWds0JkKyVZQwKNlqrUB6hnETyTY:xFglhwbX5uUuulkadsLbQwK7qgB6qb,
2024-02-02,Other,size-in-bytes,1194496,
2024-02-02,Payload delivery,mime-type,application/x-dosexec,
2024-02-02,Payload delivery,md5,da8f259ec0593e242dcf49898268e49b,Malware payload (BumbleBee)
2024-02-02,Payload delivery,sha256,4fd68c98a029693d6549ddfc70070066be0c7c208c9d86712b69f18403f1fa95,Malware payload (BumbleBee)
2024-02-02,Payload delivery,tlsh,t19645e111e6931fe4d4b6927681ab252fb7303e184315d377ebc0d2377d827e46b1aa,
2024-02-02,Payload delivery,imphash,47e01530ad43ec939d1c47709a80a5c6,
2024-02-02,Payload delivery,ssdeep,24576:hnFEQ39H3inchWuUJDRKU0F9nOXBn/Y6G63B:UUtADRWgQ6R,
2024-02-02,Other,size-in-bytes,1223187,
2024-02-02,Payload delivery,mime-type,application/x-dosexec,
2024-02-02,Payload delivery,md5,561645d7403346889a6098c89ddc69ee,Malware payload
2024-02-02,Payload delivery,sha256,937a96c7ed73199096e905094dcbc99f7938f7eb8f965b217e966449ff9fa0a1,Malware payload
2024-02-02,Payload delivery,tlsh,t14e91a5b7162c4cbdca2487d7a9943bd7567f4167e084ad68b9e88f0ce0fe1f10136a,
2024-02-02,Payload delivery,ssdeep,96:YAvwlwkvQISnya0o9HT2FJ1vltPBizkeqnE:YAvGXo9z2FBizAE,
2024-02-02,Other,size-in-bytes,4329,
2024-02-02,Payload delivery,mime-type,application/json,
2024-02-02,Payload delivery,md5,5fbb017e8278122010d7b2004ad12c4d,Malware payload
2024-02-02,Payload delivery,sha256,35edd0709c8574134afebe3fe50b380210e0ab85b7fd5f6f3abfdfc114e014a9,Malware payload
2024-02-02,Payload delivery,tlsh,t12491759926095dbcca5496d3d4803ad7c76e1493b198de2ce8fd9f08e1ef1f04276e,
2024-02-02,Payload delivery,ssdeep,48:YxY6wXdlpkofn16Ru+FzvDFU0NhtXN3rm/2xp9WhHp6Y2UHs1vhmObvK3moRteUj:PpkocRtp9hEA9Sr2Ss1vhPMeHLJkeQx,
2024-02-02,Other,size-in-bytes,4274,
2024-02-02,Payload delivery,mime-type,application/json,
2024-02-02,Payload delivery,md5,545aed3b2d5343e4015e5d578b4c36ea,Malware payload
2024-02-02,Payload delivery,sha256,42949b6a1ac9cf3631c4bc9a01870df15887e408167561f93199ada252eb8e5e,Malware payload
2024-02-02,Payload delivery,tlsh,t111a1b66b35550cbcc62487ea94e23e8b57ad0073a194ed14e8ac4f5c85fe8f1437ea,
2024-02-02,Payload delivery,ssdeep,48:Yxg3SPhJSPdqKkY7EbnlUQl2lRifk/n0+aWblFDF4w0biYtXqlNBT2Hp9Wt0mUxi:QOEkTaGuIT49YMG1veKAADp,
2024-02-02,Other,size-in-bytes,4831,
2024-02-02,Payload delivery,mime-type,application/json,
2024-02-02,Payload delivery,md5,dc24d31b715511075a6ab04105bce2bf,Malware payload
2024-02-02,Payload delivery,sha256,2cadcbb7fb2c5f0bd59fd7ab7279cd5869cc3b4749ad92df994443ca135ebfcf,Malware payload
2024-02-02,Payload delivery,tlsh,t1c7917626651c0cbdc3294bd2e05c7ad76bae02779094fd2888bd4f4ca5ff2b141769,
2024-02-02,Payload delivery,ssdeep,96:jjMekxq8pVFawTH9o2nTv71vzhHtsIZhd4R+:jjMvguFaA9o2nbdhNsIrd4R+,
2024-02-02,Other,size-in-bytes,4215,
2024-02-02,Payload delivery,mime-type,application/json,
2024-02-02,Payload delivery,md5,34a51eff2393612551f036b909b291c6,Malware payload
2024-02-02,Payload delivery,sha256,3e62f6b438c41a44f5df01f55eddc13091eb91b28a1b9c15ea3b379dbb8434c1,Malware payload
2024-02-02,Payload delivery,tlsh,t1d6a195eb11691cbdc72487c395d93a8797ed0113a2a8ac18fced5f0c82ff4a603669,
2024-02-02,Payload delivery,ssdeep,48:Yxg3SPhJSPdqKkY7EbnlUQl2vhpk6nYK+zebDF4w0dM0tX8r82bp9WG9sYUfi1vU:QOdkBAKpg9nEi1v1/YFMuP,
2024-02-02,Other,size-in-bytes,4970,
2024-02-02,Payload delivery,mime-type,application/json,
2024-02-02,Payload delivery,md5,5906445b7ab3a23d461340f280bd4eb6,Malware payload
2024-02-02,Payload delivery,sha256,d969b29a5149fac173a9eb55f283dc65caab1773f511bcca4ef3fa3a70c6d05b,Malware payload
2024-02-02,Payload delivery,tlsh,t106a1969751685cbccf14c7c645da3aab87ed005392a4ac24eded5f0c91ff8b202269,
2024-02-02,Payload delivery,ssdeep,48:Yxg3SPhJSPdqKkY7EbnlUQl2Nhpk6nYK+zobgDF4w0dM0tXcg/i2up9WXibUfi1Z:QOrkBtKCz93Ei1vnfYKf1P,
2024-02-02,Other,size-in-bytes,4788,
2024-02-02,Payload delivery,mime-type,application/json,
2024-02-02,Payload delivery,md5,7f6aae66e8703f41407cf305c3919897,Malware payload
2024-02-02,Payload delivery,sha256,a28bc18f01871492be62853484508acf09520b22aaeccc221d5c738dffb888fd,Malware payload
2024-02-02,Payload delivery,tlsh,t12641dc7ccf29f8e0037db1a088492e2620949e57d6f58e24d9574ee62d7c20acf2b1,
2024-02-02,Payload delivery,ssdeep,48:LGfEFWuJqs9HZNjd+SfprcKyK0hE6S1FtfsC5P3RX5ZWiaoIhSNtE:LGfEFW87jd+Sfpbaq6S1FtfsC5P39EfN,
2024-02-02,Other,size-in-bytes,2219,
2024-02-02,Payload delivery,mime-type,text/plain,
2024-02-02,Payload delivery,md5,a43bbf75e2223fb9c0966bdd0260de2b,Malware payload
2024-02-02,Payload delivery,sha256,7b713a02816faaf302e424f911c8cc81f16512993035cda4eb3c56dad17d9832,Malware payload
2024-02-02,Payload delivery,tlsh,t1cb9196b716284cbc8a2487d3a9543bd7577f4167e094ad68b9b88f08e0fe1b11136a,
2024-02-02,Payload delivery,ssdeep,96:YAvwldkvQISnya0o9HT2FJ1vltPBiXPBTuUOnE:YAvFXo9z2FBiXPBTuUGE,
2024-02-02,Other,size-in-bytes,4329,
2024-02-02,Payload delivery,mime-type,application/json,
2024-02-02,Payload delivery,md5,4b2be3b1f575611155365b9f37f38db9,Malware payload
2024-02-02,Payload delivery,sha256,36577cecab76953674b30a70127e0ee37655736963c59ad04653806c6c80dbc6,Malware payload
2024-02-02,Payload delivery,tlsh,t11f9174aa27085ebcca44a6d3d5903ad7876e0093b194dd2cd8fc9f08e1ff1f00276a,
2024-02-02,Payload delivery,ssdeep,48:YxY6wkdlpkofn16Ru+FkDFU0NhtXeV2Qp9We6T2UHs1vibvKqRteU3wxioLVjKUY:MpkocRtG9U/9K2Ss1veiHLVjpSx,
2024-02-02,Other,size-in-bytes,4274,
2024-02-02,Payload delivery,mime-type,application/json,
2024-02-02,Payload delivery,md5,089e161bcfd31313a791c754ffb74612,Malware payload
2024-02-02,Payload delivery,sha256,1d191efe89bc37730463810902e4f81bb2ee126187fd62299f61751409180ef4,Malware payload
2024-02-02,Payload delivery,tlsh,t151a184ab36550cbcc62447ea94e53e8b47ad0163a0d4ed14f4ad4e4c85ff8f503ba9,
2024-02-02,Payload delivery,ssdeep,48:Yxg3SPhJSPdqKkY7EbnlUQl2vuRifk/n0+aW/bDF4w0biYtX8rG2xp9WoKsYUxGM:QO17kTakuNe9yMG1vbDA8g,
2024-02-02,Other,size-in-bytes,4963,
2024-02-02,Payload delivery,mime-type,application/json,
2024-02-02,Payload delivery,md5,0c0837e591f11f7917b6b3f343267dd7,Malware payload
2024-02-02,Payload delivery,sha256,09f077f850e04d5fc20ffc5528cf0407f9710763e94ef88981e1b5ee0e118bd8,Malware payload
2024-02-02,Payload delivery,tlsh,t154a1989b11681cbdc714c7c255d93a9787ed0113a2a8ad18fced5f0c82ff5b50366a,
2024-02-02,Payload delivery,ssdeep,48:Yxg3SPhJSPdqKkY7EbnlUQl2mhpk6nYK+zebDF4w0dM0tX8r82bp9WG9sYUfi1v6:QOskBAKpg9nEi1v1/YSGn/P,
2024-02-02,Other,size-in-bytes,4971,
2024-02-02,Payload delivery,mime-type,application/json,
2024-02-02,Payload delivery,md5,9b797728ba49a8299b9d6045d6af38b7,Malware payload
2024-02-02,Payload delivery,sha256,1a3f71eb4757555d4a6e01e54a6e58e49807d9905dcdb17fdadf6a55694d1e85,Malware payload
2024-02-02,Payload delivery,tlsh,t153a194ab15395cbccb10c7c695c93a9797ed015393a8ac14fdad6f0c82fe8b142659,
2024-02-02,Payload delivery,ssdeep,48:Yxg3SPhJSPdqKkY7EbnlUQl21hpk6nYK+z1DF4w0dM0tXnT2up9WSFo8ZUfi1vA/:QO3kB5KDz9vLEi1vYYY0nIP,
2024-02-02,Other,size-in-bytes,4874,
2024-02-02,Payload delivery,mime-type,application/json,
2024-02-02,Payload delivery,md5,bfc3afc3cdc4cc8ddc19388cca81f0e0,Malware payload
2024-02-02,Payload delivery,sha256,6d624fd0b551889d631518a9d37d1c9be9e2b3d55bbf7708686c72a7620e0c50,Malware payload
2024-02-02,Payload delivery,tlsh,t1b4a1979712585cbccf14c7d794da3aab87ed0053a2a4ac24eded5f0c91ff8b502669,
2024-02-02,Payload delivery,ssdeep,48:Yxg3SPhJSPdqKkY7EbnlUQl2qhpk6nYK+zobgDF4w0dM0tXcg/i2up9WXibUfi1D:QOgkBtKCz93Ei1vnfYc2shP,
2024-02-02,Other,size-in-bytes,4788,
2024-02-02,Payload delivery,mime-type,application/json,
2024-02-02,Payload delivery,md5,e24abdae784d75104081d6a35428b1c6,Malware payload
2024-02-02,Payload delivery,sha256,d4acae7187b65ba89b815074fd35b5079f06ae16535e3f1f874cab9840710321,Malware payload
2024-02-02,Payload delivery,tlsh,t128a174ab31550cbcc52987da94e13f8787bc00639494ec24b4ac9f5c92fe9f1437ad,
2024-02-02,Payload delivery,ssdeep,48:Yxg3SPhJSPdqKkY7EbnlUQl2qRifk/n0+aWCDF4w0biYtXnQbZ2Hp9WjyUxG1vC8:QO9kTa1uAbZ49bMG1vCb8vbJAWYar,
2024-02-02,Other,size-in-bytes,5005,
2024-02-02,Payload delivery,mime-type,application/json,
2024-02-02,Payload delivery,md5,be33fcfca61cb7337e472b2e13a19929,Malware payload
2024-02-02,Payload delivery,sha256,2001d268becf28d12136e028556c9896412b6e13804226279ca83911fe6a5cd8,Malware payload
2024-02-02,Payload delivery,tlsh,t1ab91652662180cbd862886dfe4543ae35bee05a391c4ec28c4be5f5ca5ff6f101765,
2024-02-02,Payload delivery,ssdeep,96:zOzO++km7O8ZlOFKiwTH9DnT71vfihHxisoZ5vzc4+:WPHKT9TTx+RJoDvY3,
2024-02-02,Other,size-in-bytes,4272,
2024-02-02,Payload delivery,mime-type,application/json,
2024-02-02,Payload delivery,md5,e53dd903825a27470237ad82dc727eb7,Malware payload
2024-02-02,Payload delivery,sha256,2c43a6d9ca995fd0887667eec9bfcce95ada021621eeeb7054ff00e013d119ff,Malware payload
2024-02-02,Payload delivery,tlsh,t14ce733f5c940eab114089d9304bd5699ffb1ff4783cee36320daa5434129799e3a81,
2024-02-02,Payload delivery,ssdeep,1572864:h9vprtbDzRCDfzAIqb5UInecVlcFVyEgA+2A9x:h9RrtndgfjqbPne8+VyEUvb,
2024-02-02,Other,size-in-bytes,64751625,
2024-02-02,Payload delivery,mime-type,application/x-rar,
2024-02-02,Payload delivery,md5,7d928f736864918daa4052d708c7ee1a,Malware payload
2024-02-02,Payload delivery,sha256,d6936b1350a2fb1b0289d5788f3197c043000895b1400a3eeaa0f565f0287ca9,Malware payload
2024-02-02,Payload delivery,tlsh,t17b91417262180d7ec63482c6a4597ad767be0267a0d4ec28a8fd4f4ca6ef1f205b59,
2024-02-02,Payload delivery,ssdeep,48:YxCet2fbZkvnY+Cs+DF4w0nltXPSjeUT2Gp9WnTUd81vdE7b/KcRezbC3wxioorn:1bZknCs+w/05TH9I681vdEHAbpZcfozO,
2024-02-02,Other,size-in-bytes,4238,
2024-02-02,Payload delivery,mime-type,application/json,
2024-02-02,Payload delivery,md5,df1c82cc095e867dab92c3395b4ded1a,Malware payload
2024-02-02,Payload delivery,sha256,5660c7c55a5358232adf64f3f3c6e7c341ad3eb7a1512af629db8e49d55f7fec,Malware payload
2024-02-02,Payload delivery,tlsh,t1cf91417162180c7ec63482c6b4557ad367ae0267a0d4ec28a8fd4f4cb6ff1f205b69,
2024-02-02,Payload delivery,ssdeep,96:2EybZknCs+w/05TH9I681vdEHAbpZcCVpd5qGO:27b21R0B9I6KEgbp+Cjd5qGO,
2024-02-02,Other,size-in-bytes,4248,
2024-02-02,Payload delivery,mime-type,application/json,
2024-02-02,Payload delivery,md5,db61ace26caa71342bf14db4fad82724,Malware payload
2024-02-02,Payload delivery,sha256,cce2bb1a14d4db6d64780cf80166a4b96ef16cf955dba831641e05c1a9c74d19,Malware payload
2024-02-02,Payload delivery,tlsh,t1f9a174eb65295cbcca19c7c294d93b8787fc015352a4ec24b8ac5b0c93ff8b153669,
2024-02-02,Payload delivery,ssdeep,48:Yxg3SPhJSPdqKkY7EbnlUQl2Thpk6nYK+z1DF4w0dM0tXnGbZ2up9WSgyUfi1vUg:QOtkBhKWbZz9BEi1vUb8pbbYyFKHuBP,
2024-02-02,Other,size-in-bytes,5023,
2024-02-02,Payload delivery,mime-type,application/json,
2024-02-02,Payload delivery,md5,afc5a470d0583f82cdfc6ed9c0c60e53,Malware payload
2024-02-02,Payload delivery,sha256,cc6deaf3c190f8cceaea831fb306131139014201c9e4efda29292ecf922cea19,Malware payload
2024-02-02,Payload delivery,tlsh,t13aa1759b11692cbcc714c7d699d93e9797ed0053a2d8ac18bced6f0c92fe4b103659,
2024-02-02,Payload delivery,ssdeep,48:Yxg3SPhJSPdqKkY7EbnlUQl2gIhpk6nYK+z9SPmDF4w0dM0tXDSPGo2up9WvseN1:QOSMkBIeKezz9EEEi1vZhYNndP,
2024-02-02,Other,size-in-bytes,4950,
2024-02-02,Payload delivery,mime-type,application/json,
2024-02-02,Payload delivery,md5,9b27ddb99864be66af63cc2a0bde6383,Malware payload (Healer)
2024-02-02,Payload delivery,sha256,17d8f9215700b5dea888bc4dfa2693b5d03d30abdb7bc6ae0d64c518f753e050,Malware payload (Healer)
2024-02-02,Payload delivery,tlsh,t14fd423a0017e4c21e97178f534c592e82770bddf2508e9ad122f5a892d713ff6b269,
2024-02-02,Payload delivery,imphash,436f7e4bc6bece183fb5bacd9f2ff7d3,
2024-02-02,Payload delivery,ssdeep,12288:Wo7YNQP4WioPJicryGBWECTbz4+f7lFGoGlU9jRydmKceGoL3WWVi+D:fwQW6icoECb4+jlFbymLGTc+,
2024-02-02,Other,size-in-bytes,616960,
2024-02-02,Payload delivery,mime-type,application/x-dosexec,
2024-02-02,Payload delivery,md5,521cd5dbb1b87e6d57674eefb403ba4a,Malware payload
2024-02-02,Payload delivery,sha256,0cbe6b03ee3a6ff09187c044a5e7f617e43e2d65a769c2eb5bbbfae42498802b,Malware payload
2024-02-02,Payload delivery,tlsh,t10cb533f2a6b0b6d8e8a313b9359421d64c1fae8b4e247aa83e71f54d073e431445bf,
2024-02-02,Payload delivery,imphash,baa93d47220682c04d92f7797d9224ce,
2024-02-02,Payload delivery,ssdeep,49152:3c6Z7m+qMZU8iBkIa0FxTnqKtW/hMy/IHU:3awU8uxa0GKEMy/IH,
2024-02-02,Other,size-in-bytes,2319360,
2024-02-02,Payload delivery,mime-type,application/x-dosexec,
2024-02-02,Payload delivery,md5,886d0694b89caa3fd8a43b0613b935b0,Malware payload
2024-02-02,Payload delivery,sha256,3a24f06c1976a3a290a89afa9b3e264fedcbfbc1ab78b720a0f60864007da7a9,Malware payload
2024-02-02,Payload delivery,tlsh,t14791555926085dbdcb95d6d3d4443ad787ae0053a1a4ed38e8fd9f08e1ff1f10276a,
2024-02-02,Payload delivery,ssdeep,48:YxY6wFodlpkofn16Ru+FvDF4w0NhtXpk2Kp9Wo6sUHs1vFbvKzRteU3wxioorbUc:WpkocRtxYyH97Ss1vdTHWCWHvx,
2024-02-02,Other,size-in-bytes,4403,
2024-02-02,Payload delivery,mime-type,application/json,
2024-02-02,Payload delivery,md5,d5a8f75538df66381a177ab246a53001,Malware payload
2024-02-02,Payload delivery,sha256,c5df3051ac2f2b69b4673fbe2d22c3631fc7e39ba8a86010e51791f7b86a278e,Malware payload
2024-02-02,Payload delivery,tlsh,t17ba1649f21692cbcc71487d699d53e9797ed0053a2d8ac18bced6f0c92fe4a203659,
2024-02-02,Payload delivery,ssdeep,48:Yxg3SPhJSPdqKkY7EbnlUQl2R5hpk6nYK+z9SPmDF4w0dM0tXDSPGo2up9WvseNU:QOvJkBIeKezz9EEEi1vZhYewLCtdP,
2024-02-02,Other,size-in-bytes,4950,
2024-02-02,Payload delivery,mime-type,application/json,
2024-02-02,Payload delivery,md5,814f4855afffa3a6aa5a4b43b4629459,Malware payload (RiseProStealer)
2024-02-02,Payload delivery,sha256,049748467582ae2d439f9f31cc8015b2160dcea746c1f7f73fc65bb3f498f38d,Malware payload (RiseProStealer)
2024-02-02,Payload delivery,tlsh,t17d4533fec36aa14bdaa4f2f914fc5adc7fd47b6880004e0a588f1ab5b61526e73574,
2024-02-02,Payload delivery,imphash,5ab723dc8d5af21b79dc301ed6a56a64,
2024-02-02,Payload delivery,ssdeep,24576:RJK7yxkLT1Pk33mGwQAsiK3UK/hg1F9xJcI5u:rKmxCTlG3/lx3UQhoHxm+u,
2024-02-02,Other,size-in-bytes,1195520,
2024-02-02,Payload delivery,mime-type,application/x-dosexec,
2024-02-02,Payload delivery,md5,1c0296c7887ac497cf2577d54b428f60,Malware payload
2024-02-02,Payload delivery,sha256,19837e8bdb82f54e9ff84b98cc3d65e3a72ac1d85dbb4d684046bb6cf779a342,Malware payload
2024-02-02,Payload delivery,tlsh,t15391617622180c7e863482d6b4557ad367be0267a0d4ec28a8fd4f4ce6ef1f205b59,
2024-02-02,Payload delivery,ssdeep,96:8bZknCs+w/05TH9I681vdEHAbpZc7COJxUO:8b21R0B9I6KEgbp+7CpO,
2024-02-02,Other,size-in-bytes,4238,
2024-02-02,Payload delivery,mime-type,application/json,
2024-02-02,Payload delivery,md5,82af59305af88638a8e76bdf5f0c9dfc,Malware payload
2024-02-02,Payload delivery,sha256,8306f7be19b81540d3fdef62ad1555b94160ca514b087c5173f7ee859a43c49b,Malware payload
2024-02-02,Payload delivery,tlsh,t14891645a26085dbdcb9496d3d4903ec7c7ae1053a194ed2ca4bdcf08e2ef1f10276a,
2024-02-02,Payload delivery,ssdeep,48:YxY6wQKdlpkofn16Ru+FvDF4w0NhtXpk2Kp9Wo6sUHs1vFbvKzRteU3wxioorbfP:g6pkocRtxYyH97Ss1vdTHWkjSx,
2024-02-02,Other,size-in-bytes,4403,
2024-02-02,Payload delivery,mime-type,application/json,
2024-02-02,Payload delivery,md5,024af3856d76a28dad59472347a15b93,Malware payload
2024-02-02,Payload delivery,sha256,9409a81457ea4db02ac727e2e65ef13ccdbdb43fb8a0278be563da6c35a7c57d,Malware payload
2024-02-02,Payload delivery,tlsh,t16891769a27095dbcca5496e7e5843ad7876e0093b194dd2cd8fd9f08e1ff1f002799,
2024-02-02,Payload delivery,ssdeep,48:YxY6wddlpkofn16Ru+FkDFU0NhtXeV2Qp9We6T2UHs1vibvKqRteU3wxioLs+Upk:9pkocRtG9U/9K2Ss1veiHL6pyBxx,
2024-02-02,Other,size-in-bytes,4284,
2024-02-02,Payload delivery,mime-type,application/json,
2024-02-02,Payload delivery,md5,1e226b58f47e1a05f89e024aad4c911b,Malware payload
2024-02-02,Payload delivery,sha256,2f20d6082d8d22fb008cdc43244a5d8d79156501be712e649f1bb44475246004,Malware payload
2024-02-02,Payload delivery,tlsh,t13391742562180cbe8628869be4447be35bee05a391d4ec28d4be5f5ca0ff5f101769,
2024-02-02,Payload delivery,ssdeep,96:zOzOj+km7O8ZlOFKiwTH9DnT71vfihHxisoZ5iKO074+:LPHKT9TTx+RJoDib073,
2024-02-02,Other,size-in-bytes,4262,
2024-02-02,Payload delivery,mime-type,application/json,
2024-02-02,Payload delivery,md5,0cfbfb57930908d5b15fe94fd2fe56ca,Malware payload
2024-02-02,Payload delivery,sha256,dc80334fc25000f73c53ec6e333c4923ee318e8f2e8b758bda9f349b2da15389,Malware payload
2024-02-02,Payload delivery,tlsh,t18291b6b7192c0cbc8a2487d399503bd7567f4567e0949e68b9bc8f0ce0fe1f50136a,
2024-02-02,Payload delivery,ssdeep,96:YAvwlkkvQISnya0o9HT2FJ1vltPBirREnE:YAvOXo9z2FBirWE,
2024-02-02,Other,size-in-bytes,4329,
2024-02-02,Payload delivery,mime-type,application/json,
2024-02-02,Payload delivery,md5,fb6969a418810d7cc19c7c56905fca98,Malware payload (RiseProStealer)
2024-02-02,Payload delivery,sha256,097e97ee51c7e978cfe542ac2b1025b6b276a308e8e1b0ef8076492676ea4733,Malware payload (RiseProStealer)
2024-02-02,Payload delivery,tlsh,t1604533bd1b8e5a76c104613104666b555af4a838e10429303aff5d8a5cecedfbbcbf,
2024-02-02,Payload delivery,imphash,5ab723dc8d5af21b79dc301ed6a56a64,
2024-02-02,Payload delivery,ssdeep,24576:juwRnNEV81OOPnOFPvplgj4+GYo5vGKwQBBaWnBCqSSeMn6gNrU0W0Rbm:jXnkSvPHsp/5HlBBaWntSa6YguF,
2024-02-02,Other,size-in-bytes,1194496,
2024-02-02,Payload delivery,mime-type,application/x-dosexec,
2024-02-02,Payload delivery,md5,84ffde628007f9ac84a19466d0f55071,Malware payload
2024-02-02,Payload delivery,sha256,23262ac637939a2059f21936716a17abd5ef16607f41460fbea1ee605f641902,Malware payload
2024-02-02,Payload delivery,tlsh,t1caa195ab32550cbc862487eb95e53e8b47ad0173a098ed18f4ad4f4c85ff8f5037a9,
2024-02-02,Payload delivery,ssdeep,48:Yxg3SPhJSPdqKkY7EbnlUQl2pRifk/n0+aW/bDF4w0biYtX8rG2xp9WoKsYUxG1P:QOkkTakuNe9yMG1vbDAK+lo,
2024-02-02,Other,size-in-bytes,4953,
2024-02-02,Payload delivery,mime-type,application/json,
2024-02-02,Payload delivery,md5,2ccf4875f5e3184e8b7b8b82131dcd6b,Malware payload
2024-02-02,Payload delivery,sha256,71c2da792c11a338c9de653df79f206fc7ecd44dd412ddee8eeaa92bccbe3f98,Malware payload
2024-02-02,Payload delivery,tlsh,t1eda1a7ab15681cbdc7148bc395d93a8787ed0153a2a8ac18fced5f0c81ff4b503669,
2024-02-02,Payload delivery,ssdeep,48:Yxg3SPhJSPdqKkY7EbnlUQl2whpk6nYK+zebDF4w0dM0tX8r82bp9WG9sYUfi1vc:QOykBAKpg9nEi1v1/YV05YP,
2024-02-02,Other,size-in-bytes,4971,
2024-02-02,Payload delivery,mime-type,application/json,
2024-02-02,Payload delivery,md5,a86af04daf5a74aa03c0c1d7fa11195b,Malware payload
2024-02-02,Payload delivery,sha256,010f728307e8cc5047aff0432a74cb4f09a0b0752567dce3e3b0a1ffab9e7ff3,Malware payload
2024-02-02,Payload delivery,tlsh,t1bea1b6ab35664cbc8a2487ea98e13e8b57ad01b39194dc14f9ec5f4c81fe8f103799,
2024-02-02,Payload delivery,ssdeep,48:Yxg3SPhJSPdqKkY7EbnlUQl2URifk/n0+aW0DF4w0biYtXnR2Hp9WO8ZUxG1v+bD:QOvkTa1uh49AMG1vSmAqErv,
2024-02-02,Other,size-in-bytes,4856,
2024-02-02,Payload delivery,mime-type,application/json,
2024-02-02,Payload delivery,md5,cdae2a31dee80f2e08c1847bfaef0bcf,Malware payload
2024-02-02,Payload delivery,sha256,5730cc083aef1f50ec546ed6ce85f05e12480c4316c19149aaa993e2ea7d609e,Malware payload
2024-02-02,Payload delivery,tlsh,t111918526261c0cbdc7298b93a05c76d767ae02739094fd2888bd9f4cb5ff2b141769,
2024-02-02,Payload delivery,ssdeep,96:jj+ekxq8pVFawTH9o2nTv71vzhHtsIZhUBgYR+:jj+vguFaA9o2nbdhNsIrQgYR+,
2024-02-02,Other,size-in-bytes,4215,
2024-02-02,Payload delivery,mime-type,application/json,
2024-02-02,Payload delivery,md5,75fdaa7e068bc0286f2b57e1fa3d32ac,Malware payload
2024-02-02,Payload delivery,sha256,afe3d7c03c12d1e6ebd8976bf9e694cb95d807f251ace93ed796e0e38355fb9f,Malware payload
2024-02-02,Payload delivery,tlsh,t130928f35a8a1641b4037d8f9356fa28df82194078c4749a4b11f412dcbf6e934faff,
2024-02-02,Payload delivery,ssdeep,384:OftrMf+F0e0H3ns2W6E45wse5QjuFwgzxdaqlU4:tIn0H3nsh6tOseQZgraqb,
2024-02-02,Other,size-in-bytes,19559,
2024-02-02,Payload delivery,mime-type,text/html,
2024-02-02,Payload delivery,md5,c92404466780786399725bf6ed01f79b,Malware payload (Amadey)
2024-02-02,Payload delivery,sha256,5bb03bc028df079449a30f235adbe45d01e2b45aa522da78c6de9e23465c4614,Malware payload (Amadey)
2024-02-02,Payload delivery,tlsh,t1700533a716378172e955f77520c72244cabc3ca81a138e01379f52969eb0d5feb2f3,
2024-02-02,Payload delivery,imphash,7515ecf8c0dfa4d230ad835fe0acb57f,
2024-02-02,Payload delivery,ssdeep,12288:JUsY3+xZUJznPo7YNQI2YcKify3iRNWCV3r81LOMrUApyJ+co2e4Vl:JUP+xZUFngwQzsiK3+NT581drUAyZ,
2024-02-02,Other,size-in-bytes,811520,
2024-02-02,Payload delivery,mime-type,application/x-dosexec,
2024-02-02,Payload delivery,md5,9eac4b9a8ce18a1114c88090ff09ede9,Malware payload
2024-02-02,Payload delivery,sha256,dad00d461be022a122e03f10c227ce7dc99a6e4838725c801b76d6b4f81fa14b,Malware payload
2024-02-02,Payload delivery,tlsh,t106a1879712545dbccb14c7d641da3aab87ed0053a2a4ac14eded5f0c91ff8b50266e,
2024-02-02,Payload delivery,ssdeep,48:Yxg3SPhJSPdqKkY7EbnlUQl2Rhpk6nYK+zobgDF4w0dM0tXcg/i2up9WXibUfi16:QO7kBtKCz93Ei1vnfYCYUHUP,
2024-02-02,Other,size-in-bytes,4798,
2024-02-02,Payload delivery,mime-type,application/json,
2024-02-02,Payload delivery,md5,b7cac2138c30402aa402d5a64f0450a5,Malware payload
2024-02-02,Payload delivery,sha256,e679116dfd6ec8c752ac365a29f62d616fff8435ab5de605462ea9dbf743cda1,Malware payload
2024-02-02,Payload delivery,tlsh,t10d91631619386d7ccb5884ca98fc3d4e5a7e005bf1609c14a5de8e0ae2ff1f183a61,
2024-02-02,Payload delivery,ssdeep,96:eyGrkYOhDH5R0DWfrfT594ds1Y7g1vUreHTMsgiFEBKXJeR:eyGQThr5RIWfrt94ds1Y7FrezMsgiFEd,
2024-02-02,Other,size-in-bytes,4614,
2024-02-02,Payload delivery,mime-type,application/json,
2024-02-02,Payload delivery,md5,03d44363a92bb164894239eda4895ef2,Malware payload
2024-02-02,Payload delivery,sha256,1ee85d78945ce90abe161c780fdf9242599f88dd93bb52207ea0bbf7de3f55dd,Malware payload
2024-02-02,Payload delivery,tlsh,t152159e0273d1c062ffab92334b5af6515bbc69260123e61f13981db9be701b1563e7,
2024-02-02,Payload delivery,imphash,948cc502fe9226992dce9417f952fce3,
2024-02-02,Payload delivery,ssdeep,12288:AqDEvFo+yo4DdbbMWu/jrQu4M9lBAlKhQcDGB3cuBNGE6iOrpfe4JdaDgabTD:AqDEvCTbMWu7rQYlBQcBiT6rprG8afD,
2024-02-02,Other,size-in-bytes,918016,
2024-02-02,Payload delivery,mime-type,application/x-dosexec,
2024-02-02,Payload delivery,md5,a9cb9e546547ff056b19465d61afb55a,Malware payload
2024-02-02,Payload delivery,sha256,2f261e7abcf930a312ef2327c07a499a5a567dac97cf13fd6389cfdf936fff4d,Malware payload
2024-02-02,Payload delivery,tlsh,t12ea1a65b31151cac852487eb98e13e8b97ad00a3a1c4ec18f89d5f5ca5ff8f103769,
2024-02-02,Payload delivery,ssdeep,48:Yxg3SPhJSPdqKkY7EbnlUQl2RK2JRifk/n0+aWKSPmDF4w0biYtXDSPGq2Hp9Wcn:QO2fkTaUeuef49VEMG1vHRA6lOb/t,
2024-02-02,Other,size-in-bytes,4922,
2024-02-02,Payload delivery,mime-type,application/json,
2024-02-02,Payload delivery,md5,130abd7ba815328d7f745680ab25910a,Malware payload
2024-02-02,Payload delivery,sha256,a74526d9c19119047d5f56d33e3244229313935899de25bdb241196b155bf290,Malware payload
2024-02-02,Payload delivery,tlsh,t1b7a1a79b36654cbcc62487ea94e23e8757ad0073a5d4ed14e8ac5f5c90fe8f1037ea,
2024-02-02,Payload delivery,ssdeep,48:Yxg3SPhJSPdqKkY7EbnlUQl28Rifk/n0+aWblFDF4w0biYtXqlNBT2Hp9Wt0mUx7:QOnkTaGuIT49YMG1veKA6ja,
2024-02-02,Other,size-in-bytes,4842,
2024-02-02,Payload delivery,mime-type,application/json,
2024-02-02,Payload delivery,md5,cc59709af4c7c8e4e4175be8e1a0f4b4,Malware payload
2024-02-02,Payload delivery,sha256,94b91a665653ceb43f3b0366859eb65bc8d177b6d64c1256d8604a1b3c692b48,Malware payload
2024-02-02,Payload delivery,tlsh,t17b91549a26095dbcca5496d3d8903ad7877e1093b198dd2ce4fd9f08e1ef1f04276a,
2024-02-02,Payload delivery,ssdeep,48:YxY6wRdlpkofn16Ru+FzvDFU0NhtXN3rm/2xp9WhHp6Y2UHs1vhmObvK3moRteUz:RpkocRtp9hEA9Sr2Ss1vhPMeHLzM4ax,
2024-02-02,Other,size-in-bytes,4275,
2024-02-02,Payload delivery,mime-type,application/json,
2024-02-02,Payload delivery,md5,97bbaccc9522b08df38561a6cfb186b0,Malware payload (DarkTortilla)
2024-02-02,Payload delivery,sha256,5e8ad3201b2aa99d0a99388846b4f7e2fcd70d5ddb1342331f68fca7ec7cfe5f,Malware payload (DarkTortilla)
2024-02-02,Payload delivery,tlsh,t1f515c0b3d3c06e0ec6ee123a8061544e03f6959ba162d52e1ce99dfd1a89f14b7e31,
2024-02-02,Payload delivery,imphash,f34d5f2d4577ed6d9ceec516c1f5a744,
2024-02-02,Payload delivery,ssdeep,12288:4UgOF5JoytxkjuYnKTZCblPLBhrrW2ibW8ebk8VrQdujqTj+AwNj/ZxZwYP7ksqg:4U5RX4uJTj+AwNjRZzhqv7MLdF,
2024-02-02,Other,size-in-bytes,932344,
2024-02-02,Payload delivery,mime-type,application/x-dosexec,
2024-02-02,Payload delivery,md5,f7d69cb218d47dccb45e67296afb75db,Malware payload (Socks5Systemz)
2024-02-02,Payload delivery,sha256,7fe8690f8700ace249136ea4ea0eec99762580d1716e452be665742a5f4d4cf2,Malware payload (Socks5Systemz)
2024-02-02,Payload delivery,tlsh,t1f35633c260569a78c8f6e5720429e725812ffee86c73351f319eb9dadb2c45850387,
2024-02-02,Payload delivery,imphash,884310b1928934402ea6fec1dbd3cf5e,
2024-02-02,Payload delivery,ssdeep,98304:NUVLme0VrNIvZh6SNT2l+Y07Ma7G+xNngrtUgOuKCF9rADMq64pi+qHFNmJb/Bd5:2ViZGvZh6AUniFBUr/OujZA4T2iFQbpH,
2024-02-02,Other,size-in-bytes,6385915,
2024-02-02,Payload delivery,mime-type,application/x-dosexec,
2024-02-02,Payload delivery,md5,8d1b574d44d57c9fa053a2b43a77cbf4,Malware payload (BumbleBee)
2024-02-02,Payload delivery,sha256,fd1ee6ab1f6dde923f3f2cba6d03519de7d839d767963c5755118316ad4d6451,Malware payload (BumbleBee)
2024-02-02,Payload delivery,tlsh,t19545e011e2a30ff8e476917681ab262bb7307e5c4315d37babc0d2377d927e05b16a,
2024-02-02,Payload delivery,imphash,47e01530ad43ec939d1c47709a80a5c6,
2024-02-02,Payload delivery,ssdeep,24576:rRVKL5uAztHwZpU3Hr9gHg+Rin685cYjsUwJAHGB0KMyDxUBeu5/x:eYj23H54g+KjsUwJ0jKMyy,
2024-02-02,Other,size-in-bytes,1226256,
2024-02-02,Payload delivery,mime-type,application/x-dosexec,
2024-02-02,Payload delivery,md5,cb2a12d515d8c24c5e116dc5575a0dc8,Malware payload
2024-02-02,Payload delivery,sha256,f5e03e4c35dc389fbcf8f5dd48a825af308560fd5884953c8e724127b51a8029,Malware payload
2024-02-02,Payload delivery,tlsh,t1359185e771155eb8c51fc5ea96a938cecabd011390305c1cd59e4b4b88fe1b51323d,
2024-02-02,Payload delivery,ssdeep,96:XGA9k0yan4wgaBSQcsTN9+BMOy0G1vRctHsz9UAeGaQJw0NVXr:I0049rVGmlaQZ/,
2024-02-02,Other,size-in-bytes,4529,
2024-02-02,Payload delivery,mime-type,application/json,
2024-02-02,Payload delivery,md5,976c00bfb5881fe7a04b30e7ba506788,Malware payload
2024-02-02,Payload delivery,sha256,f80eaa763faf077b673e2faa5b49a4366773c99326a6268046ffb8c18defa795,Malware payload
2024-02-02,Payload delivery,tlsh,t151a1845732554dbcca2487eb84e63eab47ad10b7a0d49c18a9ed4f4c91ff8f10276d,
2024-02-02,Payload delivery,ssdeep,48:Yxg3SPhJSPdqKkY7EbnlUQl2WRifk/n0+aWHbgDF4w0biYtXcgFi2Hp9WoibUxGr:QOFkTaRug49KMG1v5vAXVfoz1,
2024-02-02,Other,size-in-bytes,4780,
2024-02-02,Payload delivery,mime-type,application/json,
2024-02-02,Payload delivery,md5,15ca4f19b18277bbfa5822360b82bf4a,Malware payload
2024-02-02,Payload delivery,sha256,c64bf5c7580417a5687ff9ff9bfffa3a80a64236dd59df14c6944c6724e1587e,Malware payload
2024-02-02,Payload delivery,tlsh,t120a1a5ab55295c7ccf10c7c699c93a8797ed0153a3a4ac18fdad6f0c82ff8b142259,
2024-02-02,Payload delivery,ssdeep,48:Yxg3SPhJSPdqKkY7EbnlUQl2Dhpk6nYK+z1DF4w0dM0tXnT2up9WSFo8ZUfi1vAz:QO5kB5KDz9vLEi1vYYY8EQWP,
2024-02-02,Other,size-in-bytes,4884,
2024-02-02,Payload delivery,mime-type,application/json,
2024-02-02,Payload delivery,md5,7d9f8c5bf055073f7ba00f74a03e4d81,Malware payload
2024-02-02,Payload delivery,sha256,6eddcfb1bb728f8926f45af83aab1ea681e0e88866f4e6e4f1ad0e19afa69b70,Malware payload
2024-02-02,Payload delivery,tlsh,t1eca175ab21692cbcca14c7d699d53e8797fd0053a298ac18fded5f0c92ff8a103655,
2024-02-02,Payload delivery,ssdeep,48:Yxg3SPhJSPdqKkY7EbnlUQl2+hpk6nYK+z9SPmDF4w0dM0tXDSPGo2up9WvseNEL:QOkkBIeKezz9EEEi1vZhYtA3MEdP,
2024-02-02,Other,size-in-bytes,4940,
2024-02-02,Payload delivery,mime-type,application/json,
2024-02-02,Payload delivery,md5,574904d9f113352b1d7e9541d4e058cf,Malware payload
2024-02-02,Payload delivery,sha256,01256391cf151605fb643ccee5eb401d7f07fa6e2c099b99cc96c2e4e9d2b1ba,Malware payload
2024-02-02,Payload delivery,tlsh,t1dda1a89b25795cbccb24c7d695ca3e9357ed001353a8ad14ecac5f0c91fe4b1026aa,
2024-02-02,Payload delivery,ssdeep,48:Yxg3SPhJSPdqKkY7EbnlUQl29hpk6nYK+zMlFDF4w0dM0tXqlNjT2up9WMTv0mUR:QOLkB6KoTz9DEi1vgQYTBP,
2024-02-02,Other,size-in-bytes,4850,
2024-02-02,Payload delivery,mime-type,application/json,
2024-02-02,Payload delivery,md5,e9f687b28848b6ab3da23de086b89263,Malware payload
2024-02-02,Payload delivery,sha256,b24bb8f6a2b734e207b658accf89b177a64d97bb91f9fc293bdde58b96b64876,Malware payload
2024-02-02,Payload delivery,tlsh,t1d8a174ab31150cacc62987da94e53f8b97bd00639494dc24b4ec9f5c96fe8f1037ad,
2024-02-02,Payload delivery,ssdeep,48:Yxg3SPhJSPdqKkY7EbnlUQl2F/Rifk/n0+aWCDF4w0biYtXnQbZ2Hp9WjyUxG1vM:QODMkTa1uAbZ49bMG1vCb8vbJAzL,
2024-02-02,Other,size-in-bytes,5005,
2024-02-02,Payload delivery,mime-type,application/json,
2024-02-02,Payload delivery,md5,9b4280c84e284735c922172ccdca9e18,Malware payload
2024-02-02,Payload delivery,sha256,7f9f632aebf143d967d917f9e2568804f73aeeea4dee7fd7c2d631f2fc5a04a0,Malware payload
2024-02-02,Payload delivery,tlsh,t1f0b533f92d70ce60d8270b3a159697953e276e771293a1a25119f0df037cb38b40af,
2024-02-02,Payload delivery,imphash,baa93d47220682c04d92f7797d9224ce,
2024-02-02,Payload delivery,ssdeep,49152:bHhxzUXJbzw3+ETvNqF73sy9gbyOadLCEBTraqi:bHhxzUXJbzwOoi78+g5cLCy7,
2024-02-02,Other,size-in-bytes,2314752,
2024-02-02,Payload delivery,mime-type,application/x-dosexec,
2024-02-02,Payload delivery,md5,60479b91427b5fdd5f2f8b729ba9fd72,Malware payload
2024-02-02,Payload delivery,sha256,dab6bc5352a3bfe0ccd7e9fd482de50ee7594a69ab381b318da0536a1bf9bd68,Malware payload
2024-02-02,Payload delivery,tlsh,t1a256331374d87cf0c226d7798c1a29eaef4637440d303a7a759f12df5eab444a2e98,
2024-02-02,Payload delivery,imphash,884310b1928934402ea6fec1dbd3cf5e,
2024-02-02,Payload delivery,ssdeep,196608:NWOKjOqcLkkSqK0V/zlK49YgIMxdRCVUWTWXH:IFjVcA0V7lvaPMjRnWCXH,
2024-02-02,Other,size-in-bytes,6420237,
2024-02-02,Payload delivery,mime-type,application/x-dosexec,
2024-02-02,Payload delivery,md5,a29fb80c4b9e04d39712d36cd1bdbd7a,Malware payload
2024-02-02,Payload delivery,sha256,05f7895299fe201ea121f9777abbc031a358f7bc59f31369441e74e5ba611f94,Malware payload
2024-02-02,Payload delivery,tlsh,t11891a6b7152c4cadca1487d795503b87977f4167e0849e68bafc8f0cd0fe1b51136a,
2024-02-02,Payload delivery,ssdeep,48:Yx5AvwlYYwvKbsJkmnh+0DFU0omOtXxR23p9WtY2UKJ1vybaKqRrC3wxioir5Vy1:YAvwlkkv0S7U9/2FJ1vu8izBHE,
2024-02-02,Other,size-in-bytes,4323,
2024-02-02,Payload delivery,mime-type,application/json,
2024-02-02,Payload delivery,md5,32990279b8ee876374e52d827d4c5b73,Malware payload
2024-02-02,Payload delivery,sha256,9e5dde215c1a6fa4898876a97889a8f9324ad916e1685d18c7cde87dafd5be79,Malware payload
2024-02-02,Payload delivery,tlsh,t13ea184eb61691cbccb18c7c295d93b8797fc011352a4ec28ac9c5b0c93ff57252669,
2024-02-02,Payload delivery,ssdeep,48:Yxg3SPhJSPdqKkY7EbnlUQl2qhpk6nYK+z1DF4w0dM0tXnGbZ2up9WSgyUfi1vUT:QOokBhKWbZz9BEi1vUb8pbbYr9P,
2024-02-02,Other,size-in-bytes,5023,
2024-02-02,Payload delivery,mime-type,application/json,
2024-02-02,Payload delivery,md5,3e1cc4de627cdbabfd6b4ff4cd8313bd,Malware payload
2024-02-02,Payload delivery,sha256,f2d05fc9a0ec95d2387e6f574d914dbdfa9640b177c5630bab19180e93b2cf72,Malware payload
2024-02-02,Payload delivery,tlsh,t1aa91c4b716284cadca2487d796903b87567f4167e0849e68f9b88f0ce0fe1b51137a,
2024-02-02,Payload delivery,ssdeep,48:Yx5AvwlYYwtXKbsJkmnh+0DFU0omOtXxR23p9WtY2UKJ1vybaKqRrC3wxioiMvZE:YAvwlGVkv0S7U9/2FJ1vu8iMvZE,
2024-02-02,Other,size-in-bytes,4323,
2024-02-02,Payload delivery,mime-type,application/json,
2024-02-02,Payload delivery,md5,62b97cf4c0abafeda36e3fc101a5a022,Malware payload (Phorpiex)
2024-02-02,Payload delivery,sha256,e172537adcee1fcdc8f16c23e43a5ac82c56a0347fa0197c08be979438a534ab,Malware payload (Phorpiex)
2024-02-02,Payload delivery,tlsh,t132121a0abdca40b0e3a04cf057f58b4a8abe5063178672dfb7b3c5494f5039184677,
2024-02-02,Payload delivery,imphash,7fda7734b056db13fe95f35927509e47,
2024-02-02,Payload delivery,ssdeep,96:zM2BLwN8GXhc1I+a8gnYFdj9DSYp+BYA8v7cVO15uJxGE9YUBz2qh3C7tCE4ecp:AIwNfC1TUYv9p+OF8JxTmUBzthcqp,
2024-02-02,Other,size-in-bytes,9728,
2024-02-02,Payload delivery,mime-type,application/x-dosexec,
2024-02-02,Payload delivery,md5,1cd832fbc4eef1d1e9c0dab08c7c0db0,Malware payload
2024-02-02,Payload delivery,sha256,9e5ccc479e7e712a5da99460cb5cac3700997ec3b50cccadc1df45935c3fe1d2,Malware payload
2024-02-02,Payload delivery,tlsh,t157a1859712585cbccb14c7c645da3a9b83fd001392a8ac14eded5f0c91ff8b50266d,
2024-02-02,Payload delivery,ssdeep,48:Yxg3SPhJSPdqKkY7EbnlUQl2ohpk6nYK+zobgDF4w0dM0tXcg/i2up9WXibUfi1U:QOGkBtKCz93Ei1vnfY1HP,
2024-02-02,Other,size-in-bytes,4798,
2024-02-02,Payload delivery,mime-type,application/json,
2024-02-02,Payload delivery,md5,aa6a49ba85ec9e79970368c16765e996,Malware payload
2024-02-02,Payload delivery,sha256,6dc969dbac9b3c84842f7fc79c7c58a2bdc9f0aa6cdb7364e6b6507ff2ad8396,Malware payload
2024-02-02,Payload delivery,tlsh,t12ab533e93db40908e88b53b7a0636ca511fb3d6708d117e80d9af8c9e3bd17b8295d,
2024-02-02,Payload delivery,imphash,baa93d47220682c04d92f7797d9224ce,
2024-02-02,Payload delivery,ssdeep,49152:QZpUrX75KvTA00CbRkXygYzP/+Pasrom8SXjaf1agHnP:cUH5cICllKasUm80jMBH,
2024-02-02,Other,size-in-bytes,2339328,
2024-02-02,Payload delivery,mime-type,application/x-dosexec,
2024-02-02,Payload delivery,md5,44438fc4c69625cf0338f2b653198bb6,Malware payload (Healer)
2024-02-02,Payload delivery,sha256,2c543462ff11b13522cfe8abf8e4204675357987a1d088b9da4928e2c35b5afe,Malware payload (Healer)
2024-02-02,Payload delivery,tlsh,t185d423fa57ebae01d3287df4819199a81825bde45848afad507b325e1cb12cf270d9,
2024-02-02,Payload delivery,imphash,436f7e4bc6bece183fb5bacd9f2ff7d3,
2024-02-02,Payload delivery,ssdeep,12288:Sgo7YNQp4WioPJicryGBWECTwT/LV2CIQczZbaUPnIpm6896gJt70:SxwQQ6icoECm/Z2CIQczZbg40w0,
2024-02-02,Other,size-in-bytes,617472,
2024-02-02,Payload delivery,mime-type,application/x-dosexec,
2024-02-02,Payload delivery,md5,ef022ac8ed17f40fae44590669cada3f,Malware payload (RiseProStealer)
2024-02-02,Payload delivery,sha256,9559f9b46df0a103e01f513c1d957398db9711f1820714c0367fb63700092369,Malware payload (RiseProStealer)
2024-02-02,Payload delivery,tlsh,t1004523bd616ed606c12974fa5295007ceb7af45f2101df2a49230ee409a13ee635fe,
2024-02-02,Payload delivery,imphash,5ab723dc8d5af21b79dc301ed6a56a64,
2024-02-02,Payload delivery,ssdeep,24576:gqjCaCTv+mj6QUdb74JBjqpxrAwQU6icoECKuG09FyT5ZL:uau+Zdb74ypx0lLoEJu1q5ZL,
2024-02-02,Other,size-in-bytes,1195520,
2024-02-02,Payload delivery,mime-type,application/x-dosexec,
2024-02-02,Payload delivery,md5,560c64e20027cf9d0c1a43d9cd6c7c81,Malware payload
2024-02-02,Payload delivery,sha256,25b9502e8bb1e1f5443879b3a66a5b8397d1bf31eedbc7f8054751dfb616eb8c,Malware payload
2024-02-02,Payload delivery,tlsh,t1b0915566251c0cbdc7354a92905c7ad76bad027390d4fd2898bd8f0cb5ff2b141769,
2024-02-02,Payload delivery,ssdeep,96:jj6ekxq8pVFawTH9o2nTv71vzhHtsIZh1q9SR+:jj6vguFaA9o2nbdhNsIrU9SR+,
2024-02-02,Other,size-in-bytes,4225,
2024-02-02,Payload delivery,mime-type,application/json,
2024-02-02,Payload delivery,md5,d94e495689142ad619391b9310ba9b0c,Malware payload
2024-02-02,Payload delivery,sha256,4e6e4b6ecce3302315d396f39c5b453f7871aa034987046f4f46b552f5fbf1d2,Malware payload
2024-02-02,Payload delivery,tlsh,t1fca1b7ab35660c7cca2487da98e13e8b57ac00b395d4ec14b8ed5f4c91ee8f1437a9,
2024-02-02,Payload delivery,ssdeep,48:Yxg3SPhJSPdqKkY7EbnlUQl2XRifk/n0+aW0DF4w0biYtXnR2Hp9WO8ZUxG1v+bG:QOKkTa1uh49AMG1vSmAL6iC,
2024-02-02,Other,size-in-bytes,4866,
2024-02-02,Payload delivery,mime-type,application/json,
2024-02-02,Payload delivery,md5,c67cb967230036816fd0cbbfd96959c6,Malware payload (Stealc)
2024-02-02,Payload delivery,sha256,d2682ee0fe9e5bf429b7bea89d32cf417c3b684429dbff5e060b07e7335aaa76,Malware payload (Stealc)
2024-02-02,Payload delivery,tlsh,t1296622453fffa4309ab6ff21e80ae8553e7a200f6d411a1450a96638580ba63cd3df,
2024-02-02,Payload delivery,imphash,f34d5f2d4577ed6d9ceec516c1f5a744,
2024-02-02,Payload delivery,ssdeep,196608:GHqO3grg0lAc4G+JCJjsP8BXkf/hmzJzFYngA13jvHKvj4:GHzCOc4G+oB0BmdFY31zq,
2024-02-02,Other,size-in-bytes,6564864,
2024-02-02,Payload delivery,mime-type,application/x-dosexec,
2024-02-02,Payload delivery,md5,09490c9dfc71b8d9975f7e7b96c9928d,Malware payload
2024-02-02,Payload delivery,sha256,1d25fc3d77b8eae5f87e2927ec4530d7cb279d882effc9ae2b6d4f4ce52513ca,Malware payload
2024-02-02,Payload delivery,tlsh,t1b191549a27095dbcc654a6d3d5843ad78b6e0493b198ed2cd8fd9f08e1ef1f003759,
2024-02-02,Payload delivery,ssdeep,48:YxY6wEdlpkofn16Ru+FkDFU0NhtXeV2Qp9We6T2UHs1vibvKqRteU3wxioL71aMX:spkocRtG9U/9K2Ss1veiHLxa+x,
2024-02-02,Other,size-in-bytes,4273,
2024-02-02,Payload delivery,mime-type,application/json,
2024-02-02,Payload delivery,md5,d33e7e22c1fa377cde47113499d78739,Malware payload
2024-02-02,Payload delivery,sha256,3b9c92f26712b246c11e19c6b1317f2a9b3c8f81fb7bf76eb95342f2ce5fc135,Malware payload
2024-02-02,Payload delivery,tlsh,t12fb533f117f126aec14b333fd3b908055b9f6c9b146452ab862af4a4cb3c57442e2e,
2024-02-02,Payload delivery,imphash,baa93d47220682c04d92f7797d9224ce,
2024-02-02,Payload delivery,ssdeep,49152:LzpAuNUKYLXJNSXO6P9X42GsRr1q8gSCYKAzEOWSAxaMTK2:C4BY7TSXOeEsdgnYKAAeAcMTK,
2024-02-02,Other,size-in-bytes,2341888,
2024-02-02,Payload delivery,mime-type,application/x-dosexec,
2024-02-02,Payload delivery,md5,780d6dd22923ac09a147a43371d4bf58,Malware payload
2024-02-02,Payload delivery,sha256,737c1915e58aa3526f5be256f004fc82ac6de92d1af688589911d8f0d0f0688b,Malware payload
2024-02-02,Payload delivery,tlsh,t103159e0273d1c062ffab92334b5af6515bbc69260123e61f13981db9be701b1563e7,
2024-02-02,Payload delivery,imphash,948cc502fe9226992dce9417f952fce3,
2024-02-02,Payload delivery,ssdeep,12288:LqDEvFo+yo4DdbbMWu/jrQu4M9lBAlKhQcDGB3cuBNGE6iOrpfe4JdaDgaBTc:LqDEvCTbMWu7rQYlBQcBiT6rprG8aVc,
2024-02-02,Other,size-in-bytes,917504,
2024-02-02,Payload delivery,mime-type,application/x-dosexec,
2024-02-02,Payload delivery,md5,12e5f0f02f0505e3bc6a13fdb3c1c7c3,Malware payload
2024-02-02,Payload delivery,sha256,bea7276bf5fd5f5f4cdbb097d4995b1a3321ebc341c28559e7e3b02125a8a4f7,Malware payload
2024-02-02,Payload delivery,tlsh,t10341cb7dcf29f8e0033db0a088492e2620949e57d6f58e24d9574ee62d7c20acf2b1,
2024-02-02,Payload delivery,ssdeep,48:LGfEFWuJqs9HZNjd+SfprcKyK0hE6S1FtfsC5P3RX5ZWiaoIhSNtf:LGfEFW87jd+Sfpbaq6S1FtfsC5P39EfK,
2024-02-02,Other,size-in-bytes,2219,
2024-02-02,Payload delivery,mime-type,text/plain,
2024-02-02,Payload delivery,md5,6f7ce92d4879df2b355484fcafeb3c7b,Malware payload
2024-02-02,Payload delivery,sha256,938425a17de5c70ebf40fcb8161201e49fcaef1ec2fd9727ddcc5c480e5ec6d4,Malware payload
2024-02-02,Payload delivery,tlsh,t19aa196af51692cbcc614c7d689d53e8797ec0053a298ac18fded5f0c92ff8a603655,
2024-02-02,Payload delivery,ssdeep,48:Yxg3SPhJSPdqKkY7EbnlUQl2Vhpk6nYK+z9SPmDF4w0dM0tXDSPGo2up9WvseNEX:QOjkBIeKezz9EEEi1vZhYr/o0udP,
2024-02-02,Other,size-in-bytes,4940,
2024-02-02,Payload delivery,mime-type,application/json,
2024-02-02,Payload delivery,md5,222bbcd054e00236c90fd61f2bbd20fb,Malware payload
2024-02-02,Payload delivery,sha256,d1e746510ec0b0fb2975e47bcfaee63dba0b32317758d15433b634b5c9536607,Malware payload
2024-02-02,Payload delivery,tlsh,t12e91752661140cbe8a28869be4447ba35bee01a391c4ac28c4be5f5ca0ff5f111769,
2024-02-02,Payload delivery,ssdeep,96:zOzOd+km7O8ZlOFKiwTH9DnT71vfihHxisoZ5YifLm34+:FPHKT9TTx+RJoDYifLm33,
2024-02-02,Other,size-in-bytes,4262,
2024-02-02,Payload delivery,mime-type,application/json,
2024-02-02,Payload delivery,md5,a50811ee25be36cf6236373bfba09e41,Malware payload
2024-02-02,Payload delivery,sha256,e2534b0e5e9a35e0646940a7bbeec97b7b6f4758c822c3d9bd01b9a8f1757763,Malware payload
2024-02-02,Payload delivery,tlsh,t10532cf3cb817bc3b92d051b9ea712d1d48621082a2d3e34ba0d25dda01d6f1e747d7,
2024-02-02,Payload delivery,ssdeep,192:FzNuFpYOGlnvQZVABno9lM0zvsqaGgi7TlbWs+v50Et:cpQlYUo96Gq,
2024-02-02,Other,size-in-bytes,11008,
2024-02-02,Payload delivery,mime-type,application/octet-stream,
2024-02-02,Payload delivery,md5,e23fd1534a1dc19f1b793a5b9ae466dd,Malware payload
2024-02-02,Payload delivery,sha256,4a89ce04ef08c8fc755683b283323db90fda37ce7b5e42125062e7c761117fde,Malware payload
2024-02-02,Payload delivery,tlsh,t119a1a4ab15795cbccb14c7c695c93a8793ed015393a8ac18fded6f0c82ee8b142659,
2024-02-02,Payload delivery,ssdeep,48:Yxg3SPhJSPdqKkY7EbnlUQl2ehpk6nYK+z1DF4w0dM0tXnT2up9WSFo8ZUfi1vAJ:QOkkB5KDz9vLEi1vYYYNa+P,
2024-02-02,Other,size-in-bytes,4874,
2024-02-02,Payload delivery,mime-type,application/json,
2024-02-02,Payload delivery,md5,ac9905fe1e2665d6aefcec0e8b0a53d8,Malware payload
2024-02-02,Payload delivery,sha256,f9063b65eefc871ae8d034e95a873fb7db215f11735fac4c1bbb133c3550649f,Malware payload
2024-02-02,Payload delivery,tlsh,t1f3a1855b31561cac852487eb98e13e8b87bd00a3a1d4ec18b8ed5f5c96ff8f103759,
2024-02-02,Payload delivery,ssdeep,48:Yxg3SPhJSPdqKkY7EbnlUQl26Rifk/n0+aWKSPmDF4w0biYtXDSPGq2Hp9WcseNI:QOpkTaUeuef49VEMG1vHRALaht,
2024-02-02,Other,size-in-bytes,4922,
2024-02-02,Payload delivery,mime-type,application/json,
2024-02-02,Payload delivery,md5,455af7b85c5f2f4f7bd03fccc9f38ffe,Malware payload (RedLineStealer)
2024-02-02,Payload delivery,sha256,cb341f04a9d035bac65c5c7538733c06c23a26543dbe64cc6e8a9d9ccd7859e6,Malware payload (RedLineStealer)
2024-02-02,Payload delivery,tlsh,t140d4122030c1c2b7d0b3157105e6ca3a9a3a70224b7695dbb79d1bba2f113e5b3762,
2024-02-02,Payload delivery,imphash,bf5a4aa99e5b160f8521cadd6bfe73b8,
2024-02-02,Payload delivery,ssdeep,12288:yh1Lk70TnvjcsfqL28fppT5tVcS97MNJpm4EtMFXTlJV8yojAv2xXQSde:Gk70Trcsfqa8f6y7Mlm4EtMFjl78fjaj,
2024-02-02,Other,size-in-bytes,599808,
2024-02-02,Payload delivery,mime-type,application/x-dosexec,
2024-02-02,Payload delivery,md5,589efae7b820c23fbf3295dca525b4e5,Malware payload
2024-02-02,Payload delivery,sha256,a569836a3ed3ef76b6d765124783b44d1726146ee2668a40f844dbffc9f07e40,Malware payload
2024-02-02,Payload delivery,tlsh,t14791759a26094ebcc64497e3e4903ac7876e1093b198dd2ce4fd9f08e1ef0f04276a,
2024-02-02,Payload delivery,ssdeep,48:YxY6wydlpkofn16Ru+FzvDFU0NhtXN3rm/2xp9WhHp6Y2UHs1vhmObvK3moRteUT:ypkocRtp9hEA9Sr2Ss1vhPMeHLjgdx,
2024-02-02,Other,size-in-bytes,4283,
2024-02-02,Payload delivery,mime-type,application/json,
2024-02-02,Payload delivery,md5,24b8a531582b8f7c41136ec9a908e06c,Malware payload
2024-02-02,Payload delivery,sha256,846cfa63c6d39d5113c657686e6d50841faa7c13ea407831496eb98cf961672b,Malware payload
2024-02-02,Payload delivery,tlsh,t1d69185e7b1155eb8c61fc5ea56a938cecabc011390306c6ce5ae4b0b98fe1b513639,
2024-02-02,Payload delivery,ssdeep,96:XG+9k0yan4wgaBSQcsTN9+BMOy0G1vRctHsz9UAeGiT7ezefVXr:20049rVGmlvyN,
2024-02-02,Other,size-in-bytes,4529,
2024-02-02,Payload delivery,mime-type,application/json,
2024-02-02,Payload delivery,md5,e5ecba54c5e83ae9574dacf91b9684e9,Malware payload
2024-02-02,Payload delivery,sha256,66bb0ae3ffc68f8acbc222248e94ad2deae248043e0ec213fdb9239d530cc617,Malware payload
2024-02-02,Payload delivery,tlsh,t19ca197ab15681cbdc614cbc255d93a8787ed0113a2a8ac14fced5f0c92ff8b603669,
2024-02-02,Payload delivery,ssdeep,48:Yxg3SPhJSPdqKkY7EbnlUQl2zhpk6nYK+zebDF4w0dM0tX8r82bp9WG9sYUfi1vr:QO1kBAKpg9nEi1v1/YuFP,
2024-02-02,Other,size-in-bytes,4971,
2024-02-02,Payload delivery,mime-type,application/json,
2024-02-02,Payload delivery,md5,fc52e674552d8f22dfa6686d66145390,Malware payload
2024-02-02,Payload delivery,sha256,5c2014acc1b0b2a11b3efbc2eae039fc6dbf0fb0f703a072806dcfc1fc9f5ecf,Malware payload
2024-02-02,Payload delivery,tlsh,t1ba91417562080c7e863482c6b4597ad667be0267a0d4ac28a8fd4f4ce7ef1f205b59,
2024-02-02,Payload delivery,ssdeep,96:3bZknCs+w/05TH9I681vdEHAbpZcpPx4HO:3b21R0B9I6KEgbp+RxQO,
2024-02-02,Other,size-in-bytes,4238,
2024-02-02,Payload delivery,mime-type,application/json,
2024-02-02,Payload delivery,md5,a9ad4725f7a8ff7a894907cd2116eb9f,Malware payload
2024-02-02,Payload delivery,sha256,0faa33ce07ec2bec8ce22e40b42149b7be04ed93b4b83ca381a7baa68937b23e,Malware payload
2024-02-02,Payload delivery,tlsh,t10b91a7b7152c0cbc862487d795553bd7967f4167e084ad68b9bc8f0ce0fe1b50136a,
2024-02-02,Payload delivery,ssdeep,96:YAvwltkvQISnya0o9HT2FJ1vltPBiBkrnE:YAv5Xo9z2FBiKbE,
2024-02-02,Other,size-in-bytes,4329,
2024-02-02,Payload delivery,mime-type,application/json,
2024-02-02,Payload delivery,md5,d782fd507b5c3eb47c8f0f28b3cace25,Malware payload
2024-02-02,Payload delivery,sha256,8a5bda107e1cadc6d59c94f7865d1888b3867311717ab13719d79ddc2054b77c,Malware payload
2024-02-02,Payload delivery,tlsh,t1aa41dc7ccf29fce0037db0a088492e2620949e57d6f58e24d9574ee62d7c20acf2b1,
2024-02-02,Payload delivery,ssdeep,48:LGfEFWuJqs9HZNjd+SfprcKyK0hE6S1FtfsC5P3RX5ZWiaoIhSNtd:LGfEFW87jd+Sfpbaq6S1FtfsC5P39Efs,
2024-02-02,Other,size-in-bytes,2219,
2024-02-02,Payload delivery,mime-type,text/plain,
2024-02-02,Payload delivery,md5,b9ad658b6f9d83b09bd48bff50b54336,Malware payload (Amadey)
2024-02-02,Payload delivery,sha256,29cffe1382ef9f9c93cb8678fc986b4b2c15ad937747f75871597d024d4c04fa,Malware payload (Amadey)
2024-02-02,Payload delivery,tlsh,t10a0523ac1f272341f9a7f6b654cb429da6b876ea16480e0d250f67091db4acccf356,
2024-02-02,Payload delivery,imphash,7515ecf8c0dfa4d230ad835fe0acb57f,
2024-02-02,Payload delivery,ssdeep,12288:kMe9zV8P7H2Ggnbo7YNQQ2YcKify3iSw4RkOpauUPnIpVYHFjZq4my:ru8r2XnkwQbsiK3nR4k0jZq,
2024-02-02,Other,size-in-bytes,811008,
2024-02-02,Payload delivery,mime-type,application/x-dosexec,
2024-02-02,Payload delivery,md5,7fb855b8adb8b47618f265f87743cd86,Malware payload (BumbleBee)
2024-02-02,Payload delivery,sha256,eeeb7dbd28b0b45259e04f601ab9c9f4914e27d9f7e24efafc0653a3abc4ec50,Malware payload (BumbleBee)
2024-02-02,Payload delivery,tlsh,t1fc45e012e6a21fe8d47651b681ab252bbb343e180315d377ebc0d2377d827e45f1ab,
2024-02-02,Payload delivery,imphash,47e01530ad43ec939d1c47709a80a5c6,
2024-02-02,Payload delivery,ssdeep,24576:zzO33ic+tWTgB3EMMhhe+TJ3YD7sgpfzKTKqJNHjqvHGPujdclCg8PWNrqyW+P:mvSaIuoEKqJ5qBjdfZY,
2024-02-02,Other,size-in-bytes,1223688,
2024-02-02,Payload delivery,mime-type,application/x-dosexec,
2024-02-02,Payload delivery,md5,bdf2ffb540b68253a78133a356fb7cce,Malware payload
2024-02-02,Payload delivery,sha256,45c5d12dd1df5994d4488df770943fff7a4aa80d81fb8fe52f829d76f53b7d8a,Malware payload
2024-02-02,Payload delivery,tlsh,t118a1849732554cbc8b2487ea94e23e9f47ad00b3a194dc18a9ed5f4c90ff8f10366d,
2024-02-02,Payload delivery,ssdeep,48:Yxg3SPhJSPdqKkY7EbnlUQl2oRifk/n0+aWHbgDF4w0biYtXcgFi2Hp9WoibUxGo:QOPkTaRug49KMG1v5vAOVkOW,
2024-02-02,Other,size-in-bytes,4770,
2024-02-02,Payload delivery,mime-type,application/json,
2024-02-02,Payload delivery,md5,8e486787fb29d3562744b479b7d766ec,Malware payload
2024-02-02,Payload delivery,sha256,a83cd76f309154cfeac4c7db6b02c5a2ea54322c72287a934afeec1de80bfeb1,Malware payload
2024-02-02,Payload delivery,tlsh,t1f5a1a8ab65795cbccb24c7c655d63e8757ed001362a4ad14ecfc5f0c91fe4b1026aa,
2024-02-02,Payload delivery,ssdeep,48:Yxg3SPhJSPdqKkY7EbnlUQl29hpk6nYK+zMlFDF4w0dM0tXqlNjT2up9WMTv0mUd:QOTkB6KoTz9DEi1vgQYKUZ5P,
2024-02-02,Other,size-in-bytes,4850,
2024-02-02,Payload delivery,mime-type,application/json,
2024-02-02,Payload delivery,md5,f0646f39ce0aaa7e37f65233609b7460,Malware payload
2024-02-02,Payload delivery,sha256,5ac6cb9c9b3928466e8bf29fd3ba013f5ba32445e5ebca8f770161675c0e9e98,Malware payload
2024-02-02,Payload delivery,tlsh,t130b533e1a2b9965af2c713f2c33a9225b063eda7539381681d6af14e573d234c034f,
2024-02-02,Payload delivery,imphash,baa93d47220682c04d92f7797d9224ce,
2024-02-02,Payload delivery,ssdeep,49152:KUKv4/OQVlz4KYBSmED7BWlLPufFjh0Vwp9/HkkoX7aovtMVC603vxs0:1tOclfmTlDufNb/Ek0m/j2+0,
2024-02-02,Other,size-in-bytes,2348544,
2024-02-02,Payload delivery,mime-type,application/x-dosexec,
2024-02-02,Payload delivery,md5,dc3a6deca918b65e224bb116f9189602,Malware payload
2024-02-02,Payload delivery,sha256,6d5c67cee8f9ac39fe54283c7c9bee3c0e3bf3a1ff5a3ff9064ace9603870081,Malware payload
2024-02-02,Payload delivery,tlsh,t190a195ab32550cbc862487eb94e53e8b476d0163a1d8ad18f4ad4f4c85ff8f5037a9,
2024-02-02,Payload delivery,ssdeep,48:Yxg3SPhJSPdqKkY7EbnlUQl2tRifk/n0+aW/bDF4w0biYtX8rG2xp9WoKsYUxG1U:QOMkTakuNe9yMG1vbDAhdX,
2024-02-02,Other,size-in-bytes,4963,
2024-02-02,Payload delivery,mime-type,application/json,
2024-02-02,Payload delivery,md5,6da5303d28e02727b40e5ed19230c7b7,Malware payload
2024-02-02,Payload delivery,sha256,9b783d777d8012b7ac648b5af9ac9d469775eae127570f3d01c7b1e810e29680,Malware payload
2024-02-02,Payload delivery,tlsh,t11fa1c85731614cbcc624c7ea94e23e4b57ac00b3a0d4ec14a8ac4f9c81fe8f1037ea,
2024-02-02,Payload delivery,ssdeep,48:Yxg3SPhJSPdqKkY7EbnlUQl2vRifk/n0+aWblFDF4w0biYtXqlNBT2Hp9Wt0mUxo:QOKkTaGuIT49YMG1veKAHIv,
2024-02-02,Other,size-in-bytes,4832,
2024-02-02,Payload delivery,mime-type,application/json,
2024-02-02,Payload delivery,md5,84620fd8f8996fbe7239e2286bb62eeb,Malware payload
2024-02-02,Payload delivery,sha256,5b92978a881b3d803a09cb0735a6929617a98a8fcbbfef528894588ca40bc544,Malware payload
2024-02-02,Payload delivery,tlsh,t13ba194eb61241cbcca19c7c694d93b8797fc015352a4ec24a89c5b0c83ff87253669,
2024-02-02,Payload delivery,ssdeep,48:Yxg3SPhJSPdqKkY7EbnlUQl2qhpk6nYK+z1DF4w0dM0tXnGbZ2up9WSgyUfi1vUU:QOkkBhKWbZz9BEi1vUb8pbbYL0lsgFP,
2024-02-02,Other,size-in-bytes,5033,
2024-02-02,Payload delivery,mime-type,application/json,
2024-02-02,Payload delivery,md5,1b1ed1e16a52e84d9aaaea1ab747dfb7,Malware payload
2024-02-02,Payload delivery,sha256,a0f13b111205f961b7e4589139a97bf1d6f45cb3fd6cebc6a3c7b2fb8c40b8b8,Malware payload
2024-02-02,Payload delivery,tlsh,t196a1856b31551cbc861487eb98e13e8b97ad00b3a1c4ac18b4ed5f5896ff8f103759,
2024-02-02,Payload delivery,ssdeep,48:Yxg3SPhJSPdqKkY7EbnlUQl2ZRifk/n0+aWKSPmDF4w0biYtXDSPGq2Hp9WcseNA:QOYkTaUeuef49VEMG1vHRAN4Tu0t,
2024-02-02,Other,size-in-bytes,4932,
2024-02-02,Payload delivery,mime-type,application/json,
2024-02-02,Payload delivery,md5,7ac87cff3974e30742b410c6d79c3444,Malware payload (RiseProStealer)
2024-02-02,Payload delivery,sha256,7e06531edb2217fecedc4c8fe7208227959e00706b8882575d826c420447db09,Malware payload (RiseProStealer)
2024-02-02,Payload delivery,tlsh,t13c4533d957164108f464f1f804a228e55be132dcac4dd62a338fabbe485adedcf10e,
2024-02-02,Payload delivery,imphash,5ab723dc8d5af21b79dc301ed6a56a64,
2024-02-02,Payload delivery,ssdeep,24576:c4lnI/K5iMri0DnygIcFwoh4o6wQhsiK3KotbaUlRn11bBy:PI/KBBnvJZ41lO3K4baabBy,
2024-02-02,Other,size-in-bytes,1195520,
2024-02-02,Payload delivery,mime-type,application/x-dosexec,
2024-02-02,Payload delivery,md5,8961590be52bbac13b2c9c5e6da70100,Malware payload
2024-02-02,Payload delivery,sha256,e07584de5a64ff9110d0c54962c156b0fdc53bda4f9a3a189b8c86faad9f9b0d,Malware payload
2024-02-02,Payload delivery,tlsh,t15a91527662180c7d873482d7b4557ad367be0267a0d4ec28a8bd4f0ca6ff1f205b59,
2024-02-02,Payload delivery,ssdeep,96:VbZknCs+w/05TH9I681vdEHAbpZctEJbmO:Vb21R0B9I6KEgbp+WJaO,
2024-02-02,Other,size-in-bytes,4236,
2024-02-02,Payload delivery,mime-type,application/json,
2024-02-02,Payload delivery,md5,311c8efa2484f0ba86c555875e558d44,Malware payload (Healer)
2024-02-02,Payload delivery,sha256,13ddc3f30475cf12096324fab50e0716f64184427fbe0741866b3a73ba289d82,Malware payload (Healer)
2024-02-02,Payload delivery,tlsh,t1add42378021bd3a4d710b5fa56cf47f07f9e390e1b814a82614f6ae24db8b9c3b855,
2024-02-02,Payload delivery,imphash,436f7e4bc6bece183fb5bacd9f2ff7d3,
2024-02-02,Payload delivery,ssdeep,12288:Xo7YNQVDDzdYD/jGW/nS9eYJ+y8+okBXNpbycdc8BLs+dwL6G:YwQZRHW/nS9XJTv7caQYwL6G,
2024-02-02,Other,size-in-bytes,617472,
2024-02-02,Payload delivery,mime-type,application/x-dosexec,
2024-02-02,Payload delivery,md5,aeba00de9e51ed99b9ef5174472df0b4,Malware payload
2024-02-02,Payload delivery,sha256,1f2b8675f0ef277f09927070996034bfcb0f558ef2274b9e7b5de14af67e02c5,Malware payload
2024-02-02,Payload delivery,tlsh,t1a4a174ab32550cbcc52983da94e53b8b97bc01635494ec24a4ac5f5c96ff8f1037a9,
2024-02-02,Payload delivery,ssdeep,48:Yxg3SPhJSPdqKkY7EbnlUQl2PRifk/n0+aWCDF4w0biYtXnQbZ2Hp9WjyUxG1vCW:QOikTa1uAbZ49bMG1vCb8vbJAYNpqO,
2024-02-02,Other,size-in-bytes,5005,
2024-02-02,Payload delivery,mime-type,application/json,
2024-02-02,Payload delivery,md5,7c7b3425fc3403576c14d76d4a656fcc,Malware payload
2024-02-02,Payload delivery,sha256,78770a3d357ae62bc4600f817badc61024ddf366f82c7795ccdd96612f4cb474,Malware payload
2024-02-02,Payload delivery,tlsh,t1ec91b7b7262c0cbc8a6487d799503bd7467f4167e0849d68b9b88f08e0fe1b51136b,
2024-02-02,Payload delivery,ssdeep,96:YAvwls/kvQISnya0o9HT2FJ1vltPBiCkznE:YAvAXo9z2FBizDE,
2024-02-02,Other,size-in-bytes,4329,
2024-02-02,Payload delivery,mime-type,application/json,
2024-02-02,Payload delivery,md5,758cea799003101d4768c3763b8d3a7c,Malware payload
2024-02-02,Payload delivery,sha256,61ef40db5a9b166beca08b7712336b69f2c29a4b96c35ad1ecea52601fb90f3f,Malware payload
2024-02-02,Payload delivery,tlsh,t1f9a1a5ab15395c7ccb14c7c695c93a8793ed015363a8ac14bded6f0c82ef8a142659,
2024-02-02,Payload delivery,ssdeep,48:Yxg3SPhJSPdqKkY7EbnlUQl21nhpk6nYK+z1DF4w0dM0tXnT2up9WSFo8ZUfi1vo:QOPkB5KDz9vLEi1vYYYCIvP,
2024-02-02,Other,size-in-bytes,4884,
2024-02-02,Payload delivery,mime-type,application/json,
2024-02-02,Payload delivery,md5,7612abc0c4d9c336566934b21fd54768,Malware payload
2024-02-02,Payload delivery,sha256,65f242663b885b530ba51020c2134fb42a07a37ffcf4b6b54e36b434641d313e,Malware payload
2024-02-02,Payload delivery,tlsh,t1c79196b7152c4cacca1487d795503b97567f41abe0849e58baf88f0cd0fe1f51137a,
2024-02-02,Payload delivery,ssdeep,48:Yx5AvwlYYw44/KbsJkmnh+0DFU0omOtXxR23p9WtY2UKJ1vybaKqRrC3wxioiL2E:YAvwluNkv0S7U9/2FJ1vu8iLHEiOE,
2024-02-02,Other,size-in-bytes,4323,
2024-02-02,Payload delivery,mime-type,application/json,
2024-02-02,Payload delivery,md5,db26c135c605accdbf78fe4032f93352,Malware payload
2024-02-02,Payload delivery,sha256,b935e4c83656a14ccb8fea8889092143aa51fd87584aa19a83c9ed4c9f1e48df,Malware payload
2024-02-02,Payload delivery,tlsh,t16991626629385c7cc758c5ca94fc3d8f567e105bf1609c18a6de8e0ae2ff1f283a61,
2024-02-02,Payload delivery,ssdeep,96:ey+rkYOhDH5R0DWfrfT594ds1Y7g1vUreHTMsgiFEbXc9WwJeR:ey+QThr5RIWfrt94ds1Y7FrezMsgiFE3,
2024-02-02,Other,size-in-bytes,4614,
2024-02-02,Payload delivery,mime-type,application/json,
2024-02-02,Payload delivery,md5,25b1f5c081da7d72d4c5d15897eeda63,Malware payload
2024-02-02,Payload delivery,sha256,b728d1422178e59eb3d48f6ec69253cdc1434a00792e9b3ec13b9b11cc413140,Malware payload
2024-02-02,Payload delivery,tlsh,t137a188eb21651cbd8724c7c255d93a8787ed0153a2a8ac14fced5f0c82ff4b60366a,
2024-02-02,Payload delivery,ssdeep,48:Yxg3SPhJSPdqKkY7EbnlUQl2Bhpk6nYK+zebDF4w0dM0tX8r82bp9WG9sYUfi1v1:QOrkBAKpg9nEi1v1/YNefZJ5P,
2024-02-02,Other,size-in-bytes,4971,
2024-02-02,Payload delivery,mime-type,application/json,
2024-02-02,Payload delivery,md5,0f8a549193724dc5d7b29975f21544b1,Malware payload
2024-02-02,Payload delivery,sha256,e368ad4e102223afa0f7b97c94a0400d09a38e44920cba9ed4b068f3d826337e,Malware payload
2024-02-02,Payload delivery,tlsh,t14091549a26095dbcca5497d3d4903ad7c76e1493b0a8dd2cd8fd9f08e1ef1f04276a,
2024-02-02,Payload delivery,ssdeep,48:YxY6whdlpkofn16Ru+FzvDFU0NhtXN3rm/2xp9WhHp6Y2UHs1vhmObvK3moRteUl:BpkocRtp9hEA9Sr2Ss1vhPMeHLJ8x,
2024-02-02,Other,size-in-bytes,4274,
2024-02-02,Payload delivery,mime-type,application/json,
2024-02-02,Payload delivery,md5,7e589df2bc48fbb30bdd517e79dd804e,Malware payload
2024-02-02,Payload delivery,sha256,02681ac170295ba2691d13ff5bc511518b88b1ee42ef1c887120744b64fe0d1c,Malware payload
2024-02-02,Payload delivery,tlsh,t173a1b7ab36654cbcc62487da94e23e4757ad0073a4d4ed14e8ac4f5895fe8f1037ea,
2024-02-02,Payload delivery,ssdeep,48:Yxg3SPhJSPdqKkY7EbnlUQl2YRifk/n0+aWblFDF4w0biYtXqlNBT2Hp9Wt0mUxc:QOTkTaGuIT49YMG1veKATA,
2024-02-02,Other,size-in-bytes,4832,
2024-02-02,Payload delivery,mime-type,application/json,
2024-02-02,Payload delivery,md5,afcb932b151640be1eeb3e7d5883aaba,Malware payload
2024-02-02,Payload delivery,sha256,92c14287b2642f0e3340c0ea1aec0758067544fa785ffd1837068c0eede22e6c,Malware payload
2024-02-02,Payload delivery,tlsh,t1eaa1b5ab32550cbc862487e695e53e8b87ad0163a0d4ec14f4ed4f4c85ff8f1037a9,
2024-02-02,Payload delivery,ssdeep,48:Yxg3SPhJSPdqKkY7EbnlUQl2fRifk/n0+aW/bDF4w0biYtX8rG2xp9WoKsYUxG1Y:QOqkTakuNe9yMG1vbDApBUo,
2024-02-02,Other,size-in-bytes,4953,
2024-02-02,Payload delivery,mime-type,application/json,
2024-02-02,Payload delivery,md5,ed0dadc24bfdb72ea2ba20ec1fd74a35,Malware payload (Amadey)
2024-02-02,Payload delivery,sha256,34d853c205af4930ebdf928caeddb096879ff4e5efa1912d0d5252b0aca3b30a,Malware payload (Amadey)
2024-02-02,Payload delivery,tlsh,t14204cf2937e0d036e6e74c709934c6f12a3bbc729bb5c19f36786b6b2d312d09a513,
2024-02-02,Payload delivery,imphash,342abc43ca0f809963f19a4c2545bbea,
2024-02-02,Payload delivery,ssdeep,3072:0wLDaY5OmgjddJiBlX2c/nbV7mG2IjHvQm7551wAAx6TN45:hLDf5GjddUBlfPJ7mRIrzwAA7,
2024-02-02,Other,size-in-bytes,178688,
2024-02-02,Payload delivery,mime-type,application/x-dosexec,
2024-02-02,Payload delivery,md5,8d27f29e243e0e1e5ca779290294c9f3,Malware payload
2024-02-02,Payload delivery,sha256,067ed05cfae28cc26922f73b69ef70a1fc98bae9150305fac2d0e65b097b6dc5,Malware payload
2024-02-02,Payload delivery,tlsh,t1b3a196ab31550cbcc51887da94e53f8b87bc00a39494ec28a4ac4f5c92ff9f1037ad,
2024-02-02,Payload delivery,ssdeep,48:Yxg3SPhJSPdqKkY7EbnlUQl2FRifk/n0+aWCDF4w0biYtXnQbZ2Hp9WjyUxG1vCH:QOAkTa1uAbZ49bMG1vCb8vbJAq6,
2024-02-02,Other,size-in-bytes,5015,
2024-02-02,Payload delivery,mime-type,application/json,
2024-02-02,Payload delivery,md5,6f17d494d85e286428d2278cecad0c21,Malware payload
2024-02-02,Payload delivery,sha256,61835346468a60a8f75bc81daded5e01440b9e278054eb8704533132600d218f,Malware payload
2024-02-02,Payload delivery,tlsh,t166a1b7eb26795cbccb24c7c695d63e8357ed001362a4ad14ecac5f0c81fe8b10269a,
2024-02-02,Payload delivery,ssdeep,48:Yxg3SPhJSPdqKkY7EbnlUQl2rhpk6nYK+zMlFDF4w0dM0tXqlNjT2up9WMTv0mUa:QOBkB6KoTz9DEi1vgQY1EP,
2024-02-02,Other,size-in-bytes,4850,
2024-02-02,Payload delivery,mime-type,application/json,
2024-02-02,Payload delivery,md5,c58a402991b4657722aaa191a1fb2855,Malware payload
2024-02-02,Payload delivery,sha256,23050d56c52e8bfe483c4d0cf6779b2d23ee1a6832a62f235cb05f8222d1443d,Malware payload
2024-02-02,Payload delivery,tlsh,t161b533e9ed330189f0e31bbeb63fa18c5e939e0b50d547886942f8506bbc634e507e,
2024-02-02,Payload delivery,imphash,baa93d47220682c04d92f7797d9224ce,
2024-02-02,Payload delivery,ssdeep,49152:qdY9D9dPY7ygsb+eDv8On9V7yqvnL0TuCIDdKHW1b4S3:qG5HY7Dsbf7eqPxDdW4H,
2024-02-02,Other,size-in-bytes,2322432,
2024-02-02,Payload delivery,mime-type,application/x-dosexec,
2024-02-02,Payload delivery,md5,82e8ec22e9c7a2d3cc32b91708dfefea,Malware payload
2024-02-02,Payload delivery,sha256,43a12480c0e64ea2c3a2d7c82065407795e9b8f9f668423d416843cc4f430d95,Malware payload
2024-02-02,Payload delivery,tlsh,t1bb453375f989cd99d0901afb4ecae0503e6cf96051c8c507a53b79b50c260ef7babc,
2024-02-02,Payload delivery,imphash,5ab723dc8d5af21b79dc301ed6a56a64,
2024-02-02,Payload delivery,ssdeep,24576:UsrzjIVQR0En0Cq+omm4l6wQhN2K3yWds0JkKyVVa3h9wzety:BaQz0Cq+omN6l2adsLP8h9wzety,
2024-02-02,Other,size-in-bytes,1195008,
2024-02-02,Payload delivery,mime-type,application/x-dosexec,
2024-02-02,Payload delivery,md5,1cf00fc496c475260e2e0512daca82fa,Malware payload
2024-02-02,Payload delivery,sha256,b649b36e5aaf8225018523295a068cac215099765e964018ea501c9b45ee2d54,Malware payload
2024-02-02,Payload delivery,tlsh,t19e91546a26085dbdcb9496d3e8843ac7976e0053e194ed28e4fd9b08e1ff1f10276a,
2024-02-02,Payload delivery,ssdeep,48:YxY6wOdlpkofn16Ru+FvDF4w0NhtXpk2Kp9Wo6sUHs1vFbvKzRteU3wxioorbxs2:upkocRtxYyH97Ss1vdTHW+/Yx,
2024-02-02,Other,size-in-bytes,4403,
2024-02-02,Payload delivery,mime-type,application/json,
2024-02-02,Payload delivery,md5,97217e7928e6cec0ceede01e9301019a,Malware payload (BumbleBee)
2024-02-02,Payload delivery,sha256,5789611e0d62070bdcb98cf543707d7f60c90d4230f536aa8d8d830d97c00957,Malware payload (BumbleBee)
2024-02-02,Payload delivery,tlsh,t1f645e011e6921ff4d4b292b681ab252ab7347e1c4325d3b7abc0d2373d837e05f16a,
2024-02-02,Payload delivery,imphash,47e01530ad43ec939d1c47709a80a5c6,
2024-02-02,Payload delivery,ssdeep,24576:2l70x0gt0nxZLHfHulAR02Sq2lr5ljm/91JGvd+mmiSyZHpVMXD+mwCyWJDi:J/I/OlARNSq2ShiVH7oZlJDi,
2024-02-02,Other,size-in-bytes,1223687,
2024-02-02,Payload delivery,mime-type,application/x-dosexec,
2024-02-02,Payload delivery,md5,64b9f59d4ea6b12e9b9360b5bbb96c86,Malware payload
2024-02-02,Payload delivery,sha256,8f717c29105a90f220b214319f157d27b338039edbe98f317a2bba0402c9bc23,Malware payload
2024-02-02,Payload delivery,tlsh,t1aaa175af11692cbc871487d699d53e8797ed0053a298ac18fced5f0c92fe8a10365a,
2024-02-02,Payload delivery,ssdeep,48:Yxg3SPhJSPdqKkY7EbnlUQl2Yhpk6nYK+z9SPmDF4w0dM0tXDSPGo2up9WvseNEv:QOekBIeKezz9EEEi1vZhYH3edP,
2024-02-02,Other,size-in-bytes,4940,
2024-02-02,Payload delivery,mime-type,application/json,
2024-02-02,Payload delivery,md5,45145f2dcbd358bfce9a554664a486cc,Malware payload
2024-02-02,Payload delivery,sha256,d80b80d7d5ad1dc09ee0e006540ea41e9e5c7c168915cea20e3fc0de4ad0412c,Malware payload
2024-02-02,Payload delivery,tlsh,t158928f35a8a1641b403bd8f9356fa28df82194078c4749a4b11f412dcbf6e934faff,
2024-02-02,Payload delivery,ssdeep,384:OftrMf+F0e0H3nh2W6E45wse5QjuFwgzxdaqlU4:tIn0H3nhh6tOseQZgraqb,
2024-02-02,Other,size-in-bytes,19559,
2024-02-02,Payload delivery,mime-type,text/html,
2024-02-02,Payload delivery,md5,8de0ac45afb968628d8e673568915efd,Malware payload
2024-02-02,Payload delivery,sha256,ea231629dc24019f2b595ea474e88d5f369118f467f08de170e4c70b87fea983,Malware payload
2024-02-02,Payload delivery,tlsh,t1fc91a5b716284c6cca1487d395903b8797bf45a7f0849e68f9f88f0cd0fe1b51136a,
2024-02-02,Payload delivery,ssdeep,48:Yx5AvwlYYw6KbsJkmnh+0DFU0omOtXxR23p9WtY2UKJ1vybaKqRrC3wxioimQQwM:YAvwldkv0S7U9/2FJ1vu8imQQgE,
2024-02-02,Other,size-in-bytes,4323,
2024-02-02,Payload delivery,mime-type,application/json,
2024-02-02,Payload delivery,md5,6ec12da753660e2a8558c9d0ca6a82cf,Malware payload
2024-02-02,Payload delivery,sha256,bbc39499eb169cb3a2291733085dc0868a5f705e0d53cd61d66e286416992765,Malware payload
2024-02-02,Payload delivery,tlsh,t131a1a5ab51295cbccb24c7c699c93a8797ed015393a4ac14bded6f0c82fe4b142659,
2024-02-02,Payload delivery,ssdeep,48:Yxg3SPhJSPdqKkY7EbnlUQl2Lohpk6nYK+z1DF4w0dM0tXnT2up9WSFo8ZUfi1vb:QO9skB5KDz9vLEi1vYYYe8TmXzbP,
2024-02-02,Other,size-in-bytes,4873,
2024-02-02,Payload delivery,mime-type,application/json,
2024-02-02,Payload delivery,md5,e0e860dd80d390e71317350ace01c3fe,Malware payload (Amadey)
2024-02-02,Payload delivery,sha256,53576bbf44dbff366f6305dfc50aee54b219a7da7bcc79bfc7e6fdac655737bd,Malware payload (Amadey)
2024-02-02,Payload delivery,tlsh,t1b864f15177e0d032e1e389744d3ac1b51e3fbcb568b6819bb6593f6b2e32281ad713,
2024-02-02,Payload delivery,imphash,342abc43ca0f809963f19a4c2545bbea,
2024-02-02,Payload delivery,ssdeep,6144:zLccP4seIe4BUdETl3ashDUn89ix14DvnUHvfJLKqxZFOByXn7e/0+Dxx7:zYcAMe4BZRqsdEmWeSHJLvYBu7ec+Dxx,
2024-02-02,Other,size-in-bytes,331776,
2024-02-02,Payload delivery,mime-type,application/x-dosexec,
2024-02-02,Payload delivery,md5,9e679f12742fb4e26088542426b2e48c,Malware payload
2024-02-02,Payload delivery,sha256,ceccea8f4aacd771d07bec7731c156e1cd120170678d13215ce2b07dd8aa331a,Malware payload
2024-02-02,Payload delivery,tlsh,t193b533f2c574a110e62387bfab099f811b670ccb4866425fe846f65f43beafe4101d,
2024-02-02,Payload delivery,imphash,baa93d47220682c04d92f7797d9224ce,
2024-02-02,Payload delivery,ssdeep,24576:WANrVRaiigoKEHMUNHqoTZzz3vmVP6Yj+B8oHSjHsdp1ycJAwjlJ2E1kRRyQkeXf:hrVRayKNrV3OVyVjqMDyalUtrke1q,
2024-02-02,Other,size-in-bytes,2327552,
2024-02-02,Payload delivery,mime-type,application/x-dosexec,
2024-02-02,Payload delivery,md5,9ef468247a6c6a1ff92861c537c95c98,Malware payload
2024-02-02,Payload delivery,sha256,b6bee889e6405e5a27275c518b26498b0b6d865a165d21f668856175616cc5de,Malware payload
2024-02-02,Payload delivery,tlsh,t16f5633fb1623bdb8d2d4ceb15693c61148f679516075a0d83649cf9f8e72ef08c0e9,
2024-02-02,Payload delivery,imphash,884310b1928934402ea6fec1dbd3cf5e,
2024-02-02,Payload delivery,ssdeep,98304:NKjomS60qvjCUPQav/tKRvYuxyQXPbOTnr9JIdM0Nv6k4Ex2t0G/qfK21VwtHd5:gcTkGaQa3tK9YuxnzvVYt0mT2jw5H,
2024-02-02,Other,size-in-bytes,6365688,
2024-02-02,Payload delivery,mime-type,application/x-dosexec,
2024-02-02,Payload delivery,md5,58f0e214263db57e0cbd126196934b67,Malware payload (Socks5Systemz)
2024-02-02,Payload delivery,sha256,7ec56bf12e8bd373e61f99a33a9013e75bb19eeefda3b15bd03a3baa4645a0ed,Malware payload (Socks5Systemz)
2024-02-02,Payload delivery,tlsh,t13466331ce20247b1e71cdef2276f021ea7316b706861fd8471ed992e0f619a41fb52,
2024-02-02,Payload delivery,imphash,884310b1928934402ea6fec1dbd3cf5e,
2024-02-02,Payload delivery,ssdeep,98304:NlkPvvHI9arOtmM/HM1eAhkENNCHt44eHzvXZEDXcT+ERG3rl8alL0MmgJd5:jmXo9aioYM1p3i44WX+VERG3r5AJIH,
2024-02-02,Other,size-in-bytes,6580866,
2024-02-02,Payload delivery,mime-type,application/x-dosexec,
2024-02-02,Payload delivery,md5,969ed593fbfa50ecd26225bc0126beaa,Malware payload
2024-02-02,Payload delivery,sha256,1bd693b1a23e9bcd65f60cae49bccd5b9b01cad408ddf2353fda6046d0489520,Malware payload
2024-02-02,Payload delivery,tlsh,t14ba1639732554cbc8b248beb94e63aaf47ad1063a0949c14a9ed4f5c91ff8f10276d,
2024-02-02,Payload delivery,ssdeep,48:Yxg3SPhJSPdqKkY7EbnlUQl2SRifk/n0+aWHbgDF4w0biYtXcgFi2Hp9WoibUxGx:QOdkTaRug49KMG1v5vACxRz,
2024-02-02,Other,size-in-bytes,4770,
2024-02-02,Payload delivery,mime-type,application/json,
2024-02-02,Payload delivery,md5,a9022b29651382a4285f78c62cc165d0,Malware payload
2024-02-02,Payload delivery,sha256,8383060f2007e08ccb1f511a4e01971da0fb27f819b329a1c68b7192e672ec12,Malware payload
2024-02-02,Payload delivery,tlsh,t18791522629386d7cc758c5ca98fc3d4e567e005bf1609c14a6ee8e0ae2ff1f187a65,
2024-02-02,Payload delivery,ssdeep,96:eymrkYOhDH5R0DWfrfT594ds1Y7g1vUreHTMsgiFEgrLtJeR:eymQThr5RIWfrt94ds1Y7FrezMsgiFEj,
2024-02-02,Other,size-in-bytes,4614,
2024-02-02,Payload delivery,mime-type,application/json,
2024-02-02,Payload delivery,md5,dd41447cc69563213da201731d25a91e,Malware payload
2024-02-02,Payload delivery,sha256,f86a9348e9521bcd41c950f7255609d01d07c2b303fd068c49d93b38b4d60537,Malware payload
2024-02-02,Payload delivery,tlsh,t14f917566261c0cbd82284a92a05c7ad76bae02739084fd2888bd9f0cb5ff2b141769,
2024-02-02,Payload delivery,ssdeep,96:jjhekxq8pVFawTH9o2nTv71vzhHtsIZhQjAcR+:jjhvguFaA9o2nbdhNsIrUAcR+,
2024-02-02,Other,size-in-bytes,4215,
2024-02-02,Payload delivery,mime-type,application/json,
2024-02-02,Payload delivery,md5,da4a9e9ec0e6eae8c41caefe7ea14966,Malware payload
2024-02-02,Payload delivery,sha256,5e4d67685df5663d25165a68c63f8941a4a69743674e291672f4ba2783e2cf55,Malware payload
2024-02-02,Payload delivery,tlsh,t11f9185e771155eb9c51fc5ee96a939cfcabd001390305c1ce5a94b0b88fe1b51363d,
2024-02-02,Payload delivery,ssdeep,96:XG89k0yan4wgaBSQcsTN9+BMOy0G1vRctHsz9UAeGvNDQVXr:w0049rVGmlvND6,
2024-02-02,Other,size-in-bytes,4529,
2024-02-02,Payload delivery,mime-type,application/json,
2024-02-02,Payload delivery,md5,f733785f9d088490b784d4dc5584ebfb,Malware payload (RedLineStealer)
2024-02-02,Payload delivery,sha256,e7216d8b7084c0c36d90aefaf30bb7b6d10ae2ecae700889d459ed5ab1b26a59,Malware payload (RedLineStealer)
2024-02-02,Payload delivery,tlsh,t138645b1463eae902e27e47b8a4a0d2714374dd12e503e7172dd42dbb3d63b45eb027,
2024-02-02,Payload delivery,imphash,f34d5f2d4577ed6d9ceec516c1f5a744,
2024-02-02,Payload delivery,ssdeep,3072:kA05OJdM+K9F3OFq70W09SIg8Ikn2YSxx1m6MRqfjDv/YUeqiOL2bBOE:sma9Y40r8IIDxx9MRqfjD4aL,
2024-02-02,Other,size-in-bytes,320512,
2024-02-02,Payload delivery,mime-type,application/x-dosexec,
2024-02-02,Payload delivery,md5,ec3e501772f18b2f30ae852c1935b121,Malware payload
2024-02-02,Payload delivery,sha256,bf71e20c1920fefb1b4bbd8b182d44bf962bd823a4cfc1fba3c466e9d6b9d280,Malware payload
2024-02-02,Payload delivery,tlsh,t12591549a27085dbdca5496e3e5443ad7876e0493a198ed2cd8bd9f08e1ef1f002759,
2024-02-02,Payload delivery,ssdeep,48:YxY6wyGdlpkofn16Ru+FkDFU0NhtXeV2Qp9We6T2UHs1vibvKqRteU3wxioLD206:HpkocRtG9U/9K2Ss1veiHLD20Mx,
2024-02-02,Other,size-in-bytes,4274,
2024-02-02,Payload delivery,mime-type,application/json,
2024-02-02,Payload delivery,md5,dddae3021daafe927262075f445152fa,Malware payload
2024-02-02,Payload delivery,sha256,b6f0adc42ec6bc964e7fbae1c218511b41ad909dfed6a2399df28c4e09fdd1e3,Malware payload
2024-02-02,Payload delivery,tlsh,t1e4159e0273d1c062ffab92334b5af6515bbc69260123e61f13981db9be701b1563e7,
2024-02-02,Payload delivery,imphash,948cc502fe9226992dce9417f952fce3,
2024-02-02,Payload delivery,ssdeep,24576:NqDEvCTbMWu7rQYlBQcBiT6rprG8aO96:NTvC/MTQYxsWR7aO9,
2024-02-02,Other,size-in-bytes,918528,
2024-02-02,Payload delivery,mime-type,application/x-dosexec,
2024-02-02,Payload delivery,md5,ea84cc201cf34bf68466224db9a5798c,Malware payload
2024-02-02,Payload delivery,sha256,653c6268f099fe0edcb79f3c056bd66df98106f8e28b5ad8d7da4bece60f8473,Malware payload
2024-02-02,Payload delivery,tlsh,t1729198eb71155e79c51fc5ea969939cfcabd001390345c1ce59e4b0b98fe1b51323d,
2024-02-02,Payload delivery,ssdeep,96:XGm9k0yan4wgaBSQcsTN9+BMOy0G1vRctHsz9UAeGw7E7XVXr:q0049rVGmlmE7l,
2024-02-02,Other,size-in-bytes,4529,
2024-02-02,Payload delivery,mime-type,application/json,
2024-02-02,Payload delivery,md5,41a908f193fc723565b8a29447dbf0c9,Malware payload
2024-02-02,Payload delivery,sha256,e7b5f001ce148cb9f7563cfe6c7fdce372ee27b0a7a79d403442750a958a189e,Malware payload
2024-02-02,Payload delivery,tlsh,t1a1a1a89b65795cbccb24c7c695c63e8757ec005363a4ad18ecac5f0c91ff8b1426aa,
2024-02-02,Payload delivery,ssdeep,48:Yxg3SPhJSPdqKkY7EbnlUQl2Ehpk6nYK+zMlFDF4w0dM0tXqlNjT2up9WMTv0mUK:QOykB6KoTz9DEi1vgQYntO32YP,
2024-02-02,Other,size-in-bytes,4850,
2024-02-02,Payload delivery,mime-type,application/json,
2024-02-02,Payload delivery,md5,3031bed2366fb920973d3b7eac7c0c91,Malware payload
2024-02-02,Payload delivery,sha256,fd38506d02720c93a25b5fa2da3f06012a2d9292f60f4fff43ee81d1167d2176,Malware payload
2024-02-02,Payload delivery,tlsh,t15da1749712685cbc8f14c7d794da3a9b47ed0013a2a4ac18eded6f0c91ff8b50266d,
2024-02-02,Payload delivery,ssdeep,48:Yxg3SPhJSPdqKkY7EbnlUQl2jhpk6nYK+zobgDF4w0dM0tXcg/i2up9WXibUfi1A:QOVkBtKCz93Ei1vnfYvR3P,
2024-02-02,Other,size-in-bytes,4788,
2024-02-02,Payload delivery,mime-type,application/json,
2024-02-02,Payload delivery,md5,553776d5eef1923ac2f5e36f41d29ff3,Malware payload
2024-02-02,Payload delivery,sha256,07b55b2a9cc76cd3af114a4e04ec8a3c59a25ee9c713248391c308287e2625a6,Malware payload
2024-02-02,Payload delivery,tlsh,t16ea1959b32550cbc862487ea94e53e8b47ad01b3a094ad18f4ed4f4c95ff8f6037ad,
2024-02-02,Payload delivery,ssdeep,48:Yxg3SPhJSPdqKkY7EbnlUQl2ERifk/n0+aW/bDF4w0biYtX8rG2xp9WoKsYUxG1/:QOjkTakuNe9yMG1vbDAikW1,
2024-02-02,Other,size-in-bytes,4953,
2024-02-02,Payload delivery,mime-type,application/json,
2024-02-02,Payload delivery,md5,6a162b2857d5ef0ea45d8638b64cfef1,Malware payload
2024-02-02,Payload delivery,sha256,0f3f7a236da8832636a587a1d33db8339f1189643454c30b72654d22737f074d,Malware payload
2024-02-02,Payload delivery,tlsh,t10ba162ab31550cac852987da94e13f8b87bc01635494ec28b49c9f5c92ff9f1437ad,
2024-02-02,Payload delivery,ssdeep,48:Yxg3SPhJSPdqKkY7EbnlUQl2hRifk/n0+aWCDF4w0biYtXnQbZ2Hp9WjyUxG1vCt:QOokTa1uAbZ49bMG1vCb8vbJAGDMt,
2024-02-02,Other,size-in-bytes,5005,
2024-02-02,Payload delivery,mime-type,application/json,
2024-02-02,Payload delivery,md5,0ffe23f884c72b200ae29322f94ad744,Malware payload
2024-02-02,Payload delivery,sha256,5da47ab377955d347991e33aa82e183cde54fd5c109ea5577f7868530e7d5be7,Malware payload
2024-02-02,Payload delivery,tlsh,t16291745926085dbdcb9496d7d4843ac7c7ae1053e1a4dd28d8bd9f08a1ef1f10376a,
2024-02-02,Payload delivery,ssdeep,48:YxY6wddlpkofn16Ru+FvDF4w0NhtXpk2Kp9Wo6sUHs1vFbvKzRteU3wxioorbmn1:9pkocRtxYyH97Ss1vdTHWmnm2Lx,
2024-02-02,Other,size-in-bytes,4413,
2024-02-02,Payload delivery,mime-type,application/json,
2024-02-02,Payload delivery,md5,f47097ea9b1b66e4212aadb6440e8a9c,Malware payload
2024-02-02,Payload delivery,sha256,ca1591c9e3e609a4c5ad6695c7711cd0ec2082bb9c8ac8a5fa4fc3c4bb053dea,Malware payload
2024-02-02,Payload delivery,tlsh,t1cca1845732554cbc8b2487eb94e63a9f47ad0077a4949c24b8ed4f4c90ff8f10276d,
2024-02-02,Payload delivery,ssdeep,48:Yxg3SPhJSPdqKkY7EbnlUQl2ZRifk/n0+aWHbgDF4w0biYtXcgFi2Hp9WoibUxGQ:QOwkTaRug49KMG1v5vA2A,
2024-02-02,Other,size-in-bytes,4770,
2024-02-02,Payload delivery,mime-type,application/json,
2024-02-02,Payload delivery,md5,0977a61b32b86bbb5eb31ea2e0674f16,Malware payload
2024-02-02,Payload delivery,sha256,290cf2695fb4375c6a1f3f3734cd37204560a002a33bb1b898a0e7a58b915959,Malware payload
2024-02-02,Payload delivery,tlsh,t18dd4235aad87aa39ef906b70980c851d2197df23bd74e2970340b61f537fa832c75d,
2024-02-02,Payload delivery,imphash,af02ce4a4548e322a95ca15cb9608683,
2024-02-02,Payload delivery,ssdeep,12288:8HLUMuiv9RgfSjAzRty26xGJeMTE3Z2ap4srKWLZ6JCtXZYC:WtARD6EAMC41o6C,
2024-02-02,Other,size-in-bytes,648032,
2024-02-02,Payload delivery,mime-type,application/x-dosexec,
2024-02-02,Payload delivery,md5,4b6c1a21ee607e60195de8b31c80d1f7,Malware payload (GuLoader)
2024-02-02,Payload delivery,sha256,5bd9d08208c56cf82973a19ae5f7fa7f6ea6e23f8064a13f10a2fa79393b1a84,Malware payload (GuLoader)
2024-02-02,Payload delivery,tlsh,t1e2f5334446449015c1438973c7673e3b9bb9e331dccb6fe32f215b4aae77267e888a,
2024-02-02,Payload delivery,imphash,671f2a1f8aee14d336bab98fea93d734,
2024-02-02,Payload delivery,ssdeep,98304:2i++qX8iuivYw7Kx0tJI7dKeZICUnV8Ph:tcNuyYw7RtJI7ZZhUnOPh,
2024-02-02,Other,size-in-bytes,3427999,
2024-02-02,Payload delivery,mime-type,application/x-dosexec,
2024-02-02,Payload delivery,md5,0239f55526857d05ce779afa71c1ad4f,Malware payload (Amadey)
2024-02-02,Payload delivery,sha256,5e9338d3bfc642769365f3186ade35944d9f3f12e10974db6f11f79e68c4e9a8,Malware payload (Amadey)
2024-02-02,Payload delivery,tlsh,t18604cf5179e0d432e2a341759834c6e12e3bfd676e74819f36083f9fbe722819aa53,
2024-02-02,Payload delivery,imphash,c33a7b4022bd29f9ba900fe89020dcf9,
2024-02-02,Payload delivery,ssdeep,3072:eImLZgPSfnRKHMUp0YQjq6RAIQMsePsHdP/SR5DGx6Tp45:0LZkfyYUeI7s0YdPYGv,
2024-02-02,Other,size-in-bytes,175616,
2024-02-02,Payload delivery,mime-type,application/x-dosexec,
2024-02-02,Payload delivery,md5,3a03ee340ccf3c13cc88da9a8f03c5b2,Malware payload
2024-02-02,Payload delivery,sha256,f87c3921c70e07ce7ac9ec68c9c0002500fe885d836482a31aaa50c1aa285826,Malware payload
2024-02-02,Payload delivery,tlsh,t11ea1b8ab31664c7cca2487da98d13e8b57ad01b391d4ec14b9ac5f4c91ff8f143769,
2024-02-02,Payload delivery,ssdeep,48:Yxg3SPhJSPdqKkY7EbnlUQl2RRifk/n0+aW0DF4w0biYtXnR2Hp9WO8ZUxG1v+bI:QOokTa1uh49AMG1vSmAFC,
2024-02-02,Other,size-in-bytes,4866,
2024-02-02,Payload delivery,mime-type,application/json,
2024-02-02,Payload delivery,md5,3ea54300c03942085fa3c4e5f3ac3f18,Malware payload
2024-02-02,Payload delivery,sha256,07ba6ea9c385486c0d8c1cc56737df10180228ac25a17e0beca8a405190d94e0,Malware payload
2024-02-02,Payload delivery,tlsh,t1ecb533f2d631a0ace4235bfd222275502f63dd87617706ea0e34f04857bd6f48e61e,
2024-02-02,Payload delivery,imphash,baa93d47220682c04d92f7797d9224ce,
2024-02-02,Payload delivery,ssdeep,49152:MWVvpCKyPWRa8ewIqFTiEYMMfsxsd/XvVCmmmLLjCxwhqJbv+dRsgo5k97th:MWVvpCKCaI9CMFQcfeoqJDH+Vj,
2024-02-02,Other,size-in-bytes,2361856,
2024-02-02,Payload delivery,mime-type,application/x-dosexec,
2024-02-02,Payload delivery,md5,36f349487ed11348b19c9fb2927d0e1b,Malware payload
2024-02-02,Payload delivery,sha256,75c29a800f042e95e6201365c781ad60f24aa8610636e5264fbb6d5821069d83,Malware payload
2024-02-02,Payload delivery,tlsh,t1b0a1a56b31554cacc524c7ea94e23e8b57ac0077a094ec14a8ac5f9885fe8f1437ea,
2024-02-02,Payload delivery,ssdeep,48:Yxg3SPhJSPdqKkY7EbnlUQl2nRifk/n0+aWblFDF4w0biYtXqlNBT2Hp9Wt0mUxq:QOqkTaGuIT49YMG1veKA69sg,
2024-02-02,Other,size-in-bytes,4832,
2024-02-02,Payload delivery,mime-type,application/json,
2024-02-02,Payload delivery,md5,857fdde6b83fa03775ec6b64e7463c83,Malware payload (Smoke Loader)
2024-02-02,Payload delivery,sha256,d2072a1af4a4ddbc05bdced2be76cdd8f3c4fd9fed080d624773920992439f20,Malware payload (Smoke Loader)
2024-02-02,Payload delivery,tlsh,t16404cf6179f2c436f6a345705838c5a42a3ffcf66d75828f761c2a9f2e322c05a653,
2024-02-02,Payload delivery,imphash,c33a7b4022bd29f9ba900fe89020dcf9,
2024-02-02,Payload delivery,ssdeep,3072:RImLZgPkPQTqZeFrEGctoXbE8FIU4Cj47xMnc0+DQS45ipx6Tp45:nLZkkPQTVnlbEjUYiY/pv,
2024-02-02,Other,size-in-bytes,175104,
2024-02-02,Payload delivery,mime-type,application/x-dosexec,
2024-02-02,Payload delivery,md5,3095ec648c46804982627daa689cefc8,Malware payload (Amadey)
2024-02-02,Payload delivery,sha256,b966031bb98228070d47e5e3256b3429e602086c1e97c05af0eda6e6fbd45f82,Malware payload (Amadey)
2024-02-02,Payload delivery,tlsh,t15204d01179e0c836e6e34ab59934c6b06a3ffc6b5db1828f75083bdb2e722c049613,
2024-02-02,Payload delivery,imphash,c33a7b4022bd29f9ba900fe89020dcf9,
2024-02-02,Payload delivery,ssdeep,3072:CImLZgPbDFjOPErMoNJkyhUvbaGAQlCYs3pmSD5vxxjx6Tp45:wLZk3FjOPjoNJk5vTcb9xxjv,
2024-02-02,Other,size-in-bytes,175616,
2024-02-02,Payload delivery,mime-type,application/x-dosexec,
2024-02-02,Payload delivery,md5,bd8d21fb59ca3e3fe873d09df32266df,Malware payload (RiseProStealer)
2024-02-02,Payload delivery,sha256,1d200c2783f5c3f326e7d42bbda9742a6cab993f22d83a7d8851cc4776e7edde,Malware payload (RiseProStealer)
2024-02-02,Payload delivery,tlsh,t11f4533fd431bb038cc1177bc295640a3aa3cbd7d994069410e2f66a60da88de7f5ee,
2024-02-02,Payload delivery,imphash,5ab723dc8d5af21b79dc301ed6a56a64,
2024-02-02,Payload delivery,ssdeep,24576:LI+Rtk7XKkt6NT99GP+KmzYOgvu5l+7wQNyEvO4rZbmNrU0W0RVL/I:1tuO9++KdOgBlGGZSgujL/I,
2024-02-02,Other,size-in-bytes,1195520,
2024-02-02,Payload delivery,mime-type,application/x-dosexec,
2024-02-02,Payload delivery,md5,13508619c7e21dc1432c8c3a937e24f6,Malware payload
2024-02-02,Payload delivery,sha256,ae489a0cc6a94c1d7af164d47e0837beb8472100ffe3c02e4ac11a2c49bb5ebb,Malware payload
2024-02-02,Payload delivery,tlsh,t136a175eb65691cbcca18c7c690d93b8797fd011352a4ec28a89c5f0c92ff97153669,
2024-02-02,Payload delivery,ssdeep,48:Yxg3SPhJSPdqKkY7EbnlUQl2ahpk6nYK+z1DF4w0dM0tXnGbZ2up9WSgyUfi1vUe:QOkkBhKWbZz9BEi1vUb8pbbYHNFADP,
2024-02-02,Other,size-in-bytes,5023,
2024-02-02,Payload delivery,mime-type,application/json,
2024-02-02,Payload delivery,md5,f5dcfe89f849767457d890b347a01565,Malware payload
2024-02-02,Payload delivery,sha256,0acfe88a5c0e496d1c2dbf2b1ea212eb5687d83be1538c01785e3babe06abfeb,Malware payload
2024-02-02,Payload delivery,tlsh,t1fba1759b21692cbcc71487d699d93e8797ed0053a2d8ac18bddd6f0c92ff4b203655,
2024-02-02,Payload delivery,ssdeep,48:Yxg3SPhJSPdqKkY7EbnlUQl23hpk6nYK+z9SPmDF4w0dM0tXDSPGo2up9WvseNEA:QOxkBIeKezz9EEEi1vZhYMBoE2lZfdP,
2024-02-02,Other,size-in-bytes,4950,
2024-02-02,Payload delivery,mime-type,application/json,
2024-02-02,Payload delivery,md5,2ca89fa623c8648fbb681a5dc043a601,Malware payload
2024-02-02,Payload delivery,sha256,317eee094ece534fc7ed65a8828252fd6bea12a75e661e909a298095081fc96c,Malware payload
2024-02-02,Payload delivery,tlsh,t1e391772661180dbe8728868be0547bf35bee05a391c4ec28c4be5f5ca1ff5f111765,
2024-02-02,Payload delivery,ssdeep,96:zOzOv+km7O8ZlOFKiwTH9DnT71vfihHxisoZ50q4+:nPHKT9TTx+RJoD0q3,
2024-02-02,Other,size-in-bytes,4261,
2024-02-02,Payload delivery,mime-type,application/json,
2024-02-02,Payload delivery,md5,c3d4193c3021ce98005440a4eacac62f,Malware payload
2024-02-02,Payload delivery,sha256,c3b8da6fd681c6d9e474cd095f5eaa4997183374cb694e9e03127f978936a2c5,Malware payload
2024-02-02,Payload delivery,tlsh,t1c391635a26085dbdcb9496d3d8843ac7876e1453e194ed2ce4fd8f08e1ef1f102b6a,
2024-02-02,Payload delivery,ssdeep,48:YxY6wmdlpkofn16Ru+FvDF4w0NhtXpk2Kp9Wo6sUHs1vFbvKzRteU3wxioorbsFh:mpkocRtxYyH97Ss1vdTHWsF3x,
2024-02-02,Other,size-in-bytes,4403,
2024-02-02,Payload delivery,mime-type,application/json,
2024-02-02,Payload delivery,md5,d5002778e784655cc5c2e7f1651a754b,Malware payload
2024-02-02,Payload delivery,sha256,dd96e225c3092cd01fbde62fe78cf20a6b3ccc47fab02a92f028606219d45d7e,Malware payload
2024-02-02,Payload delivery,tlsh,t1d29184aa26085dbdca5497e3e5903ad7876e1093b1d8dd2cd8fd9f08e1ef1f002799,
2024-02-02,Payload delivery,ssdeep,48:YxY6wRdlpkofn16Ru+FkDFU0NhtXeV2Qp9We6T2UHs1vibvKqRteU3wxioLM4a0Q:RpkocRtG9U/9K2Ss1veiHLM4ahx,
2024-02-02,Other,size-in-bytes,4284,
2024-02-02,Payload delivery,mime-type,application/json,
2024-02-02,Payload delivery,md5,585e2a12f791cefc76b23178b9bbf1af,Malware payload (RiseProStealer)
2024-02-02,Payload delivery,sha256,e7364243f1eca452ed5b43a62538418086db08acecfc3c41a2ea422799399b65,Malware payload (RiseProStealer)
2024-02-02,Payload delivery,tlsh,t1a44533b91227c2b1dc10d5fc1a8a09e49bac641924054d17644f7ae5fcbce8fbb7ee,
2024-02-02,Payload delivery,imphash,5ab723dc8d5af21b79dc301ed6a56a64,
2024-02-02,Payload delivery,ssdeep,24576:xvGPVAhKsmGBX+qkLEPXBCV7mBOwQDRHW/nSqeZbmNrUZHb:FGsuqkLEe7VlDR2/SqeZSgZHb,
2024-02-02,Other,size-in-bytes,1196032,
2024-02-02,Payload delivery,mime-type,application/x-dosexec,
2024-02-02,Payload delivery,md5,5cb73d3d065e85628e79e22115868506,Malware payload
2024-02-02,Payload delivery,sha256,c7c620b75f0de95a7d81d0ebab1dac5f1c0414d678e724026cb416c8ec9c5767,Malware payload
2024-02-02,Payload delivery,tlsh,t18d91546625385d7cc75889ca98fc3d8e567e005bf2609c14a5dd8e0ae2ff1f183a61,
2024-02-02,Payload delivery,ssdeep,96:ey+rkYOhDH5R0DWfrfT594ds1Y7g1vUreHTMsgiFERASaJeR:ey+QThr5RIWfrt94ds1Y7FrezMsgiFE5,
2024-02-02,Other,size-in-bytes,4624,
2024-02-02,Payload delivery,mime-type,application/json,
2024-02-02,Payload delivery,md5,338c761597cdcb3de44a847478ae20ab,Malware payload
2024-02-02,Payload delivery,sha256,c7856747fd01c7ae4f08bb2896f4f08a35f171c021e15210f22acea1ab94a108,Malware payload
2024-02-02,Payload delivery,tlsh,t17591859926095ebcca4496d3e5443ad7c76e1093b098ee2cd4fc9f08e1ef1f04276a,
2024-02-02,Payload delivery,ssdeep,48:YxY6w4dlpkofn16Ru+FzvDFU0NhtXN3rm/2xp9WhHp6Y2UHs1vhmObvK3moRteUf:wpkocRtp9hEA9Sr2Ss1vhPMeHLHlPzqx,
2024-02-02,Other,size-in-bytes,4284,
2024-02-02,Payload delivery,mime-type,application/json,
2024-02-02,Payload delivery,md5,12817337bdb933ef2dba824094c5217a,Malware payload
2024-02-02,Payload delivery,sha256,23ead5fd7d33c858ebc0f7bcfb668465b0180295178f56d7b775f5b5a55166e8,Malware payload
2024-02-02,Payload delivery,tlsh,t169a1b76b35264c7cca1487da98e13e8b57ac01b39294ec14f9bd5f4c91fe8f1437a9,
2024-02-02,Payload delivery,ssdeep,48:Yxg3SPhJSPdqKkY7EbnlUQl2SRifk/n0+aW0DF4w0biYtXnR2Hp9WO8ZUxG1v+b/:QOVkTa1uh49AMG1vSmAgqFuy,
2024-02-02,Other,size-in-bytes,4866,
2024-02-02,Payload delivery,mime-type,application/json,
2024-02-02,Payload delivery,md5,627fafdf2c381a0d4659b0c168244113,Malware payload
2024-02-02,Payload delivery,sha256,3695f6f21400568264f8dff1198bf664fafc618ad5e4dd0a255487092a72f931,Malware payload
2024-02-02,Payload delivery,tlsh,t10e919762251c0cbdc3294ad7a05c76d76bae027391c4fd2888bd9f0ca5ff2b141769,
2024-02-02,Payload delivery,ssdeep,96:jjyekxq8pVFawTH9o2nTv71vzhHtsIZh7voSMR+:jjyvguFaA9o2nbdhNsIr7vUR+,
2024-02-02,Other,size-in-bytes,4225,
2024-02-02,Payload delivery,mime-type,application/json,
2024-02-02,Payload delivery,md5,df8d949deacef6768d0820f7d9a2ec02,Malware payload (Amadey)
2024-02-02,Payload delivery,sha256,5c955d0a5c31352f8ddf6ffb1c028495f20dd5a4fed7bfaa9a4434c8eaf52127,Malware payload (Amadey)
2024-02-02,Payload delivery,tlsh,t1c50523a45522e5c4d910a5f241f706aabbfd788d724acd0b225f1ce74d38b8caf127,
2024-02-02,Payload delivery,imphash,7515ecf8c0dfa4d230ad835fe0acb57f,
2024-02-02,Payload delivery,ssdeep,24576:MmUtLh6Fcn3wQgRHW/nSG0Ex6DLXUJBnH:MmU1bn3lgR2/SGP6PXm1,
2024-02-02,Other,size-in-bytes,811520,
2024-02-02,Payload delivery,mime-type,application/x-dosexec,
2024-02-02,Payload delivery,md5,99b1b1564323388628c8e976ff08f9a2,Malware payload (Stealc)
2024-02-02,Payload delivery,sha256,cee2706dda0d5d217f57748184d60434331a7ae256b9023f4f7149f7d8962df4,Malware payload (Stealc)
2024-02-02,Payload delivery,tlsh,t19804cf617af0c435e5e385705834c6b46a7ffcb6ae71868f36183b9f2e7229189253,
2024-02-02,Payload delivery,imphash,c33a7b4022bd29f9ba900fe89020dcf9,
2024-02-02,Payload delivery,ssdeep,3072:WImLZgP9NVIybOHpZc2EDqI062sntzVnV7wSm5bMx6Tp45:MLZkeGzDYaRVnlkMv,
2024-02-02,Other,size-in-bytes,175616,
2024-02-02,Payload delivery,mime-type,application/x-dosexec,
2024-02-02,Payload delivery,md5,33c5965627939a830f1fc038f1dc13e6,Malware payload
2024-02-02,Payload delivery,sha256,2f120a663f36f625055d9d7c97ac7807c58b8856862c51b618e0263206fc1e20,Malware payload
2024-02-02,Payload delivery,tlsh,t1b5a184eb65691cbccb1987c294d93b8697fc015352a4ec28bcac5b0c93ff87153669,
2024-02-02,Payload delivery,ssdeep,48:Yxg3SPhJSPdqKkY7EbnlUQl2ghpk6nYK+z1DF4w0dM0tXnGbZ2up9WSgyUfi1vUU:QOmkBhKWbZz9BEi1vUb8pbbYxyHP,
2024-02-02,Other,size-in-bytes,5023,
2024-02-02,Payload delivery,mime-type,application/json,
2024-02-02,Payload delivery,md5,6ebdb42e7397236eb08926d9a607f2e7,Malware payload (Healer)
2024-02-02,Payload delivery,sha256,16b3064b201ed7bf19e4b9d1cc5a0ac563c29650237dd6275dfcd5642bb6bb92,Malware payload (Healer)
2024-02-02,Payload delivery,tlsh,t104d42334432587e0cf1016fe84870bb53e6e7a529718de4b522f96618c7a2de3b279,
2024-02-02,Payload delivery,imphash,436f7e4bc6bece183fb5bacd9f2ff7d3,
2024-02-02,Payload delivery,ssdeep,12288:co7YNQCDzdYD/jGW/nSZQAqG9AyVHb0lvPdYb0mFT59:lwQYRHW/nSFq2PVyPdY359,
2024-02-02,Other,size-in-bytes,617984,
2024-02-02,Payload delivery,mime-type,application/x-dosexec,
2024-02-02,Payload delivery,md5,1ba00d41d62276b885c8f2d39bd6bb05,Malware payload
2024-02-02,Payload delivery,sha256,a0da99d7f82e1c7ead10867a02223efe96440ce8941d4959d283c46e9ca694a1,Malware payload
2024-02-02,Payload delivery,tlsh,t197a1755b31151cbc851487ea98e13e8b97ad00a3a194ac18f8ed5f5c96ff8f1037a9,
2024-02-02,Payload delivery,ssdeep,48:Yxg3SPhJSPdqKkY7EbnlUQl2ReRifk/n0+aWKSPmDF4w0biYtXDSPGq2Hp9WcseO:QOvkTaUeuef49VEMG1vHRAVHUSwt,
2024-02-02,Other,size-in-bytes,4922,
2024-02-02,Payload delivery,mime-type,application/json,
2024-02-02,Payload delivery,md5,1788da132ecf0d3c6fc01a3d6501a255,Malware payload
2024-02-02,Payload delivery,sha256,4a00d9b3388731d611158b0fcbcf7894d06580918f3cf6c863acc54416304f9c,Malware payload
2024-02-02,Payload delivery,tlsh,t134a1a6eb15681cbcc71487c295d93a8797ed0153a3a8ad18fcad5f0c82ff4b603669,
2024-02-02,Payload delivery,ssdeep,48:Yxg3SPhJSPdqKkY7EbnlUQl2jhpk6nYK+zebDF4w0dM0tX8r82bp9WG9sYUfi1vH:QO5kBAKpg9nEi1v1/YprkP,
2024-02-02,Other,size-in-bytes,4971,
2024-02-02,Payload delivery,mime-type,application/json,
2024-02-02,Payload delivery,md5,5a8cdf716167bec5c3e19d6b71399b5f,Malware payload
2024-02-02,Payload delivery,sha256,d0055e39b1ea56e82f9f031f8c76b4b716565fd7722ac9d674f86d280e840914,Malware payload
2024-02-02,Payload delivery,tlsh,t1c9a1869712585cbccb14c7d654da7aa787ed0013a2a4ac14eded5f0c91ff8b50222d,
2024-02-02,Payload delivery,ssdeep,48:Yxg3SPhJSPdqKkY7EbnlUQl2Yhpk6nYK+zobgDF4w0dM0tXcg/i2up9WXibUfi1F:QOqkBtKCz93Ei1vnfYWYOpP,
2024-02-02,Other,size-in-bytes,4788,
2024-02-02,Payload delivery,mime-type,application/json,
2024-02-02,Payload delivery,md5,9fc34dcafed73fc09be82efc142cac05,Malware payload (Ransomware.Stop)
2024-02-02,Payload delivery,sha256,5fadf7a646b502afae7c751b3a2438acfc8011f35f6a5aa06977166545c1ce60,Malware payload (Ransomware.Stop)
2024-02-02,Payload delivery,tlsh,t1ffe4232176b1d073e6a380748636cbf0752b78734ab560aa729c3f6f2d723c28d967,
2024-02-02,Payload delivery,imphash,342abc43ca0f809963f19a4c2545bbea,
2024-02-02,Payload delivery,ssdeep,12288:oBRj3p/cJ/jSCe25548LsJGDvHE1vWdD74snfP5jon4x+Z5EnYWi:+pkZBe2IJGe2LFa4xtYWi,
2024-02-02,Other,size-in-bytes,689664,
2024-02-02,Payload delivery,mime-type,application/x-dosexec,
2024-02-02,Payload delivery,md5,50068959c6722f45a50c448afbef9ebb,Malware payload
2024-02-02,Payload delivery,sha256,88e1bbc9e5893a2c24af6350801fb39107e2e4fb988811d3c842f98c2887aea8,Malware payload
2024-02-02,Payload delivery,tlsh,t15491b6b716280cbc8a2487d7aa943bd7967f4167e0849d68b9a88f08e0ff1f11136b,
2024-02-02,Payload delivery,ssdeep,96:YAvwlQGkvQISnya0o9HT2FJ1vltPBi/lCnE:YAv3Xo9z2FBi/EE,
2024-02-02,Other,size-in-bytes,4329,
2024-02-02,Payload delivery,mime-type,application/json,
2024-02-02,Payload delivery,md5,dce60344ff6fb5cfbac8adc5f6a81d91,Malware payload
2024-02-02,Payload delivery,sha256,053817fbcb7102ea8286b965b317b9696474e5f8342d08cbde87121e7f9863b1,Malware payload
2024-02-02,Payload delivery,tlsh,t18491427562180c7d863482c6a4597ad367be0267a1d4ec28a8fd4f0cb6ff1f206b65,
2024-02-02,Payload delivery,ssdeep,96:LbZknCs+w/05TH9I681vdEHAbpZcEI9O9O:Lb21R0B9I6KEgbp+EIw9O,
2024-02-02,Other,size-in-bytes,4238,
2024-02-02,Payload delivery,mime-type,application/json,
2024-02-02,Payload delivery,md5,6f02cafaea1fc49c405658e46265a230,Malware payload
2024-02-02,Payload delivery,sha256,e8525d6d89ce524f06febe00172b950616bed441310883a72f8531895601ba05,Malware payload
2024-02-02,Payload delivery,tlsh,t17d41dd7ccf29f8e0037db1a088492e2620949e57d6f58e24d9574ee62d7c20acf1b1,
2024-02-02,Payload delivery,ssdeep,48:LGfEFWuJqs9HZNjd+SfprcKyK0hE6S1FtfsC5P3RX5ZWiaoIhSNtT:LGfEFW87jd+Sfpbaq6S1FtfsC5P39Ef2,
2024-02-02,Other,size-in-bytes,2219,
2024-02-02,Payload delivery,mime-type,text/plain,
2024-02-02,Payload delivery,md5,19c7920b7bd3183f826af83e575e71b7,Malware payload (Stealc)
2024-02-02,Payload delivery,sha256,c04c4a41c1c3cb8dc187e064d961260a5be04545980c94ccb0a52e35aa629d93,Malware payload (Stealc)
2024-02-02,Payload delivery,tlsh,t1df04bed136e1c432e5e34977d8349aa41a3ffc665ab0829f35483b9f6e323c08a653,
2024-02-02,Payload delivery,imphash,c33a7b4022bd29f9ba900fe89020dcf9,
2024-02-02,Payload delivery,ssdeep,3072:1ImLZgPM9uFuFfP+lClKZL0zmbshTUJ4a/JaR+Sb5+1PJMx6Tp45:jLZkIuUfP+lZJ0BhwJf/JrPJMv,
2024-02-02,Other,size-in-bytes,175104,
2024-02-02,Payload delivery,mime-type,application/x-dosexec,
2024-02-02,Payload delivery,md5,161e022f9c147d597160a9f787843526,Malware payload (BumbleBee)
2024-02-02,Payload delivery,sha256,4e7b7c16404285d1112757000486651b2c2a587ab8f386b4e8ba76cf655a8375,Malware payload (BumbleBee)
2024-02-02,Payload delivery,tlsh,t1ca45f011e2920ff9d472927a816b262fbb307e5c4714d377abc0d2377d927e05b1aa,
2024-02-02,Payload delivery,imphash,47e01530ad43ec939d1c47709a80a5c6,
2024-02-02,Payload delivery,ssdeep,24576:3e7b256IJI5tQO48+LnlOSN9QlIlnxXpcmL4fyYzJ9R:mhoP8+ZOS7lnxXC3j,
2024-02-02,Other,size-in-bytes,1223179,
2024-02-02,Payload delivery,mime-type,application/x-dosexec,
2024-02-02,Payload delivery,md5,ce5b6149329667a0df3840a2b965c042,Malware payload
2024-02-02,Payload delivery,sha256,77b6c4ad25f1b687e1fd8d887240856d30b11fd743767866a4892a9c2f8f50c2,Malware payload
2024-02-02,Payload delivery,tlsh,t13e91752661540cbe8628869be4443ae35bee05a361d4ac28c4be5f5ca1ff5f111769,
2024-02-02,Payload delivery,ssdeep,96:zOzOT+km7O8ZlOFKiwTH9DnT71vfihHxisoZ5MIdM4+:rPHKT9TTx+RJoDMwM3,
2024-02-02,Other,size-in-bytes,4262,
2024-02-02,Payload delivery,mime-type,application/json,
2024-02-02,Payload delivery,md5,48fd3a5f5522b4dcdd9820e3c048f7e6,Malware payload
2024-02-02,Payload delivery,sha256,ccfa08d79996cb879128e4f185443236bb4d68bd5ed3ee17d8dd40590bc37d42,Malware payload
2024-02-02,Payload delivery,tlsh,t18391873661580cbd8728869be4443bb36bee05a351c4ec28c4ae5f5da1ff6f101b69,
2024-02-02,Payload delivery,ssdeep,96:zOzO5+km7O8ZlOFKiwTH9DnT71vfihHxisoZ5/aJe4+:RPHKT9TTx+RJoD/aJe3,
2024-02-02,Other,size-in-bytes,4272,
2024-02-02,Payload delivery,mime-type,application/json,
2024-02-02,Payload delivery,md5,0c9dbe6dc070d4e5356f0b85c46a7b1c,Malware payload
2024-02-02,Payload delivery,sha256,218864a892d165a344974a2724a43e97665bc9e082885d168dd3925026fcbaf8,Malware payload
2024-02-02,Payload delivery,tlsh,t178a186eb25681cbcc714c7c655d93a8287ed0113a2a8ad18fced5f0c82ff4b603669,
2024-02-02,Payload delivery,ssdeep,48:Yxg3SPhJSPdqKkY7EbnlUQl2Dhpk6nYK+zebDF4w0dM0tX8r82bp9WG9sYUfi1vM:QOpkBAKpg9nEi1v1/YM8wdGP,
2024-02-02,Other,size-in-bytes,4981,
2024-02-02,Payload delivery,mime-type,application/json,
2024-02-02,Payload delivery,md5,9dc057900b63b46d1be75e9d6919bf69,Malware payload
2024-02-02,Payload delivery,sha256,87549b3c57814c1e744af365ef2119b32c4bbddf5d3492cc78935084c6837753,Malware payload
2024-02-02,Payload delivery,tlsh,t149e4234bae47aa39df9067309908851d2157af33bdb4d29b4340b61e637fa873c75c,
2024-02-02,Payload delivery,imphash,af02ce4a4548e322a95ca15cb9608683,
2024-02-02,Payload delivery,ssdeep,12288:8HLUMuiv9RgfSjAzRty26xGJeMTE3Z2ap4srKWLZ6JCtXZYJfmn:WtARD6EAMC41o6Jfmn,
2024-02-02,Other,size-in-bytes,675098,
2024-02-02,Payload delivery,mime-type,application/x-dosexec,
2024-02-02,Payload delivery,md5,e01551fa4965d27b34449f807f006095,Malware payload
2024-02-02,Payload delivery,sha256,f7d1b98687fe652a2444a13bddb41371d63838974328c19b26872839f3430596,Malware payload
2024-02-02,Payload delivery,tlsh,t12091759a27085dbdc654a6d7e9903ad7876e0093b198dd2ce8fd9f08f1ef1f002799,
2024-02-02,Payload delivery,ssdeep,48:YxY6wsdlpkofn16Ru+FkDFU0NhtXeV2Qp9We6T2UHs1vibvKqRteU3wxioLIpZaY:UpkocRtG9U/9K2Ss1veiHLIpZxx,
2024-02-02,Other,size-in-bytes,4284,
2024-02-02,Payload delivery,mime-type,application/json,
2024-02-02,Payload delivery,md5,efaaaf7c07bc92d9fee887e47d42e1f0,Malware payload
2024-02-02,Payload delivery,sha256,6f2cab130d80700a77279511af248d8634b26b8e186a60b09d278897c44442dc,Malware payload
2024-02-02,Payload delivery,tlsh,t18c41dc7ccf29f8e0033db0a08c492e2620949e57d6f58e24d9574ee62d7c20acf2b1,
2024-02-02,Payload delivery,ssdeep,48:LGfEFWuJqs9HZNjd+SfprcKyK0hE6S1FtfsC5P3RX5ZWiaoIhSNtv:LGfEFW87jd+Sfpbaq6S1FtfsC5P39Efi,
2024-02-02,Other,size-in-bytes,2219,
2024-02-02,Payload delivery,mime-type,text/plain,
2024-02-02,Payload delivery,md5,a1c2af428fdfeb1c4019c69d04fab596,Malware payload
2024-02-02,Payload delivery,sha256,8ce74f4798e10003027be1378215fb0deef1f27ef5d12e7b4c2a5258fd054fae,Malware payload
2024-02-02,Payload delivery,tlsh,t17691627222180c7d862482dab4597ad767be0267a1d4ec28a8bd4f0ca6ef1f205b59,
2024-02-02,Payload delivery,ssdeep,96:CbZknCs+w/05TH9I681vdEHAbpZcS31rO:Cb21R0B9I6KEgbp+S31rO,
2024-02-02,Other,size-in-bytes,4248,
2024-02-02,Payload delivery,mime-type,application/json,
2024-02-02,Payload delivery,md5,8f9c0a81736713d43108f56bacce9382,Malware payload (RiseProStealer)
2024-02-02,Payload delivery,sha256,949d3ca0f6573eefbe38105a1ef739d05a85261e91bc1654e319f87626ea4197,Malware payload (RiseProStealer)
2024-02-02,Payload delivery,tlsh,t1184523b5c60f1a50e42a84f9a8c9dba15cbcf4fc260a7a0e0f7f0457112999cb76bd,
2024-02-02,Payload delivery,imphash,5ab723dc8d5af21b79dc301ed6a56a64,
2024-02-02,Payload delivery,ssdeep,24576:e6PX6pOScV46EFYggPUf7FCTBC1y4TJ8UdwQeN2K3yWds0JkKyVmjUvJlbymxOqG:e6jG6rPUfBcBCy4TqqlradsL4jUvPWmr,
2024-02-02,Other,size-in-bytes,1195008,
2024-02-02,Payload delivery,mime-type,application/x-dosexec,
2024-02-02,Payload delivery,md5,2515505970d4fdf324e6a6b5a6191dd1,Malware payload
2024-02-02,Payload delivery,sha256,634d381fc6f0efd9e147c2954cc6edcec2b63c61960ae751bd6c711a83e947b9,Malware payload
2024-02-02,Payload delivery,tlsh,t153917526251c0cbdc7394b96a05c76d76bae02739184fd2888bd9f0ca5ff2b141769,
2024-02-02,Payload delivery,ssdeep,96:jjDekxq8pVFawTH9o2nTv71vzhHtsIZh5BfXR+:jjDvguFaA9o2nbdhNsIr5BfXR+,
2024-02-02,Other,size-in-bytes,4225,
2024-02-02,Payload delivery,mime-type,application/json,
2024-02-02,Payload delivery,md5,832fd16d6ab3ec41ebdca2f989240774,Malware payload (Amadey)
2024-02-02,Payload delivery,sha256,8008c25cf7e8fb2826417728ee9991817b022d4bd117f7f29169641e5ddbc2c8,Malware payload (Amadey)
2024-02-02,Payload delivery,tlsh,t1ae64f22172e0c072e6a345389930e5b4967ffca766bb405f76243b5f3e323d25a653,
2024-02-02,Payload delivery,imphash,c33a7b4022bd29f9ba900fe89020dcf9,
2024-02-02,Payload delivery,ssdeep,6144:yWLy1DByeaJ1YyeaXeXRfLXG/jQX/88mXgvMNCIJ0VDN0dv:1m1Dra/1eweX1XwgimMIISDN0d,
2024-02-02,Other,size-in-bytes,328704,
2024-02-02,Payload delivery,mime-type,application/x-dosexec,
2024-02-02,Payload delivery,md5,f78be921b1d0480e0d865af98a9ff29a,Malware payload
2024-02-02,Payload delivery,sha256,8fe3b1bd5bc99a8b64d7d3a60bec9fab84dd87322ae7d68dd4b68b35c854f3fe,Malware payload
2024-02-02,Payload delivery,tlsh,t1e5a1a5ab11295cbccb14c7c695c93a8797ed015393a8ac18bdfc6f0c82fe8b142659,
2024-02-02,Payload delivery,ssdeep,48:Yxg3SPhJSPdqKkY7EbnlUQl2xhpk6nYK+z1DF4w0dM0tXnT2up9WSFo8ZUfi1vAK:QObkB5KDz9vLEi1vYYYly5P,
2024-02-02,Other,size-in-bytes,4874,
2024-02-02,Payload delivery,mime-type,application/json,
2024-02-02,Payload delivery,md5,0e1463a0a3b1ea637d88ad512c120206,Malware payload
2024-02-02,Payload delivery,sha256,622fa4320612111e6868e8f9ce26deb08ea33ece68c75d26d17535a7a80dfa2e,Malware payload
2024-02-02,Payload delivery,tlsh,t1e2a1a6ab35654cacc624c7da94e23e8757ac0073a0d4ed24a8ac5f5894fe8f1027ea,
2024-02-02,Payload delivery,ssdeep,48:Yxg3SPhJSPdqKkY7EbnlUQl2ZRifk/n0+aWblFDF4w0biYtXqlNBT2Hp9Wt0mUxF:QOEkTaGuIT49YMG1veKA858,
2024-02-02,Other,size-in-bytes,4832,
2024-02-02,Payload delivery,mime-type,application/json,
2024-02-02,Payload delivery,md5,8a74844be6ceae26ef530042ee436b62,Malware payload
2024-02-02,Payload delivery,sha256,626e362cf9162f801a75865c710627835b19530c5fbb111795926d325bcd4fe8,Malware payload
2024-02-02,Payload delivery,tlsh,t1955633059a3a7e71f33be0b993f255310593b7b01ab8049bb14c88b34352dedddaa7,
2024-02-02,Payload delivery,imphash,884310b1928934402ea6fec1dbd3cf5e,
2024-02-02,Payload delivery,ssdeep,196608:GwSvwCJiESKUfcN9Gcex8QaEsqISJg4tSPbmH:GwSvzQcN9axzlsMptabmH,
2024-02-02,Other,size-in-bytes,6390925,
2024-02-02,Payload delivery,mime-type,application/x-dosexec,
2024-02-02,Payload delivery,md5,d52d019a3f55134609af75ff8a9b4b13,Malware payload
2024-02-02,Payload delivery,sha256,a5590a8aafafe6e1944a776e0e8a0b3caa67a562211473c3c42e8963b0a9869b,Malware payload
2024-02-02,Payload delivery,tlsh,t1d891521619386c7cc658c5ca88fc3d4e567e005bf1609c18a6ed8e0ae2ff1f283a65,
2024-02-02,Payload delivery,ssdeep,96:eyOrkYOhDH5R0DWfrfT594ds1Y7g1vUreHTMsgiFEmK2JeR:eyOQThr5RIWfrt94ds1Y7FrezMsgiFEt,
2024-02-02,Other,size-in-bytes,4614,
2024-02-02,Payload delivery,mime-type,application/json,
2024-02-02,Payload delivery,md5,e4e8a5cc0be5c3722dc7a9db4dc72e80,Malware payload
2024-02-02,Payload delivery,sha256,4618bc9cbf863010d1708a180a2a951088a39fe5dacd26eba5d233f23f3f6af1,Malware payload
2024-02-02,Payload delivery,tlsh,t180a196eb61641cbcca18c7c694d93b8797fd015352a4ec24acac5b0c93ff9b253669,
2024-02-02,Payload delivery,ssdeep,48:Yxg3SPhJSPdqKkY7EbnlUQl2dLhpk6nYK+z1DF4w0dM0tXnGbZ2up9WSgyUfi1v+:QOzfkBhKWbZz9BEi1vUb8pbbYNrNP,
2024-02-02,Other,size-in-bytes,5033,
2024-02-02,Payload delivery,mime-type,application/json,
2024-02-02,Payload delivery,md5,0d588974570069abcccea5583ae1eaf7,Malware payload
2024-02-02,Payload delivery,sha256,e5f9251e614bc4dd09da03ed1e217447f76f96121510231ecb5e88ca81642c58,Malware payload
2024-02-02,Payload delivery,tlsh,t12fa1969712585cbccb14c7d644da3aab83ed0053a2a4ac24eded5f0c91ff8b50262e,
2024-02-02,Payload delivery,ssdeep,48:Yxg3SPhJSPdqKkY7EbnlUQl2Nhpk6nYK+zobgDF4w0dM0tXcg/i2up9WXibUfi17:QOzkBtKCz93Ei1vnfYNxnIoKP,
2024-02-02,Other,size-in-bytes,4788,
2024-02-02,Payload delivery,mime-type,application/json,
2024-02-02,Payload delivery,md5,6c05683b6208e2128b4dca0039ac3306,Malware payload
2024-02-02,Payload delivery,sha256,9867136c4fc4fa5714578971259784517a60b965e01f1d8f6f654518d5b230bf,Malware payload
2024-02-02,Payload delivery,tlsh,t1bba1b8ab25795cbccb24c7c695c53e8357fd005362a8ad14ecec5f0c91fe8b1426aa,
2024-02-02,Payload delivery,ssdeep,48:Yxg3SPhJSPdqKkY7EbnlUQl22Jhpk6nYK+zMlFDF4w0dM0tXqlNjT2up9WMTv0m6:QOGkB6KoTz9DEi1vgQYhkcP,
2024-02-02,Other,size-in-bytes,4850,
2024-02-02,Payload delivery,mime-type,application/json,
2024-02-02,Payload delivery,md5,bada5b781a9f145aca3352af7c0386fa,Malware payload
2024-02-02,Payload delivery,sha256,c58342bf9e8f5e6baa6c63ffc179f80200cba36b0c8d0b8f077451251ceb8dff,Malware payload
2024-02-02,Payload delivery,tlsh,t11391c4b7162c8cacca1487d395903b97567f41a7f084ae68f9b98f0ce0fe1b51136a,
2024-02-02,Payload delivery,ssdeep,48:Yx5AvwlYYwdKbsJkmnh+0DFU0omOtXxR23p9WtY2UKJ1vybaKqRrC3wxioiEkshj:YAvwlqkv0S7U9/2FJ1vu8iNsYE,
2024-02-02,Other,size-in-bytes,4323,
2024-02-02,Payload delivery,mime-type,application/json,
2024-02-02,Payload delivery,md5,8c27e7c7aeb44d31e2ec04f3a8884bda,Malware payload
2024-02-02,Payload delivery,sha256,a39c23aea3c9f705f8b2fea8bf9c282a099a6f5ab7534473624de078b035f8e4,Malware payload
2024-02-02,Payload delivery,tlsh,t10fa186ab31550cbcc51983da94e53f8b57bc01635494ec28b49c9f5c96ff8f1437a9,
2024-02-02,Payload delivery,ssdeep,48:Yxg3SPhJSPdqKkY7EbnlUQl2YRifk/n0+aWCDF4w0biYtXnQbZ2Hp9WjyUxG1vCV:QObkTa1uAbZ49bMG1vCb8vbJAfE2,
2024-02-02,Other,size-in-bytes,5005,
2024-02-02,Payload delivery,mime-type,application/json,
2024-02-02,Payload delivery,md5,91588783ddbf6849fb8692d3d4d0cd61,Malware payload
2024-02-02,Payload delivery,sha256,6e58b1b058cf92a071260b72197a1cbd7a0ce327f6c6670673b19dfd3bc3c4f6,Malware payload
2024-02-02,Payload delivery,tlsh,t1dca1855b31551cac861487ea98e13e8b87ad00a7a1c4ec18f8ed5f5ca6ff8f103769,
2024-02-02,Payload delivery,ssdeep,48:Yxg3SPhJSPdqKkY7EbnlUQl2AQRifk/n0+aWKSPmDF4w0biYtXDSPGq2Hp9Wcse7:QO0kTaUeuef49VEMG1vHRAG01t,
2024-02-02,Other,size-in-bytes,4932,
2024-02-02,Payload delivery,mime-type,application/json,
2024-02-02,Payload delivery,md5,9229dbff7251b53b116c25abbe163ae5,Malware payload
2024-02-02,Payload delivery,sha256,ecdd18af00346b7fdadc885d10abb0921dd446066d0ccf4b4425e5642118c97d,Malware payload
2024-02-02,Payload delivery,tlsh,t1f0a195ab31550cbc86248bea94e53e8b87ad0173a194ed18f4ad4f4c85ff8f5037a9,
2024-02-02,Payload delivery,ssdeep,48:Yxg3SPhJSPdqKkY7EbnlUQl24Rifk/n0+aW/bDF4w0biYtX8rG2xp9WoKsYUxG1W:QOPkTakuNe9yMG1vbDASiv,
2024-02-02,Other,size-in-bytes,4963,
2024-02-02,Payload delivery,mime-type,application/json,
2024-02-02,Payload delivery,md5,151a0eeb7495d1d276c31be436306f52,Malware payload (BumbleBee)
2024-02-02,Payload delivery,sha256,499bfc1b2ab49a0273f1a8fbe88efbfab82f64fe96187511fd5fdbd64b549909,Malware payload (BumbleBee)
2024-02-02,Payload delivery,tlsh,t17945e111e6921ff8d4b651b681ab2a2fb7743e180324d377abc0d2377d933a45b1a7,
2024-02-02,Payload delivery,imphash,47e01530ad43ec939d1c47709a80a5c6,
2024-02-02,Payload delivery,ssdeep,24576:bDuxKmI0rJwMcB7T/HEbLtg25N9n9usMlBk1aIurzG+lbGzZrxGNV6IOfTEs:x1dTvEHtr5N94Zpu9wXmEs,
2024-02-02,Other,size-in-bytes,1222661,
2024-02-02,Payload delivery,mime-type,application/x-dosexec,
2024-02-02,Payload delivery,md5,180ec31c92f9155b9ac2c8b2cfb4e293,Malware payload (RiseProStealer)
2024-02-02,Payload delivery,sha256,ada874203d4cec29de4c84331ea6aea25fe4a3d3ec62d5e35d402726b9694421,Malware payload (RiseProStealer)
2024-02-02,Payload delivery,tlsh,t1b6452395403a1d4be6389af668c5009cd7b53aaca70ddb273a5f44522e709cf238fe,
2024-02-02,Payload delivery,imphash,5ab723dc8d5af21b79dc301ed6a56a64,
2024-02-02,Payload delivery,ssdeep,24576:7KhmZIxrR64sdwQo+RYzgTkSzQwQtNkz+8TqLDymLiHl:2zlRtb0+gTUlt+FmLu,
2024-02-02,Other,size-in-bytes,1194496,
2024-02-02,Payload delivery,mime-type,application/x-dosexec,
2024-02-02,Payload delivery,md5,936c173d0cb7c19e2a80b52131d7c38e,Malware payload
2024-02-02,Payload delivery,sha256,9457b61f8ce7f1e1bfc3543677c3f331856386387a20f9bd8e03ba017c7092b4,Malware payload
2024-02-02,Payload delivery,tlsh,t15f9186e771155eb8c51fc5ee96a938cecabd001390705c5ce5ae4b4b88fe1b51323d,
2024-02-02,Payload delivery,ssdeep,96:XG39k0yan4wgaBSQcsTN9+BMOy0G1vRctHsz9UAeGDxVXr:90049rVGmlDL,
2024-02-02,Other,size-in-bytes,4528,
2024-02-02,Payload delivery,mime-type,application/json,
2024-02-02,Payload delivery,md5,7dd5c58c858e1ba02378a77a55e4db13,Malware payload (Healer)
2024-02-02,Payload delivery,sha256,e37b19d11002247b6838ff6371ea15bbb65622a55b829656015921c85552fab3,Malware payload (Healer)
2024-02-02,Payload delivery,tlsh,t1abd423bf14b28902c2b074ba949246d4aeb4b5cb7442df5c927b4b8454760ff573ea,
2024-02-02,Payload delivery,imphash,436f7e4bc6bece183fb5bacd9f2ff7d3,
2024-02-02,Payload delivery,ssdeep,12288:9o7YNQZ4WioPJicryGBWECTTJ9pYKNrOM6+6pTwZmUXAo:OwQA6icoECZ95rH96/UXA,
2024-02-02,Other,size-in-bytes,617472,
2024-02-02,Payload delivery,mime-type,application/x-dosexec,
2024-02-02,Payload delivery,md5,e767f355d89045017239e0562dea34f6,Malware payload
2024-02-02,Payload delivery,sha256,8d728dd76701d62e059fd817d3c08e2f27bf70d76c0984e88651c93f9c35217a,Malware payload
2024-02-02,Payload delivery,tlsh,t1db91b6b7152c0cbc8a2487d7a5a43bd747bf45a7e094ad68b8bc8f08e0fe1b51136a,
2024-02-02,Payload delivery,ssdeep,96:YAvwlukvQISnya0o9HT2FJ1vltPBirxHnE:YAv8Xo9z2FBirxE,
2024-02-02,Other,size-in-bytes,4329,
2024-02-02,Payload delivery,mime-type,application/json,
2024-02-02,Payload delivery,md5,7cff82309b2d5711fd8d2dc515382718,Malware payload
2024-02-02,Payload delivery,sha256,b0223e947339588bd232da494ea436cbe0ab563635f206e4688448acd1bbfcab,Malware payload
2024-02-02,Payload delivery,tlsh,t15591346926085dbdcb9496d3e5443ec787ae1053e194dd2ce8fd9f08a1ff1f10276a,
2024-02-02,Payload delivery,ssdeep,48:YxY6wAdlpkofn16Ru+FvDF4w0NhtXpk2Kp9Wo6sUHs1vFbvKzRteU3wxioorb6No:YpkocRtxYyH97Ss1vdTHW+kXx,
2024-02-02,Other,size-in-bytes,4403,
2024-02-02,Payload delivery,mime-type,application/json,
2024-02-02,Payload delivery,md5,b0d2aa937d3694517c120c85373ad79e,Malware payload (Socks5Systemz)
2024-02-02,Payload delivery,sha256,7b630911316c8a8a6c222132439961b185972ae0b53b2b4abe9e0e9089e063be,Malware payload (Socks5Systemz)
2024-02-02,Payload delivery,tlsh,t1d3663353c3c0d9b8f1a4d277a2abc21491aae90f7b251499774fc53fbd434889d0b3,
2024-02-02,Payload delivery,imphash,884310b1928934402ea6fec1dbd3cf5e,
2024-02-02,Payload delivery,ssdeep,196608:LIUyXEM9uqHobEgb/5Yu/6Bq8fxSZx2Civ6Ur4igH:LIlXb7H4BerIAB6Ur4igH,
2024-02-02,Other,size-in-bytes,6535109,
2024-02-02,Payload delivery,mime-type,application/x-dosexec,
2024-02-02,Payload delivery,md5,7ca460136de863015468fee6c3b29df4,Malware payload
2024-02-02,Payload delivery,sha256,212780144091636df8c81db6812222935953641fa9b89b07672d046c962f9afe,Malware payload
2024-02-02,Payload delivery,tlsh,t1f4a184ab61692cbccb1487d259d53e8797ed0053a2d8ac18fcdc5f0c92fe4b103655,
2024-02-02,Payload delivery,ssdeep,48:Yxg3SPhJSPdqKkY7EbnlUQl2+hpk6nYK+z9SPmDF4w0dM0tXDSPGo2up9WvseNEq:QOskBIeKezz9EEEi1vZhYzTHhdP,
2024-02-02,Other,size-in-bytes,4950,
2024-02-02,Payload delivery,mime-type,application/json,
2024-02-02,Payload delivery,md5,df0478242fab1d5d84ea6c4da3d6b125,Malware payload
2024-02-02,Payload delivery,sha256,9a51ca29e7f03275c912739cf778524e2509f30ab26d015ec30c3c6d5d248544,Malware payload
2024-02-02,Payload delivery,tlsh,t183a1a7ab35664c7cca2487ea98e53e8b57ad00b3a194dc14b9fc5f4881fe8f103769,
2024-02-02,Payload delivery,ssdeep,48:Yxg3SPhJSPdqKkY7EbnlUQl2RRifk/n0+aW0DF4w0biYtXnR2Hp9WO8ZUxG1v+bQ:QO4kTa1uh49AMG1vSmANUh/,
2024-02-02,Other,size-in-bytes,4866,
2024-02-02,Payload delivery,mime-type,application/json,
2024-02-02,Payload delivery,md5,179c131b5d127555c6306e61bb6b402e,Malware payload
2024-02-02,Payload delivery,sha256,41149d8dc8f71a95243748a57945967406f9fc2929f59ca78dcc5ed7c4b8f021,Malware payload
2024-02-02,Payload delivery,tlsh,t1abb533d3fcb19b69cab3477eb296e140894b5c4b0284912ea5c7f05787fe7b97142c,
2024-02-02,Payload delivery,imphash,baa93d47220682c04d92f7797d9224ce,
2024-02-02,Payload delivery,ssdeep,49152:uosLv9nZeJ8bAFtIWIu7P7GHkow13SkbyFR9tyB/jlp:uRlZZkFd7P7Bodj9cBB,
2024-02-02,Other,size-in-bytes,2302464,
2024-02-02,Payload delivery,mime-type,application/x-dosexec,
2024-02-02,Payload delivery,md5,dd9a293573b8d43d3909b0c52a91bf56,Malware payload
2024-02-02,Payload delivery,sha256,f06c3cefb00b6aa6787478cd6ff8d34aa3b298900bc2fc535dcf6e6394ecbe92,Malware payload
2024-02-02,Payload delivery,tlsh,t110159e0273d1c062ffab92334b5af6515bbc69260123e61f13a81d79be701b1563e7,
2024-02-02,Payload delivery,imphash,948cc502fe9226992dce9417f952fce3,
2024-02-02,Payload delivery,ssdeep,12288:aqDEvFo+yo4DdbbMWu/jrQu4M9lBAlKhQcDGB3cuBNGE6iOrpfe4JdaDgaxT4:aqDEvCTbMWu7rQYlBQcBiT6rprG8aF4,
2024-02-02,Other,size-in-bytes,918528,
2024-02-02,Payload delivery,mime-type,application/x-dosexec,
2024-02-02,Payload delivery,md5,beffaffcc9489c258943fc3df7a5fa3b,Malware payload (Smoke Loader)
2024-02-02,Payload delivery,sha256,df66a2112a34f0696dfc4b1488dce0dd114e7036bb5b3faeffd666570c33a113,Malware payload (Smoke Loader)
2024-02-02,Payload delivery,tlsh,t1fc04bed0b9f1c437e6b7453458319af0693bfca7aa21825f3118bb9f2e323c15a593,
2024-02-02,Payload delivery,imphash,48a6489382a5f457f8f60aae79ba3194,
2024-02-02,Payload delivery,ssdeep,3072:JMmLBFfkcgFwkXd6GWxts46SSh57TzhcoW4SP50x6TV45:LLBRmfQHs46SSh5/zNT,
2024-02-02,Other,size-in-bytes,187904,
2024-02-02,Payload delivery,mime-type,application/x-dosexec,
2024-02-02,Payload delivery,md5,bb398272a7b391bae7d76c1004befc0a,Malware payload
2024-02-02,Payload delivery,sha256,07a73239c693e871a3ebd32914e1835f8051a41010805e6702a1682124a03505,Malware payload
2024-02-02,Payload delivery,tlsh,t125a1949732554cbc8b2487ea94e23a9f47ad0073a094dc28a9ed4f4c90ff8f10376d,
2024-02-02,Payload delivery,ssdeep,48:Yxg3SPhJSPdqKkY7EbnlUQl2BRifk/n0+aWHbgDF4w0biYtXcgFi2Hp9WoibUxGR:QOgkTaRug49KMG1v5vAX/uHx,
2024-02-02,Other,size-in-bytes,4770,
2024-02-02,Payload delivery,mime-type,application/json,
2024-02-02,Payload delivery,md5,d9be9a15a1385179684b6d866d87b58c,Malware payload
2024-02-02,Payload delivery,sha256,e1832fcb9c58f5e63a8dd920668ba67a601472b657b1d8eb924d3d9b59874290,Malware payload
2024-02-02,Payload delivery,tlsh,t13091749a26095dbdca5497e3e8403ad7876e0493b098dd2ce4fd9f08e1ef1f04276e,
2024-02-02,Payload delivery,ssdeep,48:YxY6whdlpkofn16Ru+FzvDFU0NhtXN3rm/2xp9WhHp6Y2UHs1vhmObvK3moRteUz:BpkocRtp9hEA9Sr2Ss1vhPMeHLT+DXx,
2024-02-02,Other,size-in-bytes,4274,
2024-02-02,Payload delivery,mime-type,application/json,
2024-02-02,Payload delivery,md5,a7d0f1bca6b477b6fa0b8927c7af6563,Malware payload (Amadey)
2024-02-02,Payload delivery,sha256,ee2c5f538b95ccd7d190f03ceb50432a2a3c1bd70f569ad4aea504ce579334b6,Malware payload (Amadey)
2024-02-02,Payload delivery,tlsh,t11e05237a934b61c1e0b9de7422cbe301edb8b874614d6a2f5c6f7d10146facda7325,
2024-02-02,Payload delivery,imphash,7515ecf8c0dfa4d230ad835fe0acb57f,
2024-02-02,Payload delivery,ssdeep,24576:Nm68kiUnXwQoN2K3yWds0JkKyVhOi2ENYvkW5poG5/:NKkBnXlNadsLWWYvkWfoa/,
2024-02-02,Other,size-in-bytes,810496,
2024-02-02,Payload delivery,mime-type,application/x-dosexec,
2024-02-02,Payload delivery,md5,986b6f656d2758e1935bc929b0dbea74,Malware payload
2024-02-02,Payload delivery,sha256,40861fe9ff840a20cab1fbd1327152f577aeb154ce1b488191ee6a8ec7f4ce23,Malware payload
2024-02-02,Payload delivery,tlsh,t1d004e0503ae1d0b2d80684b56516ccec6d3afce18a86c9a3770f3abf3e653e1461e3,
2024-02-02,Payload delivery,imphash,48a6489382a5f457f8f60aae79ba3194,
2024-02-02,Payload delivery,ssdeep,3072:0fxLvrfvsXo4odP6P7i62XvFKgqfyAu7rS/5Gx6Tj:05LvbmojaF5gqXABq,
2024-02-02,Other,size-in-bytes,175616,
2024-02-02,Payload delivery,mime-type,application/x-dosexec,
2024-02-02,Payload delivery,md5,1b2f8d1ffe2ffb2a9af9f158a45273ef,Malware payload
2024-02-02,Payload delivery,sha256,eb3280125df056a0bdcd6e387280acfda7c037b9d091ada132a03bd2ac875463,Malware payload
2024-02-02,Payload delivery,tlsh,t103b533d346b54102faf3373942036391211bae3755a9a20a772ef8095bfeb39e186d,
2024-02-02,Payload delivery,imphash,baa93d47220682c04d92f7797d9224ce,
2024-02-02,Payload delivery,ssdeep,49152:+ZC74jADI6sUOVQWIJ2ly270vvWwhZWjZhgjbrc1vj:+c8jEI67O2WIJ2s2JwhO2rIj,
2024-02-02,Other,size-in-bytes,2363904,
2024-02-02,Payload delivery,mime-type,application/x-dosexec,
2024-02-02,Payload delivery,md5,3407c7ef939bd461425be031ac8b2d55,Malware payload
2024-02-02,Payload delivery,sha256,8ed3e9033a22bf76c6e2add89c3c7981949a084efce0774aad9693d9ca71fb9b,Malware payload
2024-02-02,Payload delivery,tlsh,t16d916666261c0cbec2398b93945c7ad767ae027390c4fd2888bd9f0ca5ff2b145769,
2024-02-02,Payload delivery,ssdeep,96:jjnekxq8pVFawTH9o2nTv71vzhHtsIZhqFuvR+:jjnvguFaA9o2nbdhNsIr8uvR+,
2024-02-02,Other,size-in-bytes,4225,
2024-02-02,Payload delivery,mime-type,application/json,
2024-02-02,Payload delivery,md5,d38f7979b9b38ed81f13f7cd85914b2a,Malware payload
2024-02-02,Payload delivery,sha256,f2afb9f3086a7763142e227082ab07711a71a9d2c04514e5e5a0fb19ba515daa,Malware payload
2024-02-02,Payload delivery,tlsh,t13a91416629385d7cc658c4ca88fc3d4e567d105bf2649c18a6ed8e0ae2ff1f183a65,
2024-02-02,Payload delivery,ssdeep,96:ey9zrkYOhDH5R0DWfrfT594ds1Y7g1vUreHTMsgiFEPObJeR:eydQThr5RIWfrt94ds1Y7FrezMsgiFER,
2024-02-02,Other,size-in-bytes,4624,
2024-02-02,Payload delivery,mime-type,application/json,
2024-02-02,Payload delivery,md5,44f081cef751a91a26c578d7a70f14a0,Malware payload
2024-02-02,Payload delivery,sha256,f97d673070bf2e7604f31e1675ecc12f13e801662230eeff7345b7e996056e4a,Malware payload
2024-02-02,Payload delivery,tlsh,t14953830afb610ffbec5fcd374aa91b49358ca00a11e97b753934d928b61a14f49e3c,
2024-02-02,Payload delivery,ssdeep,1536:dXayvkPvMT8/JG8M3/qTh9ASqbY/3QPwFlIN7chmyg8gas5BXJ9DgmFwmFd:dXay8PvMTeJW3/qThJqbK3QPwXw7/jgG,
2024-02-02,Other,size-in-bytes,63852,
2024-02-02,Payload delivery,mime-type,application/x-executable,
2024-02-02,Payload delivery,md5,800149e3934c97481f2441926c126c58,Malware payload
2024-02-02,Payload delivery,sha256,27ae3a506d8499e8008d47c9c6238202e22644622a252b5e117653099e3a6d49,Malware payload
2024-02-02,Payload delivery,tlsh,t147b533f24d7a46fae2070b3d9c7a0a89a5c7ac572a456fb83180fc8567fc9730125f,
2024-02-02,Payload delivery,imphash,baa93d47220682c04d92f7797d9224ce,
2024-02-02,Payload delivery,ssdeep,49152:F/tF/IBwOHQ9o9SbJH3bZLgHCSU2PMlGAjhgyDKAPo0HaK:FVFQmOHAo9SbNxg9N+hfKao06K,
2024-02-02,Other,size-in-bytes,2297344,
2024-02-02,Payload delivery,mime-type,application/x-dosexec,
2024-02-02,Payload delivery,md5,a160de62518ade29aab2d428b48b489c,Malware payload (Stealc)
2024-02-02,Payload delivery,sha256,932a2b5fe6ad1745d5163b9cc634a7bd773e5bc4ff568db1a117fbce5a8da040,Malware payload (Stealc)
2024-02-02,Payload delivery,tlsh,t1d904df503af1d062f5b388746934c9ec6d3bbce39965859b360f3a6f3d322d18a593,
2024-02-02,Payload delivery,imphash,48a6489382a5f457f8f60aae79ba3194,
2024-02-02,Payload delivery,ssdeep,3072:0fxLvrfvsXo4odP6P7i62XvFKgqfyAu7rS/5Gx6TV45:05LvbmojaF5gqXABT,
2024-02-02,Other,size-in-bytes,188416,
2024-02-02,Payload delivery,mime-type,application/x-dosexec,
2024-02-02,Payload delivery,md5,edf24be70d59b0744a69d057153c1927,Malware payload
2024-02-02,Payload delivery,sha256,12c0d2c4fc5edd8d8ea8141c13a9e6af6c519d46c9e4cbc4e3d741b9ebd71ecf,Malware payload
2024-02-02,Payload delivery,tlsh,t1c4131a41b31c0543d1a21ef0363b57e0e3aabe9232e4f288791fab49c175e735146e,
2024-02-02,Payload delivery,ssdeep,768:LjpA036tqHXDGa4KUjlAqx9yKCZBqsYfC6GGfEnUHrsRyrUJuXImOVGzP:LFfOODIXxx9yNZgzGItLnrKuYmDP,
2024-02-02,Other,size-in-bytes,44128,
2024-02-02,Payload delivery,mime-type,application/x-executable,
2024-02-02,Payload delivery,md5,5f212a385c12a6352d2e4f4da2cb2118,Malware payload
2024-02-02,Payload delivery,sha256,8142d93ca981d37571938b653a0dd686d923af35f001fb002193d87af2f403dd,Malware payload
2024-02-02,Payload delivery,tlsh,t1f3a185ab15691cbcc6148bc355d93a8787ed0153a2a8ac18fced5f0c82ff4a60366a,
2024-02-02,Payload delivery,ssdeep,48:Yxg3SPhJSPdqKkY7EbnlUQl26hpk6nYK+zebDF4w0dM0tX8r82bp9WG9sYUfi1v/:QOckBAKpg9nEi1v1/YjaP,
2024-02-02,Other,size-in-bytes,4970,
2024-02-02,Payload delivery,mime-type,application/json,
2024-02-02,Payload delivery,md5,96d222658089ea5809f6d4c6a2083cc1,Malware payload
2024-02-02,Payload delivery,sha256,7242604231f9ea0844476d1c076d6594d4d11883c5bc3389755ca91701724c09,Malware payload
2024-02-02,Payload delivery,tlsh,t19c333a35bd79291bc4c9997a61f74318f2f6174a74f8ca2a7c720e4dfb24a00621b6,
2024-02-02,Payload delivery,ssdeep,768:ZH7A6++W5pXuOJDuj0UqeNszrS3uJYo+ve6tuW1uvbO+lkphkPzwt:JA6MbeOJ6wUqemSYYoaeo1uv/lbbwt,
2024-02-02,Other,size-in-bytes,52860,
2024-02-02,Payload delivery,mime-type,application/x-executable,
2024-02-02,Payload delivery,md5,ec8ddfab07c2c31c8a956fcd88884a84,Malware payload
2024-02-02,Payload delivery,sha256,927fd8ae03bd76ddfd8330c22d890a0bbb3d83c7f80997ec646fcea117591d52,Malware payload
2024-02-02,Payload delivery,tlsh,t11da1b66b35664c7cca2487ea98e13e8b57ad01b39194ec18b9fd5f4c81fe8f103769,
2024-02-02,Payload delivery,ssdeep,48:Yxg3SPhJSPdqKkY7EbnlUQl20/Rifk/n0+aW0DF4w0biYtXnR2Hp9WO8ZUxG1v++:QO6MkTa1uh49AMG1vSmAVZFrM,
2024-02-02,Other,size-in-bytes,4856,
2024-02-02,Payload delivery,mime-type,application/json,
2024-02-02,Payload delivery,md5,023bbc2752607a5b0d3246fea4227dcf,Malware payload
2024-02-02,Payload delivery,sha256,677bb0abb2702117248a6cf4ac9f81ad1617caefc085a592d5558c871d260fdc,Malware payload
2024-02-02,Payload delivery,tlsh,t12791517662180c7e863482d7b4597ad367be0267a0d4ac28a8fd4f4ca7ff1f205b59,
2024-02-02,Payload delivery,ssdeep,96:QbZknCs+w/05TH9I681vdEHAbpZcIzqDO:Qb21R0B9I6KEgbp+IGDO,
2024-02-02,Other,size-in-bytes,4238,
2024-02-02,Payload delivery,mime-type,application/json,
2024-02-02,Payload delivery,md5,48f2068dba99061861c6e941bd425a0d,Malware payload
2024-02-02,Payload delivery,sha256,fd964c9bd796652e3f786325dfef29cd7d5f68d279825d9318fc00da17943c3f,Malware payload
2024-02-02,Payload delivery,tlsh,t121b533f57b3242c8c7a31772a8df462be6176e175420b2ea4071fa56633c2f5c21bd,
2024-02-02,Payload delivery,imphash,baa93d47220682c04d92f7797d9224ce,
2024-02-02,Payload delivery,ssdeep,49152:yrozaiadLc1YZawjM9UcdE6NZj3BuV0rk0T9z0fKuhHNZaxor4d5:yLdmEawj4p7jTrvpCHqCrC5,
2024-02-02,Other,size-in-bytes,2308096,
2024-02-02,Payload delivery,mime-type,application/x-dosexec,
2024-02-02,Payload delivery,md5,b6e5a21e5e190f7cf6122ee825d2ff78,Malware payload
2024-02-02,Payload delivery,sha256,cab6b6a6b059831224986b0c4ddd02782ab28e8bda5f98322670734aff81a086,Malware payload
2024-02-02,Payload delivery,tlsh,t1a991646926095dbccb9496e3d8443ec7c76e0053b194dd28e8bd8f08a2ef1f103b6a,
2024-02-02,Payload delivery,ssdeep,48:YxY6wSGdlpkofn16Ru+FvDF4w0NhtXpk2Kp9Wo6sUHs1vFbvKzRteU3wxioorb/Z:CWpkocRtxYyH97Ss1vdTHW/LzXx,
2024-02-02,Other,size-in-bytes,4413,
2024-02-02,Payload delivery,mime-type,application/json,
2024-02-02,Payload delivery,md5,00c78b65c51afe507627ed94b0aefd64,Malware payload
2024-02-02,Payload delivery,sha256,bc5c093591d90dd32ca88d41308d73a214238c0313a974d3eeee307ec9f42385,Malware payload
2024-02-02,Payload delivery,tlsh,t12b159e0273d1c062ffab92334b5af6515bbc69260123e61f13981db9be701b1563e7,
2024-02-02,Payload delivery,imphash,948cc502fe9226992dce9417f952fce3,
2024-02-02,Payload delivery,ssdeep,12288:eqDEvFo+yo4DdbbMWu/jrQu4M9lBAlKhQcDGB3cuBNGE6iOrpfe4JdaDgaoTd:eqDEvCTbMWu7rQYlBQcBiT6rprG8awd,
2024-02-02,Other,size-in-bytes,918016,
2024-02-02,Payload delivery,mime-type,application/x-dosexec,
2024-02-02,Payload delivery,md5,4a6697b8e4dda9c1791e448eb9fa859e,Malware payload
2024-02-02,Payload delivery,sha256,3a435a3353ccbe7d5aeaf4b01e1fd710855358728d1cb9ccf41b3ef71d23618a,Malware payload
2024-02-02,Payload delivery,tlsh,t1fba195ab21692cbcc714c7d299d93e9797fd0053a298ac18fced6f0c92fe4a103655,
2024-02-02,Payload delivery,ssdeep,48:Yxg3SPhJSPdqKkY7EbnlUQl29Jhpk6nYK+z9SPmDF4w0dM0tXDSPGo2up9WvseNp:QORkBIeKezz9EEEi1vZhYV4zT0dP,
2024-02-02,Other,size-in-bytes,4940,
2024-02-02,Payload delivery,mime-type,application/json,
2024-02-02,Payload delivery,md5,92db6e2b81207ea429bbc8add3ee5fa1,Malware payload
2024-02-02,Payload delivery,sha256,d652509b07267680b5ff7d536e641fe91c99ba77a54f57f82d9f6a45e6632785,Malware payload
2024-02-02,Payload delivery,tlsh,t1d79175aa26085ebcc65496d3d5903ad7876e0493b198dd2cd8fd9f08e1ef1f002799,
2024-02-02,Payload delivery,ssdeep,48:YxY6wYdlpkofn16Ru+FkDFU0NhtXeV2Qp9We6T2UHs1vibvKqRteU3wxioLJXURO:QpkocRtG9U/9K2Ss1veiHLJEHyx,
2024-02-02,Other,size-in-bytes,4274,
2024-02-02,Payload delivery,mime-type,application/json,
2024-02-02,Payload delivery,md5,afbfbeac954f34b1e640df21e2f5b5b4,Malware payload (Smoke Loader)
2024-02-02,Payload delivery,sha256,c61cfaf514e7031008c7ba33ef2da84c08418461b46a2f68ab9b2de72bcb0cd1,Malware payload (Smoke Loader)
2024-02-02,Payload delivery,tlsh,t1c704cf907ae0d037e7b74075a931d5e85e3bfcaae6a4805b22193b5f3c723d04e853,
2024-02-02,Payload delivery,imphash,48a6489382a5f457f8f60aae79ba3194,
2024-02-02,Payload delivery,ssdeep,3072:MVxLvrfx6PbrpDd8Jv84w68iO8HOVyZnSP5nGBx6TV45:MnLvbxsbdDeJv8f68iOeZYGBT,
2024-02-02,Other,size-in-bytes,188416,
2024-02-02,Payload delivery,mime-type,application/x-dosexec,
2024-02-02,Payload delivery,md5,59943bdc7c44b66cef3320a373696051,Malware payload
2024-02-02,Payload delivery,sha256,10e1e4a7656c0122c82be8c2cc58af281eaa0774f859ab30352f30451570a00e,Malware payload
2024-02-02,Payload delivery,tlsh,t1ef9196e771155eb9c51fc5eea69939cfcabd001390346c1ce5a94b0b88fe1b52323d,
2024-02-02,Payload delivery,ssdeep,96:XGS9k0yan4wgaBSQcsTN9+BMOy0G1vRctHsz9UAeGlpGVXr:i0049rVGmllp8,
2024-02-02,Other,size-in-bytes,4529,
2024-02-02,Payload delivery,mime-type,application/json,
2024-02-02,Payload delivery,md5,f51e6bae8191b1a9a6396e79d820508a,Malware payload
2024-02-02,Payload delivery,sha256,fe3907fe86d64b7e77572114f4acb4a7def072c2a5af533b76ab9ec830b24bc8,Malware payload
2024-02-02,Payload delivery,tlsh,t1ada199a726695cfccb24c7d695c63e8357ed005353e4ad14ecac5f0c91fe4b1426aa,
2024-02-02,Payload delivery,ssdeep,48:Yxg3SPhJSPdqKkY7EbnlUQl2/hpk6nYK+zMlFDF4w0dM0tXqlNjT2up9WMTv0mUK:QOdkB6KoTz9DEi1vgQYPSP,
2024-02-02,Other,size-in-bytes,4860,
2024-02-02,Payload delivery,mime-type,application/json,
2024-02-02,Payload delivery,md5,38f95a6915303d44b85ba9be915a38c1,Malware payload
2024-02-02,Payload delivery,sha256,7388a8b464084e0e99d47be71f7e57123ff8986fdf5c394d94ec8bbb06133ca9,Malware payload
2024-02-02,Payload delivery,tlsh,t157231785bdc1aa06cad0537bfa0f82dd3b16639ce2de7203dd252f51379a52b0e6b4,
2024-02-02,Payload delivery,ssdeep,768:BycKU5zyCBGwB5PDHCaqTJ91Nu2i4XPwX0rvpRFDC5/dtp459ttU8/RtoQnVGz:B3VzB4ai1NQy4X6pPDCRp459tO8Uf,
2024-02-02,Other,size-in-bytes,46604,
2024-02-02,Payload delivery,mime-type,application/x-executable,
2024-02-02,Payload delivery,md5,be3b332a6afe654183cc74896bb7d526,Malware payload
2024-02-02,Payload delivery,sha256,12744611ce593023057d4ee29dfe73f9872a7e5b7af410efeb61233d11ecc9fc,Malware payload
2024-02-02,Payload delivery,tlsh,t1ec928f35a8a1641b4037d8f9356fa28df82194078c4745a4b11f412dcbf6e934baff,
2024-02-02,Payload delivery,ssdeep,384:OftrMf+F0e0H3nv2W6E45wse5QjuFwgzxdaqlU4:tIn0H3nvh6tOseQZgraqb,
2024-02-02,Other,size-in-bytes,19559,
2024-02-02,Payload delivery,mime-type,text/html,
2024-02-02,Payload delivery,md5,60b5fa253fb35502525563ebd931f30b,Malware payload
2024-02-02,Payload delivery,sha256,0325c62b2a542e8ef82effd301f0c674fe47a57a4ac8f7aa1ebaaff970362d34,Malware payload
2024-02-02,Payload delivery,tlsh,t11163f85af9819f11d4d526beff4e518d335367ace3ee71029d206b2427ca92b0b7b4,
2024-02-02,Payload delivery,ssdeep,1536:Zgn0z1sSy0smmLBCEBM7AbGw1i1pOKVlQ9l/2iNkOlll3s:ZhRy0Ng3Cw1i1pOK6VkOnl,
2024-02-02,Other,size-in-bytes,71284,
2024-02-02,Payload delivery,mime-type,application/x-executable,
2024-02-02,Payload delivery,md5,a4478323ca9282c69746cb43fb92d463,Malware payload
2024-02-02,Payload delivery,sha256,05a7120f1b6155aab1c1b5540b7cf9d81d1e58f4e66378fd249dc16921375841,Malware payload
2024-02-02,Payload delivery,tlsh,t181a1c8a731654cbcc624c7da95e23e4b57ad0073a1d4ec14a8ad4f5c95fe8f1037ea,
2024-02-02,Payload delivery,ssdeep,48:Yxg3SPhJSPdqKkY7EbnlUQl2LRifk/n0+aWblFDF4w0biYtXqlNBT2Hp9Wt0mUxm:QOqkTaGuIT49YMG1veKAb/Zd6,
2024-02-02,Other,size-in-bytes,4832,
2024-02-02,Payload delivery,mime-type,application/json,
2024-02-02,Payload delivery,md5,d1cdee2f416631adf77e72a9ea29121e,Malware payload
2024-02-02,Payload delivery,sha256,16281aed750a5e9047472b82b35a58f67c4414641081140f30521c25f4689e58,Malware payload
2024-02-02,Payload delivery,tlsh,t157133ae6b500fd7cf84fe73a85034a04b531b3a558521e33a6a3bcb79d321984d7ae,
2024-02-02,Payload delivery,ssdeep,768:AKqS6Kizq/TlytDcQIaTZvwP9zoAQko/D3r5+uk8h59p/TThDF8dQhqv7WGl:AKqShWl4QIa3yoX53k8h59dThDCdSEt,
2024-02-02,Other,size-in-bytes,45548,
2024-02-02,Payload delivery,mime-type,application/x-executable,
2024-02-02,Payload delivery,md5,ef0726cce74ce819d5b8743b9eb2baaf,Malware payload
2024-02-02,Payload delivery,sha256,4c488e832fc0151abda3a9447bcd8d0234fe6bda5e32c6c954e3edaeca6d7a15,Malware payload
2024-02-02,Payload delivery,tlsh,t162a1b5ab32550cbd86248bea94e53e4b47ad01b3a094ec18f4ad4f4c95ff8e5037a9,
2024-02-02,Payload delivery,ssdeep,48:Yxg3SPhJSPdqKkY7EbnlUQl2CRifk/n0+aW/bDF4w0biYtX8rG2xp9WoKsYUxG1o:QOtkTakuNe9yMG1vbDAeqMu,
2024-02-02,Other,size-in-bytes,4953,
2024-02-02,Payload delivery,mime-type,application/json,
2024-02-02,Payload delivery,md5,08bd70efc366d396ff75d023e50d7ba2,Malware payload
2024-02-02,Payload delivery,sha256,b601014f529dffd52f23f7e30d35601e6bec5f5b5e9ef9f4e02f57bcdf2c2622,Malware payload
2024-02-02,Payload delivery,tlsh,t13791659a27085ebdca5496e3e9843ad7876e0453b098dd2ce8fd9f08e1ff1f002759,
2024-02-02,Payload delivery,ssdeep,48:YxY6wKdlpkofn16Ru+FkDFU0NhtXeV2Qp9We6T2UHs1vibvKqRteU3wxioL7NnlA:qpkocRtG9U/9K2Ss1veiHLFlCx9x,
2024-02-02,Other,size-in-bytes,4274,
2024-02-02,Payload delivery,mime-type,application/json,
2024-02-02,Payload delivery,md5,af88905d01bdd357a929df70ef58d11c,Malware payload (RiseProStealer)
2024-02-02,Payload delivery,sha256,5968301734f4bdb9b8e9fd3409e0f2983aeeef7307d2cd6f3e2e9f56d29966cd,Malware payload (RiseProStealer)
2024-02-02,Payload delivery,tlsh,t1f345332f154a7550ea3477b1a483896136b935fada01af07370f031259e87eeaf1bc,
2024-02-02,Payload delivery,imphash,5ab723dc8d5af21b79dc301ed6a56a64,
2024-02-02,Payload delivery,ssdeep,24576:YD4WN+jEZHPXiIt9Ut3wkaqVczK3h5gwQjsiK3pP6ulrI3EMi:Y0djE0It9UtAXqVczK3hqlk3x6uxI0M,
2024-02-02,Other,size-in-bytes,1195008,
2024-02-02,Payload delivery,mime-type,application/x-dosexec,
2024-02-02,Payload delivery,md5,baf5c4f180ae8dc0b880c0bb2f9f5c49,Malware payload
2024-02-02,Payload delivery,sha256,f122c52dcd0d4906e63e3395d9487f8485b54be304447a00aa7d2c55779fc9c2,Malware payload
2024-02-02,Payload delivery,tlsh,t131a1b59b32550cbd86248be794e53e8b87ad0163a184ad18f4a94f4c85ff8f5037b9,
2024-02-02,Payload delivery,ssdeep,48:Yxg3SPhJSPdqKkY7EbnlUQl2vRifk/n0+aW/bDF4w0biYtX8rG2xp9WoKsYUxG1x:QOykTakuNe9yMG1vbDAWWk,
2024-02-02,Other,size-in-bytes,4953,
2024-02-02,Payload delivery,mime-type,application/json,
2024-02-02,Payload delivery,md5,4ec10bdf973ca1a3a499ce82f212bdda,Malware payload
2024-02-02,Payload delivery,sha256,6e4f37446dda84d193043179c1bd6851708b5b7fa35e809aa4d623dd902d3e44,Malware payload
2024-02-02,Payload delivery,tlsh,t1389174e7b1155eb8c61fc5ee56a938cf8abd005390305c5ce5ae4b0b88fe1b51363d,
2024-02-02,Payload delivery,ssdeep,96:XGR9k0yan4wgaBSQcsTN9+BMOy0G1vRctHsz9UAeGQqVXr:h0049rVGmlQI,
2024-02-02,Other,size-in-bytes,4529,
2024-02-02,Payload delivery,mime-type,application/json,
2024-02-02,Payload delivery,md5,72e4579c60a7d18ef4e9d2f7fab52d46,Malware payload
2024-02-02,Payload delivery,sha256,eba82d44d37b35dc79cb3fa3a096d3c9dc3942c71171ee669f16b74930693189,Malware payload
2024-02-02,Payload delivery,tlsh,t1f0231785bdc1aa06cad0537bfa0f82dd3b16639ce2de7203dd252f51379a52b0e6b4,
2024-02-02,Payload delivery,ssdeep,768:jycKU5zyCBGwB5PDHCaqTJ91Nu2i4XPwX0rvpRFDC5/dtp459ttU8/RtoQnVGz:j3VzB4ai1NQy4X6pPDCRp459tO8Uf,
2024-02-02,Other,size-in-bytes,46604,
2024-02-02,Payload delivery,mime-type,application/x-executable,
2024-02-02,Payload delivery,md5,7bf03579ba7369e9ecba749c9d394c1f,Malware payload
2024-02-02,Payload delivery,sha256,1a8577b7bd2477a3dc374953f3019a11f87b72ae7c80ded05b812a04eaa9056a,Malware payload
2024-02-02,Payload delivery,tlsh,t151a185eb61651cbcca15c7c290d93b9797fd011352a4ec28ac9c6b0c93ff8b143669,
2024-02-02,Payload delivery,ssdeep,48:Yxg3SPhJSPdqKkY7EbnlUQl2dhpk6nYK+z1DF4w0dM0tXnGbZ2up9WSgyUfi1vU0:QOrkBhKWbZz9BEi1vUb8pbbYzglP,
2024-02-02,Other,size-in-bytes,5023,
2024-02-02,Payload delivery,mime-type,application/json,
2024-02-02,Payload delivery,md5,33ddbeb803f40e38e4c92073f5854499,Malware payload
2024-02-02,Payload delivery,sha256,921640cfba07f41e0461d2a9bcf4a6a4a8b307dcf94780bf70dc52ec3c089d90,Malware payload
2024-02-02,Payload delivery,tlsh,t100a1b7ab35664c7cca1487ea98e13e8b57ac00b3a194ec14b9bd5f4c81fe8f143799,
2024-02-02,Payload delivery,ssdeep,48:Yxg3SPhJSPdqKkY7EbnlUQl2+Rifk/n0+aW0DF4w0biYtXnR2Hp9WO8ZUxG1v+bo:QOdkTa1uh49AMG1vSmAiu7m,
2024-02-02,Other,size-in-bytes,4856,
2024-02-02,Payload delivery,mime-type,application/json,
2024-02-02,Payload delivery,md5,ea78222e57b519e1d4374e3b26a465bf,Malware payload
2024-02-02,Payload delivery,sha256,b00c1004f5f8dd2c6d519fce8ec5bfe79cb80e16213a43041b09cfac1599b2ed,Malware payload
2024-02-02,Payload delivery,tlsh,t1c8a1865f31561cac852487eb98e13e8b97bd00b3a1c4ec18b8ed5f5896fe8f103799,
2024-02-02,Payload delivery,ssdeep,48:Yxg3SPhJSPdqKkY7EbnlUQl2KRifk/n0+aWKSPmDF4w0biYtXDSPGq2Hp9WcseNL:QONkTaUeuef49VEMG1vHRAe/Qt,
2024-02-02,Other,size-in-bytes,4932,
2024-02-02,Payload delivery,mime-type,application/json,
2024-02-02,Payload delivery,md5,aa2e43aa6a1ef59aca56c13aa45d349e,Malware payload (Stealc)
2024-02-02,Payload delivery,sha256,b54f599783346cff6069bb63c68ceaafd83a04f9f7f90151383fef9bb29f0a7d,Malware payload (Stealc)
2024-02-02,Payload delivery,tlsh,t14004cf603ae1f031d5678178a834e6a75d3bfcb5a566c1af3249367f2d712c08f953,
2024-02-02,Payload delivery,imphash,48a6489382a5f457f8f60aae79ba3194,
2024-02-02,Payload delivery,ssdeep,3072:OKxLvrfy3X4RjB3EqPLESZleJez/I0UkzjylhSk5EAx6TV45:O8LvbQK3EweQw1kzYHT,
2024-02-02,Other,size-in-bytes,188928,
2024-02-02,Payload delivery,mime-type,application/x-dosexec,
2024-02-02,Payload delivery,md5,93ac3058337fb2bda89dd04b4537866e,Malware payload (Amadey)
2024-02-02,Payload delivery,sha256,27eee1baf7aa323698254ac18eac54d6c65445212c99934a1c30e193a929ba2c,Malware payload (Amadey)
2024-02-02,Payload delivery,tlsh,t1aa0523fb882d6c41f071bcf0e62a59545fb475c63988dc92362b0a9a1d286ef5f04e,
2024-02-02,Payload delivery,imphash,7515ecf8c0dfa4d230ad835fe0acb57f,
2024-02-02,Payload delivery,ssdeep,12288:BLk59TfrpQVKH0oDOn3o7YNQr4WioPJicryGBWECT8JYG+T6BcWP9l1QjUpbH9IQ:q3Xynoqn4wQi6icoECi0eBcW99nIwmy,
2024-02-02,Other,size-in-bytes,810496,
2024-02-02,Payload delivery,mime-type,application/x-dosexec,
2024-02-02,Payload delivery,md5,74708853d2a00831a93ce33ef69d690c,Malware payload
2024-02-02,Payload delivery,sha256,cc2a6c3f4a45671f4d269bbff8d515ccff8e2a8356716d20f460fa73e5682cef,Malware payload
2024-02-02,Payload delivery,tlsh,t19991c7b7162c4cacca1487d7d5903b97567f41a7e0849e68faf88f08e0fe1f51136a,
2024-02-02,Payload delivery,ssdeep,48:Yx5AvwlYYw4KbsJkmnh+0DFU0omOtXxR23p9WtY2UKJ1vybaKqRrC3wxioic6EhE:YAvwlbkv0S7U9/2FJ1vu8iDcE,
2024-02-02,Other,size-in-bytes,4323,
2024-02-02,Payload delivery,mime-type,application/json,
2024-02-02,Payload delivery,md5,70ae24b32d774c5123fe39ccf9c1810f,Malware payload
2024-02-02,Payload delivery,sha256,bc893a4d1ef24514aed5057ad7a468c0ab2bf2c5e113c08ab09102e76ea91a4b,Malware payload
2024-02-02,Payload delivery,tlsh,t15341dc7ccf29f8e0033db0a088492e2620949e57d6f58e24d9574ee62d7c24acf2b1,
2024-02-02,Payload delivery,ssdeep,48:LGfEFWuJqs9HZNjd+SfprcKyK0hE6S1FtfsC5P3RX5ZWiaoIhSNt5:LGfEFW87jd+Sfpbaq6S1FtfsC5P39EfE,
2024-02-02,Other,size-in-bytes,2219,
2024-02-02,Payload delivery,mime-type,text/plain,
2024-02-02,Payload delivery,md5,9bec6e81c03fe0ff9b5a24d5a981b1b7,Malware payload (RiseProStealer)
2024-02-02,Payload delivery,sha256,2033ac6ee775c725e89f5bb2eca940e8f2a9e73a8d80f0fe114a48a27b0715cf,Malware payload (RiseProStealer)
2024-02-02,Payload delivery,tlsh,t1f94523be436b5b91c6f0b5f9718c45e45a22b4dd30c28f25d39f23443a502eda7cab,
2024-02-02,Payload delivery,imphash,5ab723dc8d5af21b79dc301ed6a56a64,
2024-02-02,Payload delivery,ssdeep,24576:wpyVFCgq5R2H11TDbQ4VcL2mPkY7wQ86icoEC9R+8TI+o:wUVFwwVFblVC2mPkcljoEuZ,
2024-02-02,Other,size-in-bytes,1196032,
2024-02-02,Payload delivery,mime-type,application/x-dosexec,
2024-02-02,Payload delivery,md5,975d200e9d393f51ecbf945e742560d8,Malware payload
2024-02-02,Payload delivery,sha256,cab8aede825eeacaaaccff3c56df8e8d6b3d41ae840c2ff37e5b720e25cd59c2,Malware payload
2024-02-02,Payload delivery,tlsh,t150a1879712585cbccf24c7d785da3aab47ed0017a2a8ac14eded5f0c91ff8b502669,
2024-02-02,Payload delivery,ssdeep,48:Yxg3SPhJSPdqKkY7EbnlUQl2Bhpk6nYK+zobgDF4w0dM0tXcg/i2up9WXibUfi14:QOnkBtKCz93Ei1vnfY4TpRqPNP,
2024-02-02,Other,size-in-bytes,4788,
2024-02-02,Payload delivery,mime-type,application/json,
2024-02-02,Payload delivery,md5,4e5777fa873290ac25f6120324ac41c1,Malware payload (Stealc)
2024-02-02,Payload delivery,sha256,01280ad872d9f72c7bc4a3b53e27f05220fd186d5033a2dd036f4a0fcb1b19ad,Malware payload (Stealc)
2024-02-02,Payload delivery,tlsh,t1b404cf507af1d436e6a345b49c31c5e46e3bbcb69aa9829f33493b6f3d312c09a453,
2024-02-02,Payload delivery,imphash,48a6489382a5f457f8f60aae79ba3194,
2024-02-02,Payload delivery,ssdeep,3072:G4xLvrfD8KHoe7szP3s9DdP6ez4r1Z91P3iXSI5Ccyx6TV45:GiLvbD8u4T3wDdye83Xv5cyT,
2024-02-02,Other,size-in-bytes,188928,
2024-02-02,Payload delivery,mime-type,application/x-dosexec,
2024-02-02,Payload delivery,md5,4eee38d71cb95047fae83cd62aac06fb,Malware payload (Ransomware.Stop)
2024-02-02,Payload delivery,sha256,5b87112b163a731587bfc8b4c075e3789ad69d86086e1100c6451683518b9ee0,Malware payload (Ransomware.Stop)
2024-02-02,Payload delivery,tlsh,t192e412a0bde1c071f7a78475ac3047f05a7e78cbb9a841be26983b1f2d31e715a563,
2024-02-02,Payload delivery,imphash,48a6489382a5f457f8f60aae79ba3194,
2024-02-02,Payload delivery,ssdeep,12288:CcfXEDWGkwnmIdRTZhan3fF6aNDyrRft35pHYZuivo7dK/UAgACO7yHs5LP5:TXwkwm+RTHa3fFLN0r35hauks45,
2024-02-02,Other,size-in-bytes,698880,
2024-02-02,Payload delivery,mime-type,application/x-dosexec,
2024-02-02,Payload delivery,md5,608532b247b5eb8cef3075843f230213,Malware payload (BumbleBee)
2024-02-02,Payload delivery,sha256,864f17b14bfcac490a9973126e51106559d85b11a183a6c3ecf45aebe0fd2f86,Malware payload (BumbleBee)
2024-02-02,Payload delivery,tlsh,t1b745e012e2921ff4d47691b681ab292fbb707e5c4314d36bebc0d2373d927a05b1a7,
2024-02-02,Payload delivery,imphash,47e01530ad43ec939d1c47709a80a5c6,
2024-02-02,Payload delivery,ssdeep,24576:hLSd9kmW5Z/0L2s/lOvZm/K0s56BWIVMyaaO2HrOBV8eFc2zJdhWjtQX:Kv51/lmasFxFmtW,
2024-02-02,Other,size-in-bytes,1225746,
2024-02-02,Payload delivery,mime-type,application/x-dosexec,
2024-02-02,Payload delivery,md5,9488fc91c0659db01c2265f5e21daea9,Malware payload
2024-02-02,Payload delivery,sha256,45a0e52861c46fbc7a4af918dffa413229715f851e102c7a70ef17a18e1bb35e,Malware payload
2024-02-02,Payload delivery,tlsh,t1dba1a5ab11395c7ccb14c7c685c93a8797ed0153a3a8ec08fcec6f0c92ee8b102659,
2024-02-02,Payload delivery,ssdeep,48:Yxg3SPhJSPdqKkY7EbnlUQl2Uhpk6nYK+z1DF4w0dM0tXnT2up9WSFo8ZUfi1vA4:QO2kB5KDz9vLEi1vYYYSH3jrP,
2024-02-02,Other,size-in-bytes,4874,
2024-02-02,Payload delivery,mime-type,application/json,
2024-02-02,Payload delivery,md5,e55ee4b48ff99478a1d267fae2b40ab7,Malware payload (Healer)
2024-02-02,Payload delivery,sha256,fcde09ea51b66e753b9288751f690a1a8ac68a2d3812f1295992f689ea8adce2,Malware payload (Healer)
2024-02-02,Payload delivery,tlsh,t1f0d423791f3e6d82c31ca5f9028657a09c79bedcc301a1684a9f690b1d344ef67e39,
2024-02-02,Payload delivery,imphash,436f7e4bc6bece183fb5bacd9f2ff7d3,
2024-02-02,Payload delivery,ssdeep,12288:Kc0Go7YNQ9GnBaWnBsPDqWOFQBEYMjRydmKchOgUC2A7rvbi2JRU3:D0PwQEBaWnBCqyEYMymxOWPi0R,
2024-02-02,Other,size-in-bytes,617984,
2024-02-02,Payload delivery,mime-type,application/x-dosexec,
2024-02-02,Payload delivery,md5,09f3fce091383f7e4d611cfcc4f33858,Malware payload
2024-02-02,Payload delivery,sha256,9435ac434b4f230b2c2537cd57a4ddad6254a0ce9d75e51e23d2a374752a8a80,Malware payload
2024-02-02,Payload delivery,tlsh,t12a036da2cc752e64e19d9178f6308b7d5f43e651da871fe9c012c2298843dcdfe4a6,
2024-02-02,Payload delivery,ssdeep,768:ZLWvos+nQqvl2unFZH54i8koAIvUCaxVGz:ZSvos+nfvlHn7HB8TnUCaS,
2024-02-02,Other,size-in-bytes,39740,
2024-02-02,Payload delivery,mime-type,application/x-executable,
2024-02-02,Payload delivery,md5,9c3d6fc8323d56257d5ca3f5441cfd5d,Malware payload (Amadey)
2024-02-02,Payload delivery,sha256,1a0b711358e737f3beb09dc31d8236d031996c4be79868c32f5e8765bb16d0a0,Malware payload (Amadey)
2024-02-02,Payload delivery,tlsh,t1ff74f0a0bbf0d06eda6345759432cab40d3fbc96a7a540ab36143b1b2d326c15972f,
2024-02-02,Payload delivery,imphash,48a6489382a5f457f8f60aae79ba3194,
2024-02-02,Payload delivery,ssdeep,6144:ciLQt8jhjO9tXu0xDKjzUuSagUsU45wWCkCawEaT:3Ut8jVBcDMzBRszQNX,
2024-02-02,Other,size-in-bytes,340480,
2024-02-02,Payload delivery,mime-type,application/x-dosexec,
2024-02-02,Payload delivery,md5,2d3e95cac434511072c7bd3567b54c7c,Malware payload
2024-02-02,Payload delivery,sha256,ff6edd5aef1e7cc1c762c7e92683730f9f64dace0ee4d9bada88a99ce1b6c99d,Malware payload
2024-02-02,Payload delivery,tlsh,t155a1a8eb16641cbdcb14c7c695d93a8787ed0113a298ac14fcad5f0c81ff4b603669,
2024-02-02,Payload delivery,ssdeep,48:Yxg3SPhJSPdqKkY7EbnlUQl2thpk6nYK+zebDF4w0dM0tX8r82bp9WG9sYUfi1vB:QOnkBAKpg9nEi1v1/Y+jaQP,
2024-02-02,Other,size-in-bytes,4971,
2024-02-02,Payload delivery,mime-type,application/json,
2024-02-02,Payload delivery,md5,6ac08507ad1e366650897d4d39c0dda5,Malware payload
2024-02-02,Payload delivery,sha256,f7842e5be8163ca9ecab54190b4a68fdaa091b60f2ffc1717e4037553afca55b,Malware payload
2024-02-02,Payload delivery,tlsh,t12c917426261c0cbd82394b92905c7ae76bae027390c4fd2888bd4f0ca5ff2f141769,
2024-02-02,Payload delivery,ssdeep,96:jjaekxq8pVFawTH9o2nTv71vzhHtsIZhviI+pR+:jjavguFaA9o2nbdhNsIr7ER+,
2024-02-02,Other,size-in-bytes,4215,
2024-02-02,Payload delivery,mime-type,application/json,
2024-02-02,Payload delivery,md5,da91f270df4a5f11777ff5ec94b1e683,Malware payload
2024-02-02,Payload delivery,sha256,048820544dd9d560d34f32b4ff706356b8ed28d52bea87295387a912e3f2fcb8,Malware payload
2024-02-02,Payload delivery,tlsh,t11991a7b7162c4cbc8a6487e7a5903bd7567f4167e084ad68b9bc8f0ce0fe1b101366,
2024-02-02,Payload delivery,ssdeep,96:YAvwlPkvQISnya0o9HT2FJ1vltPBixY+vnE:YAvvXo9z2FBihvE,
2024-02-02,Other,size-in-bytes,4329,
2024-02-02,Payload delivery,mime-type,application/json,
2024-02-02,Payload delivery,md5,665fd8b8878a056813cf901ff0b6de87,Malware payload (Stealc)
2024-02-02,Payload delivery,sha256,b78a251673cfc274dbcb731a68e45828bf6aad79d0b78c7596ab1c904a465edd,Malware payload (Stealc)
2024-02-02,Payload delivery,tlsh,t167962233290ba677939ccf7f748570d34c2a3f031a94adf4a9854322ad82d2c5a55f,
2024-02-02,Payload delivery,imphash,f34d5f2d4577ed6d9ceec516c1f5a744,
2024-02-02,Payload delivery,ssdeep,196608:CiK7vWjehi2DZLIW6IqDynBZwBsM+clNAWfGazKKxtxokcFX8ERrGVX:i7KehBtInGBZwB7+clnGBMERrG,
2024-02-02,Other,size-in-bytes,9474560,
2024-02-02,Payload delivery,mime-type,application/x-dosexec,
2024-02-02,Payload delivery,md5,13914abe14961d86730d4c94b09aeecf,Malware payload
2024-02-02,Payload delivery,sha256,792a878e33c5f9e6288ee26206a0ea5f7cd4377de4de47d12e7f31d8083c7a0c,Malware payload
2024-02-02,Payload delivery,tlsh,t17c9154aa26095dbcca5497e3e5903ad7877e0093a198de2cd4fd9f08e1ef1f04276a,
2024-02-02,Payload delivery,ssdeep,48:YxY6wmdlpkofn16Ru+FzvDFU0NhtXN3rm/2xp9WhHp6Y2UHs1vhmObvK3moRteUg:mpkocRtp9hEA9Sr2Ss1vhPMeHLjRBx,
2024-02-02,Other,size-in-bytes,4273,
2024-02-02,Payload delivery,mime-type,application/json,
2024-02-02,Payload delivery,md5,4045c6e27fd71b666eba7a821b643ef5,Malware payload
2024-02-02,Payload delivery,sha256,0b9fa2b92c7dde5c1dfedd65d82a0634a5635554fba2369dd165f31170fba29e,Malware payload
2024-02-02,Payload delivery,tlsh,t1e353845a6e218fedf36d873487b74e21d758338227e1c685d26ced001ea038d645fb,
2024-02-02,Payload delivery,ssdeep,1536:Ct8g0bKngROgyCbexjW9UNRKJCESmtA+1ADK+ZkWX/tG:CKSgROg3bexjW9UNRKJCESmtA+1ADKVt,
2024-02-02,Other,size-in-bytes,63852,
2024-02-02,Payload delivery,mime-type,application/x-executable,
2024-02-02,Payload delivery,md5,d1ea39c392a60170cb4d9794b7dc1ca0,Malware payload (BumbleBee)
2024-02-02,Payload delivery,sha256,6ff13ef4bedce9f5fe491cdffbdf04707177a98dfbacd4694a2dada268271bcb,Malware payload (BumbleBee)
2024-02-02,Payload delivery,tlsh,t14f45e121e6921ff4d476917680ab352bbb307e184325d36babc0d2373d927d46f1ab,
2024-02-02,Payload delivery,imphash,47e01530ad43ec939d1c47709a80a5c6,
2024-02-02,Payload delivery,ssdeep,24576:4cwlGwp7kYYN856GZBjzxq0ILBriOL3qv9qJG0uKUPWqH8gQ:4c6D485Ic9qMKU/H6,
2024-02-02,Other,size-in-bytes,1223181,
2024-02-02,Payload delivery,mime-type,application/x-dosexec,
2024-02-02,Payload delivery,md5,4358693557520212bfa065b88d984454,Malware payload
2024-02-02,Payload delivery,sha256,c97d722b50b043ccf44915cf42a31aabfa5bb6423ad92866374e9e8205e89e27,Malware payload
2024-02-02,Payload delivery,tlsh,t184a1a7ab25795cfcc724c7c695da3e4397ed001363a4ac14ecac5f0c81fe4b1426aa,
2024-02-02,Payload delivery,ssdeep,48:Yxg3SPhJSPdqKkY7EbnlUQl2Cghpk6nYK+zMlFDF4w0dM0tXqlNjT2up9WMTv0mu:QOPkB6KoTz9DEi1vgQYDZTBoH8TP,
2024-02-02,Other,size-in-bytes,4860,
2024-02-02,Payload delivery,mime-type,application/json,
2024-02-02,Payload delivery,md5,a5eeb01dcc3c47c55a36f39e0a3403b7,Malware payload
2024-02-02,Payload delivery,sha256,ed476ebb15335adaa0d4c01cb1f720a9880e7d8dc9e0a7d433761fc655b17b4f,Malware payload
2024-02-02,Payload delivery,tlsh,t139a1759b11692cbcc61487d698d93e9797ed0053a298bc18bded5f0c92fe4b103659,
2024-02-02,Payload delivery,ssdeep,48:Yxg3SPhJSPdqKkY7EbnlUQl2hhpk6nYK+z9SPmDF4w0dM0tXDSPGo2up9WvseNEY:QOrkBIeKezz9EEEi1vZhYcNhSdP,
2024-02-02,Other,size-in-bytes,4940,
2024-02-02,Payload delivery,mime-type,application/json,
2024-02-02,Payload delivery,md5,b7a93726c7354271897f353cc3b1ad78,Malware payload
2024-02-02,Payload delivery,sha256,96c081e87f98bc3689154b343f885763ba7fa1429b65d1b351e3bc2605b609e3,Malware payload
2024-02-02,Payload delivery,tlsh,t1d591752562180dbd8728869fe4443ba35bee05a391d4ec28c4be9f5ca0ff6f101769,
2024-02-02,Payload delivery,ssdeep,96:zOzO9+km7O8ZlOFKiwTH9DnT71vfihHxisoZ55gymn4+:1PHKT9TTx+RJoD5gyy3,
2024-02-02,Other,size-in-bytes,4272,
2024-02-02,Payload delivery,mime-type,application/json,
2024-02-02,Payload delivery,md5,3b39a64faa4192f9483fa53beefcdde3,Malware payload
2024-02-02,Payload delivery,sha256,d0ec44536651518d7749c489c90af967eb3d00511eec0cc8b3b6d4453f202ce9,Malware payload
2024-02-02,Payload delivery,tlsh,t111a176eb65651cbcca29c7c290d93b8797fd011352a4ec24b89c5f0c93ff87253669,
2024-02-02,Payload delivery,ssdeep,48:Yxg3SPhJSPdqKkY7EbnlUQl2Chpk6nYK+z1DF4w0dM0tXnGbZ2up9WSgyUfi1vUg:QOIkBhKWbZz9BEi1vUb8pbbYRDlWP,
2024-02-02,Other,size-in-bytes,5033,
2024-02-02,Payload delivery,mime-type,application/json,
2024-02-02,Payload delivery,md5,f2d4d9a36da6b3b42e284948efefd448,Malware payload
2024-02-02,Payload delivery,sha256,409df323a3c23806663e890475d1fa1b703f4c3fcba184f86d5da4feb0a9ed51,Malware payload
2024-02-02,Payload delivery,tlsh,t12b9195a7162c4cbcca2487d7a5543bd7567f4167e0849d28b9e88f0ce0fe1f20136a,
2024-02-02,Payload delivery,ssdeep,96:YAvwl8kvQISnya0o9HT2FJ1vltPBim9nnE:YAvSXo9z2FBim9nE,
2024-02-02,Other,size-in-bytes,4339,
2024-02-02,Payload delivery,mime-type,application/json,
2024-02-02,Payload delivery,md5,210e4f4fd73db7e8d3a826899933b8bc,Malware payload
2024-02-02,Payload delivery,sha256,3927926ae25511ba8272986436c2dff2e051eed091dc5149011cb6611a04b6a3,Malware payload
2024-02-02,Payload delivery,tlsh,t16e663326b9b509b0d690ce7fcb2310a44a63ff1d1c7ae91cbaeee5855a271fd78011,
2024-02-02,Payload delivery,imphash,884310b1928934402ea6fec1dbd3cf5e,
2024-02-02,Payload delivery,ssdeep,196608:sowNWkrH+IcxmKLAeTDVUZQWNVJHbGqZH:uNCPxmf6pU2WvJ7JH,
2024-02-02,Other,size-in-bytes,6546973,
2024-02-02,Payload delivery,mime-type,application/x-dosexec,
2024-02-02,Payload delivery,md5,aafa5cff30d00b7d690351a26b6f77be,Malware payload (Smoke Loader)
2024-02-02,Payload delivery,sha256,f478646c24c638423dc9de5887adb5cba78b419a3ecfaa13f6fd2114bf3776c0,Malware payload (Smoke Loader)
2024-02-02,Payload delivery,tlsh,t1d404cf603ae2c426f6a78570ec30d5a8e97bfc759664c15f31182a2f2db36d08f4b7,
2024-02-02,Payload delivery,imphash,48a6489382a5f457f8f60aae79ba3194,
2024-02-02,Payload delivery,ssdeep,3072:5xxLvrf7XFHtef3hYd2BXQQrbm+6pq9So5wMEx6TV45:5DLvb7XFHc3ekpQk6pqMMET,
2024-02-02,Other,size-in-bytes,188928,
2024-02-02,Payload delivery,mime-type,application/x-dosexec,
2024-02-02,Payload delivery,md5,a3488750864f395c6979fc844d07bfe3,Malware payload
2024-02-02,Payload delivery,sha256,e62f8d7b22e317e8de74fda1503ff55fa892a6a293332db235a5b5652d02bc21,Malware payload
2024-02-02,Payload delivery,tlsh,t1c391862662180cbd8728868fe0543fe35bee05a3a1c4ec28c4ae5f5da1ff6f111765,
2024-02-02,Payload delivery,ssdeep,96:zOzOV+km7O8ZlOFKiwTH9DnT71vfihHxisoZ5JO4+:9PHKT9TTx+RJoDJO3,
2024-02-02,Other,size-in-bytes,4272,
2024-02-02,Payload delivery,mime-type,application/json,
2024-02-02,Payload delivery,md5,38de6242797de30eb2ec4ca4cfc2a9db,Malware payload
2024-02-02,Payload delivery,sha256,2d70361215ab464de9214bd4a2fc4bc0789a2a2c539c9b2a37faeb87c7ab1c4b,Malware payload
2024-02-02,Payload delivery,tlsh,t19991655a26085dbdcb9496d3d5443ac7976e0453e194ed28e8fdcf08a1ff1f102b6a,
2024-02-02,Payload delivery,ssdeep,48:YxY6wHdlpkofn16Ru+FvDF4w0NhtXpk2Kp9Wo6sUHs1vFbvKzRteU3wxioorbEJY:fpkocRtxYyH97Ss1vdTHWEJI3x,
2024-02-02,Other,size-in-bytes,4403,
2024-02-02,Payload delivery,mime-type,application/json,
2024-02-02,Payload delivery,md5,eb72bfcc1ff74516c10934e8da4fbcf3,Malware payload
2024-02-02,Payload delivery,sha256,f0ff01a0c599899d01b09bdc549d967fb8583f8528ad865631323ee159d6baef,Malware payload
2024-02-02,Payload delivery,tlsh,t155a1b5ab15695c7ccb14c7c695c93a8397ed0153a3a8ec18fdec6f0c82ee8b142659,
2024-02-02,Payload delivery,ssdeep,48:Yxg3SPhJSPdqKkY7EbnlUQl2ihpk6nYK+z1DF4w0dM0tXnT2up9WSFo8ZUfi1vAz:QOEkB5KDz9vLEi1vYYYaJ73sP,
2024-02-02,Other,size-in-bytes,4874,
2024-02-02,Payload delivery,mime-type,application/json,
2024-02-02,Payload delivery,md5,91850217f97d6acefdd1737627743341,Malware payload
2024-02-02,Payload delivery,sha256,455c23f346970f8fdf5b372a3e4984a870a26f44bf79d4b0b0dc677b6d4fe5dc,Malware payload
2024-02-02,Payload delivery,tlsh,t1eea184ab35550cacc62987da94e53f8b97bc01635494ec24b49c9f58d2fe8f10376d,
2024-02-02,Payload delivery,ssdeep,48:Yxg3SPhJSPdqKkY7EbnlUQl2gRifk/n0+aWCDF4w0biYtXnQbZ2Hp9WjyUxG1vCz:QOTkTa1uAbZ49bMG1vCb8vbJAnLim,
2024-02-02,Other,size-in-bytes,5005,
2024-02-02,Payload delivery,mime-type,application/json,
2024-02-02,Payload delivery,md5,d962bb31ff884bcff2eda9d867a49e58,Malware payload
2024-02-02,Payload delivery,sha256,53a2b6c3d16cb533e28a80d7536bfbd2899068b6cd3251cdbf590c863ea7a66e,Malware payload
2024-02-02,Payload delivery,tlsh,t1b291b4b7162c4caccb2487e795903b97567f41a7e0849e68f9ec8f08e0fe1b51136a,
2024-02-02,Payload delivery,ssdeep,48:Yx5AvwlYYwpKbsJkmnh+0DFU0omOtXxR23p9WtY2UKJ1vybaKqRrC3wxioiHtjTW:YAvwlqkv0S7U9/2FJ1vu8iHtjlE,
2024-02-02,Other,size-in-bytes,4323,
2024-02-02,Payload delivery,mime-type,application/json,
2024-02-02,Payload delivery,md5,c890b9d2e707a8fc328a8a1a8862ce33,Malware payload
2024-02-02,Payload delivery,sha256,3c2592ce61a6b1198336b016ecc6c9f41a17ef4f1774f4e89c6ee4d40f511b90,Malware payload
2024-02-02,Payload delivery,tlsh,t1b6d422db3a788176ef7bc0c6c9b926959967d3bdc258f60023a858dfb18e03d50d99,
2024-02-02,Payload delivery,ssdeep,12288:zow1YO3LOuV35FdOMVQ5MOQ4rlvszO6kkKBq+QupSmNA06K3X8deUb:zFOO3CAfddVjOVT6jK8upnv3Xwz,
2024-02-02,Other,size-in-bytes,641012,
2024-02-02,Payload delivery,mime-type,application/octet-stream,
2024-02-02,Payload delivery,md5,220758b2725bb9836744e005a62b43f0,Malware payload
2024-02-02,Payload delivery,sha256,e1c3ad763dea284f6da3b0f28f9585705dce966d3ab0fbecb84095f53a0eb103,Malware payload
2024-02-02,Payload delivery,tlsh,t1c3a1645732554cbc8a2487eb94e63aaf47ad00b3a0a4dc24a9ad5f4c95ff8f10276d,
2024-02-02,Payload delivery,ssdeep,48:Yxg3SPhJSPdqKkY7EbnlUQl21pRifk/n0+aWHbgDF4w0biYtXcgFi2Hp9WoibUxZ:QOukTaRug49KMG1v5vAC8T,
2024-02-02,Other,size-in-bytes,4770,
2024-02-02,Payload delivery,mime-type,application/json,
2024-02-02,Payload delivery,md5,cd6237c289c395876bf95fbfe9f7e138,Malware payload (Socks5Systemz)
2024-02-02,Payload delivery,sha256,326e2c2d158f903eae9a7357a716ceb9b1ce7944201d8c206bc26eab35b65a5e,Malware payload (Socks5Systemz)
2024-02-02,Payload delivery,tlsh,t1c766331390b51abff005153e486db37a63973ea7f82a1d887e7e9b991d932ac500c3,
2024-02-02,Payload delivery,imphash,884310b1928934402ea6fec1dbd3cf5e,
2024-02-02,Payload delivery,ssdeep,98304:NJzZBZ+e6uqDyOGaf+VhEigsZo6mEeq2VMHo4KUaI6lbsb4TPd5:PzcViafkqM4qmR4taI6+bgH,
2024-02-02,Other,size-in-bytes,6530674,
2024-02-02,Payload delivery,mime-type,application/x-dosexec,
2024-02-02,Payload delivery,md5,4aa34f32d91a4e37eebecea9e803ac5b,Malware payload
2024-02-02,Payload delivery,sha256,ef3384f4e73b922117efe05d05f1b4f041af2dc560b524c85bffb02940540326,Malware payload
2024-02-02,Payload delivery,tlsh,t1e7a1779716585cbdcf14d7d744da3aab83ed0013a2a4ac14eded5f0c92ff8b502659,
2024-02-02,Payload delivery,ssdeep,48:Yxg3SPhJSPdqKkY7EbnlUQl2Lhpk6nYK+zobgDF4w0dM0tXcg/i2up9WXibUfi1q:QOZkBtKCz93Ei1vnfYiPzlWP,
2024-02-02,Other,size-in-bytes,4788,
2024-02-02,Payload delivery,mime-type,application/json,
2024-02-02,Payload delivery,md5,ad2899269f47c2fbc2daba74d5c52844,Malware payload
2024-02-02,Payload delivery,sha256,08c9bc085de55925fbbd364b47038b847cb27b51db7c7eab9ed4fc7609f4c051,Malware payload
2024-02-02,Payload delivery,tlsh,t1a4a1745632554dbc8b2487eb94e63eaf47ad0063a094ac24a9ed9f4c91fe8f10276d,
2024-02-02,Payload delivery,ssdeep,48:Yxg3SPhJSPdqKkY7EbnlUQl2cRifk/n0+aWHbgDF4w0biYtXcgFi2Hp9WoibUxGg:QOfkTaRug49KMG1v5vAGk3bEE,
2024-02-02,Other,size-in-bytes,4770,
2024-02-02,Payload delivery,mime-type,application/json,
2024-02-02,Payload delivery,md5,808324da9ac09498465e2fcbd0e484b8,Malware payload
2024-02-02,Payload delivery,sha256,f9d63a8deca00d31fce3db733dbcc571bcf74be3607f963706b5593efb2850b1,Malware payload
2024-02-02,Payload delivery,tlsh,t109a185ab31150cacc52987da94e13b8b87bc01a36494ec24f49c9f5cd6fe8f1437a9,
2024-02-02,Payload delivery,ssdeep,48:Yxg3SPhJSPdqKkY7EbnlUQl20Rifk/n0+aWCDF4w0biYtXnQbZ2Hp9WjyUxG1vCY:QOHkTa1uAbZ49bMG1vCb8vbJAN0,
2024-02-02,Other,size-in-bytes,5015,
2024-02-02,Payload delivery,mime-type,application/json,
2024-02-02,Payload delivery,md5,9079c7f4c439fc29be97603e3b6ae51b,Malware payload
2024-02-02,Payload delivery,sha256,e5faef08ed543207fef5a2df1ebb813e8ea3404e28495d9af92ac0deb8a7dd31,Malware payload
2024-02-02,Payload delivery,tlsh,t14391769a26095dbcca4497d3d4543ad7876e1093b198ed2cd8fd9f08e1ef1f04276a,
2024-02-02,Payload delivery,ssdeep,48:YxY6w1dlpkofn16Ru+FzvDFU0NhtXN3rm/2xp9WhHp6Y2UHs1vhmObvK3moRteUn:1pkocRtp9hEA9Sr2Ss1vhPMeHLlYttx,
2024-02-02,Other,size-in-bytes,4274,
2024-02-02,Payload delivery,mime-type,application/json,
2024-02-02,Payload delivery,md5,d5bbf5c803ff26eea08458dc708c3e48,Malware payload
2024-02-02,Payload delivery,sha256,3c76fb5a3b36766b65edbe9a00718a7945626b0dcbd3711f703d75255323e052,Malware payload
2024-02-02,Payload delivery,tlsh,t1b791427662180c7e873482d6b4557ad767be0267a0d4ec2ca8bd4f0ca7ef1f205b69,
2024-02-02,Payload delivery,ssdeep,48:YxCkt2fbZkvnY+Cs+DF4w0nltXPSjeUT2Gp9WnTUd81vdE7b/KcRezbC3wxioor4:PbZknCs+w/05TH9I681vdEHAbpZcSAO,
2024-02-02,Other,size-in-bytes,4237,
2024-02-02,Payload delivery,mime-type,application/json,
2024-02-02,Payload delivery,md5,ae6391e1570958b5666cca1b19e33a06,Malware payload
2024-02-02,Payload delivery,sha256,ae860aa722c8dab0005b3d186381086182420032310692d7225f95ec680d4e38,Malware payload
2024-02-02,Payload delivery,tlsh,t11d91322629386d7cc658c9ca98fc3d4f567e005bf1649c18a5ed8e0ae2ff1b183a61,
2024-02-02,Payload delivery,ssdeep,96:eyprkYOhDH5R0DWfrfT594ds1Y7g1vUreHTMsgiFEryhJeR:eypQThr5RIWfrt94ds1Y7FrezMsgiFE9,
2024-02-02,Other,size-in-bytes,4614,
2024-02-02,Payload delivery,mime-type,application/json,
2024-02-02,Payload delivery,md5,317e1cb22d26201fdde91d4c816abcf6,Malware payload
2024-02-02,Payload delivery,sha256,f8163e8b6e2b282531464e53310a86c87cbb8faeea956c96ceef7181fb8988cb,Malware payload
2024-02-02,Payload delivery,tlsh,t103a1a65b31551cbc851487eb98e13e8b97bd00b3a084ec18b4ed5f5892ff4e1037a9,
2024-02-02,Payload delivery,ssdeep,48:Yxg3SPhJSPdqKkY7EbnlUQl2uRifk/n0+aWKSPmDF4w0biYtXDSPGq2Hp9WcseNG:QOlkTaUeuef49VEMG1vHRAj82kt,
2024-02-02,Other,size-in-bytes,4922,
2024-02-02,Payload delivery,mime-type,application/json,
2024-02-02,Payload delivery,md5,ae69a47ca086e1f87e66fa926bb6f22c,Malware payload (Amadey)
2024-02-02,Payload delivery,sha256,f164cc78d123dd5a2d77639d83b439a833870a965d3b25da0ccffb035e9050c0,Malware payload (Amadey)
2024-02-02,Payload delivery,tlsh,t17e05235a072b8090eb38e6b5218522b4fbfc797456098216348f575fafa05cfef247,
2024-02-02,Payload delivery,imphash,7515ecf8c0dfa4d230ad835fe0acb57f,
2024-02-02,Payload delivery,ssdeep,24576:rtOz77nXwQ+siK3O7kwjPQbmNrUtqm/4/NI:rwz3nXlL3Gkw7QSgoNu,
2024-02-02,Other,size-in-bytes,811520,
2024-02-02,Payload delivery,mime-type,application/x-dosexec,
2024-02-02,Payload delivery,md5,22563bcc6ac314ec061b898982f1788a,Malware payload
2024-02-02,Payload delivery,sha256,34e8d261af0c7f461e68753b74cbd770bf65f178c0a063104c537b880bf7dd02,Malware payload
2024-02-02,Payload delivery,tlsh,t1d7a196ab31654cbcc624c7eb94e23e4753ad00b3a194ed14a8ac5f5c90ee8f1437aa,
2024-02-02,Payload delivery,ssdeep,48:Yxg3SPhJSPdqKkY7EbnlUQl2BqRifk/n0+aWblFDF4w0biYtXqlNBT2Hp9Wt0mU4:QO3/kTaGuIT49YMG1veKAh1bK,
2024-02-02,Other,size-in-bytes,4831,
2024-02-02,Payload delivery,mime-type,application/json,
2024-02-02,Payload delivery,md5,9ae1c459fea2e9d0fbdc3cf85a9d4cbb,Malware payload
2024-02-02,Payload delivery,sha256,8c92d64dfc34813e4fc2a3c7785951878926b2417f7cef50f1d96c0bd15b9850,Malware payload
2024-02-02,Payload delivery,tlsh,t1e3a196ab31150cbcc62987da94e53b8b87bc01635494dc24b49c9f5c96fe8f1437a9,
2024-02-02,Payload delivery,ssdeep,48:Yxg3SPhJSPdqKkY7EbnlUQl2jRifk/n0+aWCDF4w0biYtXnQbZ2Hp9WjyUxG1vC7:QOGkTa1uAbZ49bMG1vCb8vbJAwKJ,
2024-02-02,Other,size-in-bytes,5005,
2024-02-02,Payload delivery,mime-type,application/json,
2024-02-02,Payload delivery,md5,5f6ba9dba4e62a4ea8a363b14af34a79,Malware payload
2024-02-02,Payload delivery,sha256,b9af646ee5dd8d76d5e66a6ebcdb9a6461ed35521ce7edf0c1c2bc147a9732ea,Malware payload
2024-02-02,Payload delivery,tlsh,t152a1989b25695cbccb24c7c655c63e8757ed0053a2a4ad14ecad5f0c91fe8b10269a,
2024-02-02,Payload delivery,ssdeep,48:Yxg3SPhJSPdqKkY7EbnlUQl2Mhpk6nYK+zMlFDF4w0dM0tXqlNjT2up9WMTv0mUv:QOCkB6KoTz9DEi1vgQYYuE49P,
2024-02-02,Other,size-in-bytes,4850,
2024-02-02,Payload delivery,mime-type,application/json,
2024-02-02,Payload delivery,md5,ba080945eda62ffceb7eee99a3584718,Malware payload
2024-02-02,Payload delivery,sha256,c67996bfaefa4b14aaccba6305895b4d4628778f2e5905f01133f59929e81b43,Malware payload
2024-02-02,Payload delivery,tlsh,t15ca1965732554cbc8b2487eb94e63eaf47ad00b7a0949c24a9ed5f4c91ff8f10276d,
2024-02-02,Payload delivery,ssdeep,48:Yxg3SPhJSPdqKkY7EbnlUQl2PJRifk/n0+aWHbgDF4w0biYtXcgFi2Hp9WoibUxK:QOEkTaRug49KMG1v5vAHFja,
2024-02-02,Other,size-in-bytes,4770,
2024-02-02,Payload delivery,mime-type,application/json,
2024-02-02,Payload delivery,md5,a2539432f41440ed3fcaca9d4883210d,Malware payload
2024-02-02,Payload delivery,sha256,c580d8271737afe37ae6e6deb0c103b9bc0f995a54d25fe4e9edefa382e31c62,Malware payload
2024-02-02,Payload delivery,tlsh,t1aea1a5ab32550cbd86248be694e53e4b87ad0163a094ec18f4ad4f4c85ff8f5037a9,
2024-02-02,Payload delivery,ssdeep,48:Yxg3SPhJSPdqKkY7EbnlUQl2lRifk/n0+aW/bDF4w0biYtX8rG2xp9WoKsYUxG1a:QOwkTakuNe9yMG1vbDATGw,
2024-02-02,Other,size-in-bytes,4953,
2024-02-02,Payload delivery,mime-type,application/json,
2024-02-02,Payload delivery,md5,35d6afec32321550724f59e11175f834,Malware payload
2024-02-02,Payload delivery,sha256,6effab29b643bb87ff2bacbba0ed2311f66e8b38c5cdc1483cb8911b49550acc,Malware payload
2024-02-02,Payload delivery,tlsh,t1c8a1779712585dbccb14d7d744da3aab87ed005392a4ac14eded5f0c91ff8b10266d,
2024-02-02,Payload delivery,ssdeep,48:Yxg3SPhJSPdqKkY7EbnlUQl21Khpk6nYK+zobgDF4w0dM0tXcg/i2up9WXibUfiD:QOikBtKCz93Ei1vnfY84UP,
2024-02-02,Other,size-in-bytes,4788,
2024-02-02,Payload delivery,mime-type,application/json,
2024-02-02,Payload delivery,md5,81c92f1a5e72c599fd03416ab6bc301e,Malware payload
2024-02-02,Payload delivery,sha256,962cc1fd8916aa6cacc4322d3b5b7fdb6278c9d9e3cb42d6af85da4e89f5025c,Malware payload
2024-02-02,Payload delivery,tlsh,t1aaa1969f31151cac851447ea98e13e9b87bd00a3a184ec18f4ed5f5ca6ff8f1437a9,
2024-02-02,Payload delivery,ssdeep,48:Yxg3SPhJSPdqKkY7EbnlUQl21dRifk/n0+aWKSPmDF4w0biYtXDSPGq2Hp9Wcse+:QOKkTaUeuef49VEMG1vHRAO+idOnYt,
2024-02-02,Other,size-in-bytes,4922,
2024-02-02,Payload delivery,mime-type,application/json,
2024-02-02,Payload delivery,md5,b4930b6812547662e73bf78c62240f47,Malware payload
2024-02-02,Payload delivery,sha256,22ce898b766023bf16c7e8631a3ebd3d6ccde7eadb5549b9620cf32c73544211,Malware payload
2024-02-02,Payload delivery,tlsh,t179916526261c0cbd87394b92a05c7ad76bae027790c4fd2898bd4f0cb5ff2b141b69,
2024-02-02,Payload delivery,ssdeep,96:jjAekxq8pVFawTH9o2nTv71vzhHtsIZhzXZR+:jjAvguFaA9o2nbdhNsIrTZR+,
2024-02-02,Other,size-in-bytes,4215,
2024-02-02,Payload delivery,mime-type,application/json,
2024-02-02,Payload delivery,md5,74ee04fff4eab1d931dc1daceabfaa15,Malware payload
2024-02-02,Payload delivery,sha256,bc802ce33520dfb67e239c07d0d89ee520c4be89e9064aa987234f7ec0d7be95,Malware payload
2024-02-02,Payload delivery,tlsh,t1a3928f35a8a1641b403bd8f9356fa28df82194078c4749a4b11f412dcbf6e934baff,
2024-02-02,Payload delivery,ssdeep,384:OftrMf+F0e0H3nJ2W6E45wse5QjuFwgzxdaqlU4:tIn0H3nJh6tOseQZgraqb,
2024-02-02,Other,size-in-bytes,19559,
2024-02-02,Payload delivery,mime-type,text/html,
2024-02-02,Payload delivery,md5,04452c0fbb52cae75cefd1c79c851aa8,Malware payload
2024-02-02,Payload delivery,sha256,da4485a3e0bf70c5b0659090c3139efb9efea4a0efb34f7a6cb88f16cdf469ef,Malware payload
2024-02-02,Payload delivery,tlsh,t12d9175e7b1155eb8c51fc5ee56a939cecabd001390705c1ce5aa4b4b88fe1b51327d,
2024-02-02,Payload delivery,ssdeep,96:XGZ9k0yan4wgaBSQcsTN9+BMOy0G1vRctHsz9UAeGqCoVXr:R0049rVGmlqCS,
2024-02-02,Other,size-in-bytes,4539,
2024-02-02,Payload delivery,mime-type,application/json,
2024-02-02,Payload delivery,md5,8b7f872dab2e433ec7bd0920a64eb34d,Malware payload
2024-02-02,Payload delivery,sha256,51660e8f1079e7953c424148452f8be19880f9bff1ae658c8398c90f973edee8,Malware payload
2024-02-02,Payload delivery,tlsh,t10d9174aa27085dbdca5496e3d5403ad7876e0093b194ed2ce8f89f08e1ef1f0027a9,
2024-02-02,Payload delivery,ssdeep,48:YxY6w8dlpkofn16Ru+FkDFU0NhtXeV2Qp9We6T2UHs1vibvKqRteU3wxioLoUOgl:EpkocRtG9U/9K2Ss1veiHLrO2x,
2024-02-02,Other,size-in-bytes,4274,
2024-02-02,Payload delivery,mime-type,application/json,
2024-02-02,Payload delivery,md5,6fa38533ee070ca6d2e97b1fd2e1c9f6,Malware payload
2024-02-02,Payload delivery,sha256,532623e48fc494015a52774c0ff771bea57a84e5b72c3f9143c29d24adef1878,Malware payload
2024-02-02,Payload delivery,tlsh,t17091b6b7162c4c6cca1487d795a03b8756bf4167e084ae68f9fc8f0ce0fe1b51136a,
2024-02-02,Payload delivery,ssdeep,48:Yx5AvwlYYw0KbsJkmnh+0DFU0omOtXxR23p9WtY2UKJ1vybaKqRrC3wxioipDjE:YAvwlrkv0S7U9/2FJ1vu8ixjE,
2024-02-02,Other,size-in-bytes,4323,
2024-02-02,Payload delivery,mime-type,application/json,
2024-02-02,Payload delivery,md5,b028e2a1b36e7f7ec40d98e7e974feff,Malware payload
2024-02-02,Payload delivery,sha256,1dd3553151acd29c4111b42b996cced071fcb765b8e686f06a35f597362cbba5,Malware payload
2024-02-02,Payload delivery,tlsh,t12591521629385c7ccb5885ca94fc3d8f567e005bf2649c14a6dd8e0ae2ff1f243a65,
2024-02-02,Payload delivery,ssdeep,96:eyNrkYOhDH5R0DWfrfT594ds1Y7g1vUreHTMsgiFE5Cz/+JeR:eyNQThr5RIWfrt94ds1Y7FrezMsgiFE8,
2024-02-02,Other,size-in-bytes,4614,
2024-02-02,Payload delivery,mime-type,application/json,
2024-02-02,Payload delivery,md5,224464390dd5ca356754820afa688e2c,Malware payload (RiseProStealer)
2024-02-02,Payload delivery,sha256,f109d4c635a1bed626f8926e2ae69f072c0c325759e400b1f05f5cf413a29564,Malware payload (RiseProStealer)
2024-02-02,Payload delivery,tlsh,t1dc45337e110ae100d69005b1270f4278ad6f7f299b81a69b364f47d19e6c2ecb747f,
2024-02-02,Payload delivery,imphash,5ab723dc8d5af21b79dc301ed6a56a64,
2024-02-02,Payload delivery,ssdeep,24576:CzMq7OfxJE+UOQMHIDHYwQHRHW/nSgCHL4cZv1d:CzM3rUOfID4lHR2/SgGL4cZv1,
2024-02-02,Other,size-in-bytes,1195008,
2024-02-02,Payload delivery,mime-type,application/x-dosexec,
2024-02-02,Payload delivery,md5,742437fa82557b8a581b96385f1b944c,Malware payload
2024-02-02,Payload delivery,sha256,1bb56ae78c808aa59d4b13c91d518142d081078dfe06aaa3b8f881a4c238de4a,Malware payload
2024-02-02,Payload delivery,tlsh,t1cca196ab15681cbcc71487c355d93a8787ed0113a298ad18fced5f0c82ff8b60366a,
2024-02-02,Payload delivery,ssdeep,48:Yxg3SPhJSPdqKkY7EbnlUQl2Ghpk6nYK+zebDF4w0dM0tX8r82bp9WG9sYUfi1vH:QOgkBAKpg9nEi1v1/YbILP,
2024-02-02,Other,size-in-bytes,4971,
2024-02-02,Payload delivery,mime-type,application/json,
2024-02-02,Payload delivery,md5,ae0129bd2983086d882d5fa73a6da975,Malware payload
2024-02-02,Payload delivery,sha256,59f4806f49f1f34e76e032aba14305fab6cc6595ef3c6ea49710e03ebafdb59d,Malware payload
2024-02-02,Payload delivery,tlsh,t1a4a175af21692cbc871487d289d93e8797ed0053a298ac18fced5f0c92ff4b103659,
2024-02-02,Payload delivery,ssdeep,48:Yxg3SPhJSPdqKkY7EbnlUQl2CXhpk6nYK+z9SPmDF4w0dM0tXDSPGo2up9WvseN6:QOkkBIeKezz9EEEi1vZhYkJODM8udP,
2024-02-02,Other,size-in-bytes,4940,
2024-02-02,Payload delivery,mime-type,application/json,
2024-02-02,Payload delivery,md5,a1360946d29fe7c241b8ef5ca10701b6,Malware payload
2024-02-02,Payload delivery,sha256,f64cb9ec6fb270e2983d685092ed74d9451edcd7ba2c409400b549802502d477,Malware payload
2024-02-02,Payload delivery,tlsh,t1c691627222180c7dc63482c7b4597ad367be0267a1d4ec28a8fd4f4ca6ef1f205b59,
2024-02-02,Payload delivery,ssdeep,96:XbZknCs+w/05TH9I681vdEHAbpZcpddWpO:Xb21R0B9I6KEgbp+pWpO,
2024-02-02,Other,size-in-bytes,4238,
2024-02-02,Payload delivery,mime-type,application/json,
2024-02-02,Payload delivery,md5,97438ccffe96f3b250a52571cac09f8e,Malware payload (BumbleBee)
2024-02-02,Payload delivery,sha256,17f74f3abd3ab22c847ac95d72b9c8d97ad0eb779ee184c46767c392b97211a6,Malware payload (BumbleBee)
2024-02-02,Payload delivery,tlsh,t15b45e011e2921fe8d477917681ab252fbb347e584311c377ebc0d2373d927a46b1ab,
2024-02-02,Payload delivery,imphash,47e01530ad43ec939d1c47709a80a5c6,
2024-02-02,Payload delivery,ssdeep,24576:TOlLPS/snbefBkOWG18PI3NuAb669Neky+pHb52mkTm3y2djZbx1xAXO:qt1p0GcppvQgy2dtJh,
2024-02-02,Other,size-in-bytes,1223182,
2024-02-02,Payload delivery,mime-type,application/x-dosexec,
2024-02-02,Payload delivery,md5,3c8fc1f58d8a12b196de103824281272,Malware payload
2024-02-02,Payload delivery,sha256,3e86b8b5f31a6a06f0e5f8b1682ecdc4e515aa35fb5ea20cb99bc565afca5e62,Malware payload
2024-02-02,Payload delivery,tlsh,t1a3a184eb61241cbcca1883c294d53b8787fc015352a4ec28ac9c6b0c92ff97153669,
2024-02-02,Payload delivery,ssdeep,48:Yxg3SPhJSPdqKkY7EbnlUQl2nhpk6nYK+z1DF4w0dM0tXnGbZ2up9WSgyUfi1vUQ:QOpkBhKWbZz9BEi1vUb8pbbYyGYHJP,
2024-02-02,Other,size-in-bytes,5023,
2024-02-02,Payload delivery,mime-type,application/json,
2024-02-02,Payload delivery,md5,ffaeb53de0105bb9dd9cdcd7e69e1d2f,Malware payload
2024-02-02,Payload delivery,sha256,c99d6114335a0d9ff9c9ac2dfe3917986646e6c3a8b7d9413c8340db6ffbfb2c,Malware payload
2024-02-02,Payload delivery,tlsh,t11941dd7dcf29f8e0037db0a088492e2620949e57d6f58e24d9574eea2d7c34acf1b1,
2024-02-02,Payload delivery,ssdeep,48:LGfEFWuJqs9HZNjd+SfprcKyK0hE6S1FtfsC5P3RX5ZWiaoIhSNt1:LGfEFW87jd+Sfpbaq6S1FtfsC5P39EfE,
2024-02-02,Other,size-in-bytes,2219,
2024-02-02,Payload delivery,mime-type,text/plain,
2024-02-02,Payload delivery,md5,09e953816a1753af9f0d57e37a701916,Malware payload
2024-02-02,Payload delivery,sha256,99555c6c8b030f8b6299eb4bba05c4132ed5c742cdff267b33850cd94a04d6fa,Malware payload
2024-02-02,Payload delivery,tlsh,t194a1b66b32654cbcc624c7da95e23e8b57ad0073a494ed14a8ec5f5c85fe8f1037ea,
2024-02-02,Payload delivery,ssdeep,48:Yxg3SPhJSPdqKkY7EbnlUQl2mRifk/n0+aWblFDF4w0biYtXqlNBT2Hp9Wt0mUxN:QO9kTaGuIT49YMG1veKAnFr,
2024-02-02,Other,size-in-bytes,4832,
2024-02-02,Payload delivery,mime-type,application/json,
2024-02-02,Payload delivery,md5,2d73d623e8c9e4b254004fcc8b65751a,Malware payload (Healer)
2024-02-02,Payload delivery,sha256,8aa8682931f30811c0a056136260c1930a35a82c12dc2efcc0e3ef021208cf69,Malware payload (Healer)
2024-02-02,Payload delivery,tlsh,t12ed423fd10eb9a90c21017f174c783e61978b8d753852a2a843f1b568ab65df1783e,
2024-02-02,Payload delivery,imphash,436f7e4bc6bece183fb5bacd9f2ff7d3,
2024-02-02,Payload delivery,ssdeep,12288:4xo7YNQcBeW8/LViyIakQz15bbPT6zyU14hJb0lvIf2TdjtNk3kVjO:4KwQ1iyIakEL76OUSAz3O4,
2024-02-02,Other,size-in-bytes,617984,
2024-02-02,Payload delivery,mime-type,application/x-dosexec,
2024-02-02,Payload delivery,md5,933d13061578e78314f1210cbe47b0f6,Malware payload
2024-02-02,Payload delivery,sha256,b8412886cfc10c86e6dcc4cff70639371ab83135d52813a6c33603734549897e,Malware payload
2024-02-02,Payload delivery,tlsh,t120b533f560b34846f507633d368f9e95279bee53c6d6a6702142f280cf7eab1a911c,
2024-02-02,Payload delivery,imphash,baa93d47220682c04d92f7797d9224ce,
2024-02-02,Payload delivery,ssdeep,49152:LPa1KSRkWC58LUvMCCEQxpFco05mC1HDUzceA8W:LPeNFyMCCEQxcd5mkHwIeFW,
2024-02-02,Other,size-in-bytes,2343424,
2024-02-02,Payload delivery,mime-type,application/x-dosexec,
2024-02-02,Payload delivery,md5,82175611659b661e2667ac6974b62e22,Malware payload
2024-02-02,Payload delivery,sha256,7ae3cfd65b7f69901461d7c8b883fb4ef8a37358f32ce7317504eddd1245ea37,Malware payload
2024-02-02,Payload delivery,tlsh,t1b6a1a5eb15695cbccb14c7c699c93a8797ed015363a4ac18fded6f0c82ef4b102659,
2024-02-02,Payload delivery,ssdeep,48:Yxg3SPhJSPdqKkY7EbnlUQl23hpk6nYK+z1DF4w0dM0tXnT2up9WSFo8ZUfi1vAg:QOhkB5KDz9vLEi1vYYYJ+P,
2024-02-02,Other,size-in-bytes,4884,
2024-02-02,Payload delivery,mime-type,application/json,
2024-02-02,Payload delivery,md5,40d2aaf1a68f94c11e883c3e2492b0c1,Malware payload
2024-02-02,Payload delivery,sha256,df6edf3bb5e81cdb4ec0ca5dfa7b28029bfbe03d5abce4861b3c48d02b5bcd0f,Malware payload
2024-02-02,Payload delivery,tlsh,t12c82c092f028e8855576936f30ea28e21922f7487c25cc61323dde74afeee5655b29,
2024-02-02,Payload delivery,ssdeep,384:B1gOG0H7XB50nC2/wzRvdEgrbH30oRv5Xj4558titwy:B1dG0TkD/wzRvZr7EoDTpti9,
2024-02-02,Other,size-in-bytes,17664,
2024-02-02,Payload delivery,mime-type,application/octet-stream,
2024-02-02,Payload delivery,md5,a9ee13fda27a7041dfdfc827bc6c273a,Malware payload
2024-02-02,Payload delivery,sha256,bc4c7d68c7336c9c0cb7cc647e46664953ccf1306c3a2ab6f8f99432e5b1f71c,Malware payload
2024-02-02,Payload delivery,tlsh,t13d9155aa26095dbcc65496d3e4403ad7876e1093f098dd2cd4fd9f08e1ef1f04276a,
2024-02-02,Payload delivery,ssdeep,48:YxY6wpdlpkofn16Ru+FzvDFU0NhtXN3rm/2xp9WhHp6Y2UHs1vhmObvK3moRteUZ:ppkocRtp9hEA9Sr2Ss1vhPMeHLOxDx,
2024-02-02,Other,size-in-bytes,4274,
2024-02-02,Payload delivery,mime-type,application/json,
2024-02-02,Payload delivery,md5,6ae32737aa592c4038756e2a613d83f0,Malware payload
2024-02-02,Payload delivery,sha256,d3a633ccd2b99b1ee851aafb51d9ebd4b199e8bd1ad34f245ca283eb45d10d05,Malware payload
2024-02-02,Payload delivery,tlsh,t13291763661181cbe8728868be4443bf35bee05a351d4ac28d4be5f5ca1ff6f101b69,
2024-02-02,Payload delivery,ssdeep,96:zOzOCy+km7O8ZlOFKiwTH9DnT71vfihHxisoZ5VX4+:FPHKT9TTx+RJoDVX3,
2024-02-02,Other,size-in-bytes,4262,
2024-02-02,Payload delivery,mime-type,application/json,
2024-02-02,Payload delivery,md5,6e8cc6182b7f468916ddc4361367e478,Malware payload
2024-02-02,Payload delivery,sha256,95685453cee97d68dbb87c927d8cee16f6908e1fe07fdd6d70071065ba8d7572,Malware payload
2024-02-02,Payload delivery,tlsh,t1b2159e0273d1c062ffab92334b5af6515bbc69260123e61f13a81d79be701b1563e7,
2024-02-02,Payload delivery,imphash,948cc502fe9226992dce9417f952fce3,
2024-02-02,Payload delivery,ssdeep,12288:/qDEvFo+yo4DdbbMWu/jrQu4M9lBAlKhQcDGB3cuBNGE6iOrpfe4JdaDga5T5:/qDEvCTbMWu7rQYlBQcBiT6rprG8a95,
2024-02-02,Other,size-in-bytes,918016,
2024-02-02,Payload delivery,mime-type,application/x-dosexec,
2024-02-02,Payload delivery,md5,f63ed7d43d1894e1eff02165fdbd9f13,Malware payload (RiseProStealer)
2024-02-02,Payload delivery,sha256,f62f95555de98026f35824f4fad509a6e918cfa30bd2549b91c95465e87511ca,Malware payload (RiseProStealer)
2024-02-02,Payload delivery,tlsh,t17d4533e18328ca98d2006af60d817aa9ef2dba6857416e151f1fdbe31c7138d67077,
2024-02-02,Payload delivery,imphash,5ab723dc8d5af21b79dc301ed6a56a64,
2024-02-02,Payload delivery,ssdeep,24576:M1QK7NZdz003jfAvkLnwwQLRHW/nSO2sWtHQnQ3v0l:S00VwlLR2/SO1WtwQc,
2024-02-02,Other,size-in-bytes,1195008,
2024-02-02,Payload delivery,mime-type,application/x-dosexec,
2024-02-02,Payload delivery,md5,dcb2e83a108d02d318ac8e44ac3032cd,Malware payload
2024-02-02,Payload delivery,sha256,08f92997ed498a883608bbff5f2cd1120b3d8b3aafef64ed74f6f43c0112c855,Malware payload
2024-02-02,Payload delivery,tlsh,t1afa1b8ab32654c7cca2487da98e13e8b576d00b39194ec18b9ed5f4c81fe4f1037a9,
2024-02-02,Payload delivery,ssdeep,48:Yxg3SPhJSPdqKkY7EbnlUQl2MqRifk/n0+aW0DF4w0biYtXnR2Hp9WO8ZUxG1v+v:QOWkTa1uh49AMG1vSmAc5I,
2024-02-02,Other,size-in-bytes,4856,
2024-02-02,Payload delivery,mime-type,application/json,
2024-02-02,Payload delivery,md5,95726091a08c94db2d24092acd190b96,Malware payload
2024-02-02,Payload delivery,sha256,1bef7fb31ea093cb7980ecc7254b0e768147990eb80916e5e578f776a95714fc,Malware payload
2024-02-02,Payload delivery,tlsh,t13c9196b7162c4cbc8a2487d7e9943b97567f4167e084ad68b9b88f0ce0fe1f50136b,
2024-02-02,Payload delivery,ssdeep,96:YAvwlBkvQISnya0o9HT2FJ1vltPBipoEBnE:YAvhXo9z2FBipLE,
2024-02-02,Other,size-in-bytes,4329,
2024-02-02,Payload delivery,mime-type,application/json,
2024-02-02,Payload delivery,md5,e940747ccabef3971850010140041318,Malware payload
2024-02-02,Payload delivery,sha256,c18047f66fcf60bfc71b3ca4c4ef2823036c86336f98a5fc76a48c8d6ac8d5b5,Malware payload
2024-02-02,Payload delivery,tlsh,t159b533e7c777ce68e90be37082a659041f1bae8b5605209a246bf31e8b7dd715033f,
2024-02-02,Payload delivery,imphash,baa93d47220682c04d92f7797d9224ce,
2024-02-02,Payload delivery,ssdeep,49152:2wMQ+Gc6nvsbUb2qcuD0fjcNSNehhZM8j3goYSLOHhhwk9eg5b:2wMdGc6vsYBcuD0biS2Z+1SUhhnU,
2024-02-02,Other,size-in-bytes,2310656,
2024-02-02,Payload delivery,mime-type,application/x-dosexec,
2024-02-02,Payload delivery,md5,eee009a980d4bd0c03b379912052eed9,Malware payload
2024-02-02,Payload delivery,sha256,becd7a3ecc2488766414f1e740dbf4729d0c3f6e12b5daeac42ac9a139555d9c,Malware payload
2024-02-02,Payload delivery,tlsh,t16a91646a26085dbdca9496d3d9843ac7976e0053f094de3cd4bd8f08e1ff1f10276a,
2024-02-02,Payload delivery,ssdeep,48:YxY6wV/Gdlpkofn16Ru+FvDF4w0NhtXpk2Kp9Wo6sUHs1vFbvKzRteU3wxioorbr:RWpkocRtxYyH97Ss1vdTHW0aXx,
2024-02-02,Other,size-in-bytes,4403,
2024-02-02,Payload delivery,mime-type,application/json,
2024-02-02,Payload delivery,md5,13344ea1a87a3818e616ae50806ce1a4,Malware payload
2024-02-02,Payload delivery,sha256,704486f975550343f0594125fdd819278939e4ca34e7150f03e4c8016ad6d968,Malware payload
2024-02-02,Payload delivery,tlsh,t176918666251c0cbdc7358b93905c7ad76bad026390d4fd2888bd8f4ca5ff2b141769,
2024-02-02,Payload delivery,ssdeep,96:jjJekxq8pVFawTH9o2nTv71vzhHtsIZh0qeFR+:jjJvguFaA9o2nbdhNsIr0qeFR+,
2024-02-02,Other,size-in-bytes,4215,
2024-02-02,Payload delivery,mime-type,application/json,
2024-02-02,Payload delivery,md5,9983cef84d532043820b1643e9a5a883,Malware payload
2024-02-02,Payload delivery,sha256,7527b182e913b46a9491806747a768928c9b211d8a6243d7b4bad3e566502bee,Malware payload
2024-02-02,Payload delivery,tlsh,t13391866661181cbd8728868fe4547bb35bee059391d4ac28c4be9f5cb0ff6f101b25,
2024-02-02,Payload delivery,ssdeep,96:zOzOf+km7O8ZlOFKiwTH9DnT71vfihHxisoZ5ZI4+:3PHKT9TTx+RJoDZI3,
2024-02-02,Other,size-in-bytes,4262,
2024-02-02,Payload delivery,mime-type,application/json,
2024-02-02,Payload delivery,md5,cc04d4c7e0ca24b7bee2c73db9e5b97d,Malware payload
2024-02-02,Payload delivery,sha256,6d08b9940fc150d4decbcb693791ca5d375e37c6e9f1e7536846d5e67aa88148,Malware payload
2024-02-02,Payload delivery,tlsh,t1ec91417162180cbe873882c6b4557ad367be0267a0d4ec28a8ed4f1ce6ef1f205b59,
2024-02-02,Payload delivery,ssdeep,96:abZknCs+w/05TH9I681vdEHAbpZcvYxEtO:ab21R0B9I6KEgbp+wxaO,
2024-02-02,Other,size-in-bytes,4238,
2024-02-02,Payload delivery,mime-type,application/json,
2024-02-02,Payload delivery,md5,15bb2cda8340de63e237d9d4abac7c03,Malware payload
2024-02-02,Payload delivery,sha256,3db5819f1583dbdeb8a5cd262199ca8c92cad2a36ce0ef9691e730dd1a1f6b66,Malware payload
2024-02-02,Payload delivery,tlsh,t1619185e7b1155eb8c51fc5ee569939cecabd005390306c5ce59a4b0b88fe1b51363d,
2024-02-02,Payload delivery,ssdeep,96:XGE9k0yan4wgaBSQcsTN9+BMOy0G1vRctHsz9UAeGfnQVXr:o0049rVGmlv6,
2024-02-02,Other,size-in-bytes,4539,
2024-02-02,Payload delivery,mime-type,application/json,
2024-02-02,Payload delivery,md5,dabc935e20f0acb6fca66dd5e4fc5713,Malware payload
2024-02-02,Payload delivery,sha256,d6abc9f4e9c8de527efb7ae0a075b14174a874b19bf3b6aa378ef82e5859b06e,Malware payload
2024-02-02,Payload delivery,tlsh,t1d09195b715194cbcca2487d3a5943bd7567f4167e0c4ad58b9b88f08e0fe1f60136a,
2024-02-02,Payload delivery,ssdeep,96:YAvwlXkvQISnya0o9HT2FJ1vltPBi9CldnE:YAvTXo9z2FBi9CDE,
2024-02-02,Other,size-in-bytes,4339,
2024-02-02,Payload delivery,mime-type,application/json,
2024-02-02,Payload delivery,md5,88cb8631cc224958fac27cfe26fd12de,Malware payload
2024-02-02,Payload delivery,sha256,4bd52cfb30f24553cfcbb139426056f6a5a3f4ce271542f9895592244e14c8c7,Malware payload
2024-02-02,Payload delivery,tlsh,t1f6159e0273d1c062ffab92334b5af6515bbc69260123e61f13981db9be701b1563e7,
2024-02-02,Payload delivery,imphash,948cc502fe9226992dce9417f952fce3,
2024-02-02,Payload delivery,ssdeep,12288:9qDEvFo+yo4DdbbMWu/jrQu4M9lBAlKhQcDGB3cuBNGE6iOrpfe4JdaDgaJTE:9qDEvCTbMWu7rQYlBQcBiT6rprG8aNE,
2024-02-02,Other,size-in-bytes,917504,
2024-02-02,Payload delivery,mime-type,application/x-dosexec,
2024-02-02,Payload delivery,md5,2c8f16cb6c53ff1a97cc84394a97bb87,Malware payload
2024-02-02,Payload delivery,sha256,e213581f39d6a8ab64ac5b33a14190dc466456e3f8b4ee18427ab275b59fafef,Malware payload
2024-02-02,Payload delivery,tlsh,t182a184ab31550cbcc62983ea94e13bcb97bc01639494ec24a49c5f5cd6fe8f1037ad,
2024-02-02,Payload delivery,ssdeep,48:Yxg3SPhJSPdqKkY7EbnlUQl2yRifk/n0+aWCDF4w0biYtXnQbZ2Hp9WjyUxG1vC9:QOBkTa1uAbZ49bMG1vCb8vbJAR/sK,
2024-02-02,Other,size-in-bytes,5005,
2024-02-02,Payload delivery,mime-type,application/json,
2024-02-02,Payload delivery,md5,0903b81b53699830a801c9a6469f0737,Malware payload
2024-02-02,Payload delivery,sha256,a2bc30304f6ada20a7a9ebc7e1940e1b0b7d4d22af04b38ed23af38e7323b6a1,Malware payload
2024-02-02,Payload delivery,tlsh,t120a1879716585cbccf14c7c654da3aab87ed0053a2a4ac18eded5f0c91ff8b50266d,
2024-02-02,Payload delivery,ssdeep,48:Yxg3SPhJSPdqKkY7EbnlUQl2Fhpk6nYK+zobgDF4w0dM0tXcg/i2up9WXibUfi19:QOLkBtKCz93Ei1vnfYfZOlP,
2024-02-02,Other,size-in-bytes,4788,
2024-02-02,Payload delivery,mime-type,application/json,
2024-02-02,Payload delivery,md5,4fac513dba68df7b4a9c110f91fe9ba7,Malware payload
2024-02-02,Payload delivery,sha256,fd1f344295b0ef797830c7175f933bf620005614b2c2d9307665fb0c5384d705,Malware payload
2024-02-02,Payload delivery,tlsh,t159a1845732554dbc8b1487ea94e23eaf47ad00b3a494ac28b9ed5f4c91ff8f10276d,
2024-02-02,Payload delivery,ssdeep,48:Yxg3SPhJSPdqKkY7EbnlUQl2kRifk/n0+aWHbgDF4w0biYtXcgFi2Hp9WoibUxGt:QOrkTaRug49KMG1v5vAx1zY,
2024-02-02,Other,size-in-bytes,4770,
2024-02-02,Payload delivery,mime-type,application/json,
2024-02-02,Payload delivery,md5,0012e03a50a46286e5d74a29ac619d0d,Malware payload
2024-02-02,Payload delivery,sha256,e64eda7ed3124a52d58b547a0f5645914ab9f4f8a8fb6c485261e237ce486c8f,Malware payload
2024-02-02,Payload delivery,tlsh,t1fc91749a36095dbcca5496e3e4503ad7c76e0093b098ee2cd4fd9f08e1ef1f04276a,
2024-02-02,Payload delivery,ssdeep,48:YxY6wcdlpkofn16Ru+FzvDFU0NhtXN3rm/2xp9WhHp6Y2UHs1vhmObvK3moRteUC:kpkocRtp9hEA9Sr2Ss1vhPMeHLthSgx,
2024-02-02,Other,size-in-bytes,4273,
2024-02-02,Payload delivery,mime-type,application/json,
2024-02-02,Payload delivery,md5,c93bb8ce4887ec64ca14063846b01378,Malware payload (Healer)
2024-02-02,Payload delivery,sha256,5585d557be7ea66f6bd765966aa5f43dbdd07cd97853e95a34441301d69e143f,Malware payload (Healer)
2024-02-02,Payload delivery,tlsh,t109d423f8439fb534d214a2355dd2c19c1ab9feda908c15624a9f376a28725cf1b4ec,
2024-02-02,Payload delivery,imphash,436f7e4bc6bece183fb5bacd9f2ff7d3,
2024-02-02,Payload delivery,ssdeep,12288:Ko7YNQH1F85ZwKd89BcFM3GxOoPMGauUPnIpm68Vh3BnW3y:rwQVyEvOMcOOMTk4NQ,
2024-02-02,Other,size-in-bytes,617984,
2024-02-02,Payload delivery,mime-type,application/x-dosexec,
2024-02-02,Payload delivery,md5,ba18e6e7369cc21dc37848651c7e8f56,Malware payload
2024-02-02,Payload delivery,sha256,a03697c887192641c8afdf2f5bbaefea34f90f797d5e4e40e563a73f8f26b05b,Malware payload
2024-02-02,Payload delivery,tlsh,t1dda198ab15681cbd8714cbc295d93a9387ed0113a3a8ad14fced5f0c81ff8b50366a,
2024-02-02,Payload delivery,ssdeep,48:Yxg3SPhJSPdqKkY7EbnlUQl2w/hpk6nYK+zebDF4w0dM0tX8r82bp9WG9sYUfi1H:QOCDkBAKpg9nEi1v1/Yebt/P,
2024-02-02,Other,size-in-bytes,4971,
2024-02-02,Payload delivery,mime-type,application/json,
2024-02-02,Payload delivery,md5,95022d767e54113ccc949f2b7a7f4ec9,Malware payload
2024-02-02,Payload delivery,sha256,77c8e9232627c2df3635000045b419f59c4811a357295a107cf10df375172ff2,Malware payload
2024-02-02,Payload delivery,tlsh,t183a1a7ab31550cbc86248bea94e13e8b47ad0163a098ed14f4ed4f4c85ff8f5037b9,
2024-02-02,Payload delivery,ssdeep,48:Yxg3SPhJSPdqKkY7EbnlUQl2WRifk/n0+aW/bDF4w0biYtX8rG2xp9WoKsYUxG1h:QOBkTakuNe9yMG1vbDA+JwC,
2024-02-02,Other,size-in-bytes,4953,
2024-02-02,Payload delivery,mime-type,application/json,
2024-02-02,Payload delivery,md5,2af4e75e52f1f7941ba45941bbaba691,Malware payload
2024-02-02,Payload delivery,sha256,7635bfd6cb29a6af1f432c84b73b2356d887d1d5ac774e4e1bd83c8cd3f3a68b,Malware payload
2024-02-02,Payload delivery,tlsh,t150a1b7ab31164c7cca1487da98e13e8b57ad01b3a194ec14b9ed5f4c81fe4f1437a9,
2024-02-02,Payload delivery,ssdeep,48:Yxg3SPhJSPdqKkY7EbnlUQl2LRifk/n0+aW0DF4w0biYtXnR2Hp9WO8ZUxG1v+bU:QOqkTa1uh49AMG1vSmA7VWn,
2024-02-02,Other,size-in-bytes,4866,
2024-02-02,Payload delivery,mime-type,application/json,
2024-02-02,Payload delivery,md5,e00181f2a2c89277b52ec090aa0e670f,Malware payload
2024-02-02,Payload delivery,sha256,4e2ba92f275e9a412050f032281b50aa0cdd535ec8c8ef5171ee9266f3889fc6,Malware payload
2024-02-02,Payload delivery,tlsh,t111a187eb61651cbcc619c7c690d93b9397fc015352a4ec28a8ac5b0c92ff9b242669,
2024-02-02,Payload delivery,ssdeep,48:Yxg3SPhJSPdqKkY7EbnlUQl2dhpk6nYK+z1DF4w0dM0tXnGbZ2up9WSgyUfi1vUM:QOHkBhKWbZz9BEi1vUb8pbbYi7tP,
2024-02-02,Other,size-in-bytes,5023,
2024-02-02,Payload delivery,mime-type,application/json,
2024-02-02,Payload delivery,md5,f13017ca147093afbb80d7719061cd60,Malware payload (RiseProStealer)
2024-02-02,Payload delivery,sha256,f61d6e58e54a9848e12f0cc1d07194668054fe97fec7331c4604a62f7e3a4e8f,Malware payload (RiseProStealer)
2024-02-02,Payload delivery,tlsh,t1f74533152a36a180da39f3b965ac53dc5edcbb8ed10c8b15098f1b5e6010edebb5bc,
2024-02-02,Payload delivery,imphash,5ab723dc8d5af21b79dc301ed6a56a64,
2024-02-02,Payload delivery,ssdeep,24576:iXn+Fx4K2BCv6lOcj1U7gkwQEsiK3Ebtt98hyz:i3Ax4KeCu27dlV3E58hy,
2024-02-02,Other,size-in-bytes,1195520,
2024-02-02,Payload delivery,mime-type,application/x-dosexec,
2024-02-02,Payload delivery,md5,d950e4009ed930976c04e867fa64f6b7,Malware payload
2024-02-02,Payload delivery,sha256,7a67d35636872931f6a18566b6fa9726ce121bc51768baf7ec055b691c1ebef2,Malware payload
2024-02-02,Payload delivery,tlsh,t1ffa1b79b36554cbcc524c7da94e23e8b57ac0077a1d4ec14e8ac4f5881fe8f1037ea,
2024-02-02,Payload delivery,ssdeep,48:Yxg3SPhJSPdqKkY7EbnlUQl2LRifk/n0+aWblFDF4w0biYtXqlNBT2Hp9Wt0mUxk:QOukTaGuIT49YMG1veKAw6Y,
2024-02-02,Other,size-in-bytes,4832,
2024-02-02,Payload delivery,mime-type,application/json,
2024-02-02,Payload delivery,md5,4bd8f2606983548937daf61fb952069a,Malware payload
2024-02-02,Payload delivery,sha256,60398597808e8b31f5c8fe6ad91c63ea92126d5b92d7b98ab0ceeede6f75c044,Malware payload
2024-02-02,Payload delivery,tlsh,t1ce91669a26085ebcca5496d3d9903ad7876e0493b194dd2ce9fd9f08f1ff0f002799,
2024-02-02,Payload delivery,ssdeep,48:YxY6wk+dlpkofn16Ru+FkDFU0NhtXeV2Qp9We6T2UHs1vibvKqRteU3wxioLdwQ1:HpkocRtG9U/9K2Ss1veiHLdFTXx,
2024-02-02,Other,size-in-bytes,4274,
2024-02-02,Payload delivery,mime-type,application/json,
2024-02-02,Payload delivery,md5,6d99d577adeef2fc1d4a17e117890aa3,Malware payload (Socks5Systemz)
2024-02-02,Payload delivery,sha256,b2d0792f5a46259399d02083ca25594d996de9f21965a44a7a202bbc4b94a03f,Malware payload (Socks5Systemz)
2024-02-02,Payload delivery,tlsh,t12766333560a88cf0d5ea4cb30e60944ed63b7de11eb4ab09ea1c0959ebfb5f679113,
2024-02-02,Payload delivery,imphash,884310b1928934402ea6fec1dbd3cf5e,
2024-02-02,Payload delivery,ssdeep,98304:NLfN50yZIXtYAG2d7LRT8RstjTCIYeec2lo3PujsOEykY4OqLuxj7Er/d5:9NuWc7VAR+Yemq28Y4Oxk/H,
2024-02-02,Other,size-in-bytes,6532897,
2024-02-02,Payload delivery,mime-type,application/x-dosexec,
2024-02-02,Payload delivery,md5,da43f3b71419c4efed96c075d54e6613,Malware payload (RiseProStealer)
2024-02-02,Payload delivery,sha256,43af57c73141c1e3382cd6206bef65d9bc2d320a7c2742e7935caef2c86aab71,Malware payload (RiseProStealer)
2024-02-02,Payload delivery,tlsh,t1a045335e4b661745dd50abf3b81a54705fbcbe896a018808379f2363642aecf9713c,
2024-02-02,Payload delivery,imphash,5ab723dc8d5af21b79dc301ed6a56a64,
2024-02-02,Payload delivery,ssdeep,24576:YCc6cK6pwBa11PmXuc9cp6wQRsiK3RhJnP8UpPdD:YPXuEmX99cUl+3Rh1P8I,
2024-02-02,Other,size-in-bytes,1195008,
2024-02-02,Payload delivery,mime-type,application/x-dosexec,
2024-02-02,Payload delivery,md5,a0799ab151b50d47e8b73665cd40c634,Malware payload
2024-02-02,Payload delivery,sha256,fe4a267d4cc3932f1e9da5d1768d51c3a6b2e7a2aaf263ef0e1c5ef8eeaa5056,Malware payload
2024-02-02,Payload delivery,tlsh,t19f91512629386d7cc75885ca84fc3d4f567e005bf1609c14a5ed8e0ae2ff1f283a66,
2024-02-02,Payload delivery,ssdeep,96:eyFrkYOhDH5R0DWfrfT594ds1Y7g1vUreHTMsgiFE6ISVJeR:eyFQThr5RIWfrt94ds1Y7FrezMsgiFEV,
2024-02-02,Other,size-in-bytes,4614,
2024-02-02,Payload delivery,mime-type,application/json,
2024-02-02,Payload delivery,md5,3f1dbca978e3ed513d82c7fda29e706f,Malware payload (Socks5Systemz)
2024-02-02,Payload delivery,sha256,86d48fa8668d2741c95b331da6f3a2c488ce946a10cc3cc7355f2fd0c91e1458,Malware payload (Socks5Systemz)
2024-02-02,Payload delivery,tlsh,t153563327b6249c72f95789f19b21d00fd72eee2571343ae475dcef944bd20a86c839,
2024-02-02,Payload delivery,imphash,884310b1928934402ea6fec1dbd3cf5e,
2024-02-02,Payload delivery,ssdeep,196608:KNaM+14A0spe9ussCC2pv116/7PUUBpaIPZIpot3H:RL14A0sphCC2p/S7sUXX+u3H,
2024-02-02,Other,size-in-bytes,6394799,
2024-02-02,Payload delivery,mime-type,application/x-dosexec,
2024-02-02,Payload delivery,md5,34d590953f1aefd915542788ef7b1c4a,Malware payload
2024-02-02,Payload delivery,sha256,69ae1dc36a51503dd54993b3570d6de76a055fb15dbd9e1292a1b67bb653400f,Malware payload
2024-02-02,Payload delivery,tlsh,t18fa1859b61692cbc8714c7d689d93e8797fd0053a298ac18fced6f0ca2ff4a103655,
2024-02-02,Payload delivery,ssdeep,48:Yxg3SPhJSPdqKkY7EbnlUQl2Shpk6nYK+z9SPmDF4w0dM0tXDSPGo2up9WvseNER:QOMkBIeKezz9EEEi1vZhYt4XdP,
2024-02-02,Other,size-in-bytes,4940,
2024-02-02,Payload delivery,mime-type,application/json,
2024-02-02,Payload delivery,md5,c16a13b29a1f711239183250773dedd7,Malware payload
2024-02-02,Payload delivery,sha256,f6b9e2470131d84f32b8dc02b37d20f494299f7a1accf79902ba31f81e8713a7,Malware payload
2024-02-02,Payload delivery,tlsh,t18391b5b7162c4cacca1487d3d5903b97967f41a7f0849e28b9b88f08d0fe1f5113ba,
2024-02-02,Payload delivery,ssdeep,48:Yx5AvwlYYw2KbsJkmnh+0DFU0omOtXxR23p9WtY2UKJ1vybaKqRrC3wxioi/jBrz:YAvwltkv0S7U9/2FJ1vu8i/jBrhgE,
2024-02-02,Other,size-in-bytes,4323,
2024-02-02,Payload delivery,mime-type,application/json,
2024-02-02,Payload delivery,md5,9f74c40e4a07d781bc00bbf8823f01a4,Malware payload
2024-02-02,Payload delivery,sha256,8f69ed036c552f227c8c0d99d3cb948de28f009f6d463d081e231a81fc2ec95f,Malware payload
2024-02-02,Payload delivery,tlsh,t14341dd7ccf29f8e0033db0a088492e2620949e57d6f58e24d9574ee62d7c20acf1b1,
2024-02-02,Payload delivery,ssdeep,48:LGfEFWuJqs9HZNjd+SfprcKyK0hE6S1FtfsC5P3RX5ZWiaoIhSNtc:LGfEFW87jd+Sfpbaq6S1FtfsC5P39EfN,
2024-02-02,Other,size-in-bytes,2219,
2024-02-02,Payload delivery,mime-type,text/plain,
2024-02-02,Payload delivery,md5,1502ad982d985b2c90cf639f09322fdf,Malware payload
2024-02-02,Payload delivery,sha256,831fcb29d3488d7e29e472b4552891636c0764440e9e649f869272e0108ff196,Malware payload
2024-02-02,Payload delivery,tlsh,t1dab533ed3e3aa15aedb30338a475a415f61b5ee736a0012413e6f0c663bd134b691e,
2024-02-02,Payload delivery,imphash,baa93d47220682c04d92f7797d9224ce,
2024-02-02,Payload delivery,ssdeep,49152:mMg8WyY7bJeQpTxmdSMHHh5Z3tFUR+M+He05+u8j4cEXHLhXL/Lg:mMgyYMQpTyNHB5Zdo+MGe0MR4Lrpc,
2024-02-02,Other,size-in-bytes,2326528,
2024-02-02,Payload delivery,mime-type,application/x-dosexec,
2024-02-02,Payload delivery,md5,4abb1b41ae635a8747ad5097710f7704,Malware payload
2024-02-02,Payload delivery,sha256,250e564e9eed936d20ee412f2d593ec74fa4497c81779d22a1b94c0bcc5952c6,Malware payload
2024-02-02,Payload delivery,tlsh,t1d3a1a7db25795cbcc724c7c695da3e8397ec005362a4ac14ecac5f0c91fe8b5426aa,
2024-02-02,Payload delivery,ssdeep,48:Yxg3SPhJSPdqKkY7EbnlUQl2Vhpk6nYK+zMlFDF4w0dM0tXqlNjT2up9WMTv0mUv:QOXkB6KoTz9DEi1vgQYZoIP,
2024-02-02,Other,size-in-bytes,4850,
2024-02-02,Payload delivery,mime-type,application/json,
2024-02-02,Payload delivery,md5,6b79b479aaf9361a73f67dd86a94d2f7,Malware payload
2024-02-02,Payload delivery,sha256,0b36d75e6ca7d27ace9f88f428d74126236b5d9241bebc0ba4bd3646d1cd48a2,Malware payload
2024-02-02,Payload delivery,tlsh,t13d9195e770255eb8c51fc9ea969939cecabd001390745c1ce5aa4b0b98fe1b51363d,
2024-02-02,Payload delivery,ssdeep,96:XGL9k0yan4wgaBSQcsTN9+BMOy0G1vRctHsz9UAeG/mpVuPL5cfVXr:f0049rVGml/ouz4,
2024-02-02,Other,size-in-bytes,4529,
2024-02-02,Payload delivery,mime-type,application/json,
2024-02-02,Payload delivery,md5,f7eec8bd9395505117bcabbab91d9925,Malware payload
2024-02-02,Payload delivery,sha256,aba4a149683fe67d871324d9e830f4294bcc188baa537cb16c9bc0386f579e91,Malware payload
2024-02-02,Payload delivery,tlsh,t12c91526625385d7cc758c5ca98fc3d4e567e105bf2609c14a6dd8e0ae2ff1f243a61,
2024-02-02,Payload delivery,ssdeep,96:eyCrkYOhDH5R0DWfrfT594ds1Y7g1vUreHTMsgiFERYJeR:eyCQThr5RIWfrt94ds1Y7FrezMsgiFEf,
2024-02-02,Other,size-in-bytes,4614,
2024-02-02,Payload delivery,mime-type,application/json,
2024-02-02,Payload delivery,md5,e1471e6f8a2602a754b287a898fb1918,Malware payload
2024-02-02,Payload delivery,sha256,5d03f56be8649d158d0aaa70c1912edbd4499e1dcc424b091d3c303bf02740d5,Malware payload
2024-02-02,Payload delivery,tlsh,t1d3a1759b21691cbcc71487d299d93e8797fd0153a2d8ac18fced5f0c92fe8a103659,
2024-02-02,Payload delivery,ssdeep,48:Yxg3SPhJSPdqKkY7EbnlUQl21hpk6nYK+z9SPmDF4w0dM0tXDSPGo2up9WvseNE4:QOfkBIeKezz9EEEi1vZhY/HdP,
2024-02-02,Other,size-in-bytes,4950,
2024-02-02,Payload delivery,mime-type,application/json,
2024-02-02,Payload delivery,md5,37344613622f7318946f3acdae717f3f,Malware payload (BumbleBee)
2024-02-02,Payload delivery,sha256,a841a0acfbfa8820cdb8b033512a2378688efcbfe3177a206971d1955798171f,Malware payload (BumbleBee)
2024-02-02,Payload delivery,tlsh,t18345e012e2921ff4d47691b681ab292fbb707e5c4314d36bebc0d2373d927a05b1a7,
2024-02-02,Payload delivery,imphash,47e01530ad43ec939d1c47709a80a5c6,
2024-02-02,Payload delivery,ssdeep,24576:hLSd9kmW5Z/0L2s/lOvZm/K0s56BWIVMyaaO2HrOBV8eFc2zJdhWjtQK:Kv51/lmasFxFmtz,
2024-02-02,Other,size-in-bytes,1225744,
2024-02-02,Payload delivery,mime-type,application/x-dosexec,
2024-02-02,Payload delivery,md5,536e762b283d14fa839a9786f1172a46,Malware payload
2024-02-02,Payload delivery,sha256,487c199d8d9d8322ee0179370680056dad2bcf6d7d0d3b346d7e55186e56427e,Malware payload
2024-02-02,Payload delivery,tlsh,t1beb533dfa033aec8f19b5f7026a1225dd25b3eaf54a05b691810f14da3bc83e614df,
2024-02-02,Payload delivery,imphash,baa93d47220682c04d92f7797d9224ce,
2024-02-02,Payload delivery,ssdeep,49152:vWm2OBTeY40mWB15Ono7+MT6hJDBAVuzqN8:+m2Oe0nB1EooowON8,
2024-02-02,Other,size-in-bytes,2314240,
2024-02-02,Payload delivery,mime-type,application/x-dosexec,
2024-02-02,Payload delivery,md5,98566e4dac18c995cccf82b6adf30440,Malware payload
2024-02-02,Payload delivery,sha256,b52816f435f5af0a5e9a95436281bdb6cdbe5a08caad1f823e60ddf99c78944e,Malware payload
2024-02-02,Payload delivery,tlsh,t14391549a26095ebcca5497d3d9903ad7876e0493e198dd2ce8fd9f0ce1ef1f002759,
2024-02-02,Payload delivery,ssdeep,48:YxY6widlpkofn16Ru+FkDFU0NhtXeV2Qp9We6T2UHs1vibvKqRteU3wxioLxgR2M:CpkocRtG9U/9K2Ss1veiHLO/uex,
2024-02-02,Other,size-in-bytes,4274,
2024-02-02,Payload delivery,mime-type,application/json,
2024-02-02,Payload delivery,md5,fb7ed9dfacf39dd620cb2190dd7b7609,Malware payload
2024-02-02,Payload delivery,sha256,406383e9d4f1d3bad89947221d3cce259b62f32f3a08126996eb541bd41329a0,Malware payload
2024-02-02,Payload delivery,tlsh,t176a185eb15695cbccb14c7c699c93a8757ed0153a3a8ac18fded6f0c82fe4b102659,
2024-02-02,Payload delivery,ssdeep,48:Yxg3SPhJSPdqKkY7EbnlUQl2Uhpk6nYK+z1DF4w0dM0tXnT2up9WSFo8ZUfi1vAn:QOmkB5KDz9vLEi1vYYYOUQQnrRP,
2024-02-02,Other,size-in-bytes,4874,
2024-02-02,Payload delivery,mime-type,application/json,
2024-02-02,Payload delivery,md5,768edbff3b56cade91e3d80cdf806b04,Malware payload
2024-02-02,Payload delivery,sha256,15324e23e99f6aa1257e1b647464aef78021d325579fcdba28024755cb3fdaf4,Malware payload
2024-02-02,Payload delivery,tlsh,t16641dd7dcf29f8e0033db0a088492e2620949e57d6f58e24d9574ee62d7c30acf1b1,
2024-02-02,Payload delivery,ssdeep,48:LGfEFWuJqs9HZNjd+SfprcKyK0hE6S1FtfsC5P3RX5ZWiaoIhSNtU:LGfEFW87jd+Sfpbaq6S1FtfsC5P39EfB,
2024-02-02,Other,size-in-bytes,2219,
2024-02-02,Payload delivery,mime-type,text/plain,
2024-02-02,Payload delivery,md5,ec6a13c87d293b0674c72b316107dacf,Malware payload
2024-02-02,Payload delivery,sha256,163cd4387f562151aa719ab8125c5f818fb1c08a20180aac6f7c7ec59d4e7476,Malware payload
2024-02-02,Payload delivery,tlsh,t163a1855b31551cbc851487ea98e13e9b97ad00b3a1d4ec28b8ed5f4892ff8f1037a9,
2024-02-02,Payload delivery,ssdeep,48:Yxg3SPhJSPdqKkY7EbnlUQl26Rifk/n0+aWKSPmDF4w0biYtXDSPGq2Hp9WcseNe:QO1kTaUeuef49VEMG1vHRACPuIw+t,
2024-02-02,Other,size-in-bytes,4922,
2024-02-02,Payload delivery,mime-type,application/json,
2024-02-02,Payload delivery,md5,c037e465b7b8403d09eb082f2a2ec1f9,Malware payload
2024-02-02,Payload delivery,sha256,c9003cb44b197eeb5a869af275ebd69e79cfc9beffd8cc482398bafe543739b8,Malware payload
2024-02-02,Payload delivery,tlsh,t1f791535926085dbdcb9496d3d4803ac7d76e0453e194ed2ce8bd9b08e2ff1f102b6a,
2024-02-02,Payload delivery,ssdeep,48:YxY6wiJdlpkofn16Ru+FvDF4w0NhtXpk2Kp9Wo6sUHs1vFbvKzRteU3wxioorbxq:epkocRtxYyH97Ss1vdTHW3KCqx,
2024-02-02,Other,size-in-bytes,4403,
2024-02-02,Payload delivery,mime-type,application/json,
2024-02-02,Payload delivery,md5,4424dacc45b20a103f92e7e4f81f027a,Malware payload (Amadey)
2024-02-02,Payload delivery,sha256,58788e23c1b2ae729aea9d2825a62477fcaec1f194a090f304a64ce669b19d11,Malware payload (Amadey)
2024-02-02,Payload delivery,tlsh,t15205234f476b2415e633eab0a4433498daa9bd8c8a0497337f4f1b5e19201eedb1b7,
2024-02-02,Payload delivery,imphash,7515ecf8c0dfa4d230ad835fe0acb57f,
2024-02-02,Payload delivery,ssdeep,12288:sTwD5jSnOVw9YZnHo7YNQT2YcKify3iIM6uhOeSeL8XNpby4d8IBTOjVg:sTgjSnOVmwnIwQqsiK3uOeu8IlaVg,
2024-02-02,Other,size-in-bytes,811520,
2024-02-02,Payload delivery,mime-type,application/x-dosexec,
2024-02-02,Payload delivery,md5,69e4aaa809c2cbed6a1c2b2755d30dd8,Malware payload
2024-02-02,Payload delivery,sha256,9c8a65ae6b9496094975e4cdb470393348daa4854a98a08dbe327a416012df8f,Malware payload
2024-02-02,Payload delivery,tlsh,t1c291517262180c7e863482d6b4597ad767be0267a1d4ec28a8fd4f0ce6ef1f205b59,
2024-02-02,Payload delivery,ssdeep,48:YxC1et2fbZkvnY+Cs+DF4w0nltXPSjeUT2Gp9WnTUd81vdE7b/KcRezbC3wxioor:LbZknCs+w/05TH9I681vdEHAbpZcmoQO,
2024-02-02,Other,size-in-bytes,4238,
2024-02-02,Payload delivery,mime-type,application/json,
2024-02-02,Payload delivery,md5,a3e78f47489bfeca4c01e0b170ac40d3,Malware payload
2024-02-02,Payload delivery,sha256,5906c123938c85d902c6146848acf4f830cdf909a9473d131036360b664eed9c,Malware payload
2024-02-02,Payload delivery,tlsh,t12ea1a9ab25795cbccb24c7c655ca3e9357ed001362a4ad14ecad5f0c91fe8b14269a,
2024-02-02,Payload delivery,ssdeep,48:Yxg3SPhJSPdqKkY7EbnlUQl2mhpk6nYK+zMlFDF4w0dM0tXqlNjT2up9WMTv0mUf:QOAkB6KoTz9DEi1vgQYG+P,
2024-02-02,Other,size-in-bytes,4850,
2024-02-02,Payload delivery,mime-type,application/json,
2024-02-02,Payload delivery,md5,fbf3abc4d54002dd05ae27d1763fc5b2,Malware payload
2024-02-02,Payload delivery,sha256,6973424c696c16d831f52723bbfa272f3efa8e0f7a8e503eb15e8c3a58bc2535,Malware payload
2024-02-02,Payload delivery,tlsh,t175b533f5c6b39539f90327be98459a12a3eb3f978810098d4644f16b4f7f1770a98e,
2024-02-02,Payload delivery,imphash,baa93d47220682c04d92f7797d9224ce,
2024-02-02,Payload delivery,ssdeep,49152:1lULCsa1juCV+K+Ygcim39b8R/T35Ll65edZGPbB9uYWCrYVx/t:1iCs0V+K+Ygcp9AZT5x65edZGDBAWu,
2024-02-02,Other,size-in-bytes,2288640,
2024-02-02,Payload delivery,mime-type,application/x-dosexec,
2024-02-02,Payload delivery,md5,8c24366d7681594b2a15649757c0a9ab,Malware payload
2024-02-02,Payload delivery,sha256,8ccb8323e7a380e745a59e8eace44181b78955b93ff0c0af720e04e9d8e38938,Malware payload
2024-02-02,Payload delivery,tlsh,t17ca1c79b32550cbc86288be794e53e8b87ac0173a084ec28f4ad4f4c85ff4f1037a9,
2024-02-02,Payload delivery,ssdeep,48:Yxg3SPhJSPdqKkY7EbnlUQl2RuqRifk/n0+aW/bDF4w0biYtX8rG2xp9WoKsYUxz:QO2kTakuNe9yMG1vbDAQe3H,
2024-02-02,Other,size-in-bytes,4953,
2024-02-02,Payload delivery,mime-type,application/json,
2024-02-02,Payload delivery,md5,1bad924d6e7b7a069412d67c5f256cb3,Malware payload (RiseProStealer)
2024-02-02,Payload delivery,sha256,df65929de1f4ca220228552c569d305b99f7f5621f5f400b7b02cffafb233beb,Malware payload (RiseProStealer)
2024-02-02,Payload delivery,tlsh,t1004533f60d6d4da4e31881f950852ee079fe7fd99202b26a719f1a8d1c412ce2f636,
2024-02-02,Payload delivery,imphash,5ab723dc8d5af21b79dc301ed6a56a64,
2024-02-02,Payload delivery,ssdeep,24576:pyhXHTvDj8nHy97Hxbj/wQqBaWnBCqdp46CZbmNrUvW/JG2GU:pyBjMHyBRlqBaWntuZSgaxGU,
2024-02-02,Other,size-in-bytes,1195520,
2024-02-02,Payload delivery,mime-type,application/x-dosexec,
2024-02-02,Payload delivery,md5,a28aad6d29f3e34860fd2deac77bea8a,Malware payload (Amadey)
2024-02-02,Payload delivery,sha256,ca53e4517a3e2b09b23339579720a57321acdfe83196c2c86ec756f9fe6c2e11,Malware payload (Amadey)
2024-02-02,Payload delivery,tlsh,t1fc84f111baa0e072d6bb44745671dee05e3fb8e69569807f33583a6f2e707804a723,
2024-02-02,Payload delivery,imphash,81e86234e08eee20f287d99d24a311b6,
2024-02-02,Payload delivery,ssdeep,6144:9LHLapBpuJEa/QagMcH1SOsNAC7SaFiO4o7HYXKalKajk2ST:9ipBp5+GBIduawKakx,
2024-02-02,Other,size-in-bytes,381440,
2024-02-02,Payload delivery,mime-type,application/x-dosexec,
2024-02-02,Payload delivery,md5,543686b988884aac34c9a7fa77134ef2,Malware payload
2024-02-02,Payload delivery,sha256,b766af600fd711197bde78144eaac371f0be051ee4059049e066b00b24fe0457,Malware payload
2024-02-02,Payload delivery,tlsh,t15f91959a270d5dbcca5496d3e4803ad7876e1493b198de2ce4fc9f08e1ef1f04276a,
2024-02-02,Payload delivery,ssdeep,48:YxY6w5dlpkofn16Ru+FzvDFU0NhtXN3rm/2xp9WhHp6Y2UHs1vhmObvK3moRteUv:ZpkocRtp9hEA9Sr2Ss1vhPMeHL0xDx,
2024-02-02,Other,size-in-bytes,4274,
2024-02-02,Payload delivery,mime-type,application/json,
2024-02-02,Payload delivery,md5,a7fab689d9be80705ad8cc281d99486f,Malware payload
2024-02-02,Payload delivery,sha256,a05bfb602abee012db67f739fa9943cd7e3e1740210f9b25458f1bd696e73e07,Malware payload
2024-02-02,Payload delivery,tlsh,t13791545926085dbdcb9496d3d5443ad7c77e0053b194de2ce8bddf08a1ef1f102b6a,
2024-02-02,Payload delivery,ssdeep,48:YxY6wRdlpkofn16Ru+FvDF4w0NhtXpk2Kp9Wo6sUHs1vFbvKzRteU3wxioorbJ0w:RpkocRtxYyH97Ss1vdTHWnUgZx,
2024-02-02,Other,size-in-bytes,4403,
2024-02-02,Payload delivery,mime-type,application/json,
2024-02-02,Payload delivery,md5,86b456d2ce48624147bc4b64815f6439,Malware payload
2024-02-02,Payload delivery,sha256,af42143c120b7fcdc917f9b337f8f6888507ce928ca146d847d490b5eb637735,Malware payload
2024-02-02,Payload delivery,tlsh,t14ba174ab31550cbcc62983da94e53b8b57bc01635494ec28a4ac9f5c92ff8f1437ad,
2024-02-02,Payload delivery,ssdeep,48:Yxg3SPhJSPdqKkY7EbnlUQl2HKJRifk/n0+aWCDF4w0biYtXnQbZ2Hp9WjyUxG1D:QOxkTa1uAbZ49bMG1vCb8vbJAXflS,
2024-02-02,Other,size-in-bytes,5005,
2024-02-02,Payload delivery,mime-type,application/json,
2024-02-02,Payload delivery,md5,1fc53a47cd02666eccf42a317f49512e,Malware payload
2024-02-02,Payload delivery,sha256,30899df6261a5c935dc8481c223d7e27739a9a93a689b8c27794d086a8372636,Malware payload
2024-02-02,Payload delivery,tlsh,t170a1979b11681cbdc714cbd395d93a8787ed0113a2a8ac14fcad5f0c81ff5b603669,
2024-02-02,Payload delivery,ssdeep,48:Yxg3SPhJSPdqKkY7EbnlUQl2Hhpk6nYK+zebDF4w0dM0tX8r82bp9WG9sYUfi1vf:QOFkBAKpg9nEi1v1/Ya4FeP,
2024-02-02,Other,size-in-bytes,4971,
2024-02-02,Payload delivery,mime-type,application/json,
2024-02-02,Payload delivery,md5,48c68d94b78993d57146c45bcf57e78e,Malware payload
2024-02-02,Payload delivery,sha256,490c11b727ba7a0846e46227647e41698793431af9ac9249feac40e728b058b1,Malware payload
2024-02-02,Payload delivery,tlsh,t196a1a4ab51695c7ccb10c7c695c93a8793ed0153a3a8ec14fded6f0c82fe8b242219,
2024-02-02,Payload delivery,ssdeep,48:Yxg3SPhJSPdqKkY7EbnlUQl2xhpk6nYK+z1DF4w0dM0tXnT2up9WSFo8ZUfi1vAC:QOTkB5KDz9vLEi1vYYY/fghF4IP,
2024-02-02,Other,size-in-bytes,4884,
2024-02-02,Payload delivery,mime-type,application/json,
2024-02-02,Payload delivery,md5,4a870cf0ca70b3f12aaa1f1bcbd41972,Malware payload
2024-02-02,Payload delivery,sha256,0b4abb40de33c57fd49e0b5a15a18e5c12e8f4d42571c327f8f60d5754fc633b,Malware payload
2024-02-02,Payload delivery,tlsh,t19a159e0273d1c062ffab92334b5af6515bbc69260123e61f13981db9be701b1563e7,
2024-02-02,Payload delivery,imphash,948cc502fe9226992dce9417f952fce3,
2024-02-02,Payload delivery,ssdeep,12288:TqDEvFo+yo4DdbbMWu/jrQu4M9lBAlKhQcDGB3cuBNGE6iOrpfe4JdaDgauTm1:TqDEvCTbMWu7rQYlBQcBiT6rprG8aWy,
2024-02-02,Other,size-in-bytes,918528,
2024-02-02,Payload delivery,mime-type,application/x-dosexec,
2024-02-02,Payload delivery,md5,0d5fe9d3ab959e9395134564edc67bfc,Malware payload
2024-02-02,Payload delivery,sha256,79959a74b9c67948b554e75b41c737cfe2c98919decdfc4eea6a517756ea171d,Malware payload
2024-02-02,Payload delivery,tlsh,t105a1865732554cbc8b2487ea94e63aaf47ad0077a094ac14a5ed4f4c95ff8f103769,
2024-02-02,Payload delivery,ssdeep,48:Yxg3SPhJSPdqKkY7EbnlUQl2kRifk/n0+aWHbgDF4w0biYtXcgFi2Hp9WoibUxG2:QOLkTaRug49KMG1v5vAPll,
2024-02-02,Other,size-in-bytes,4770,
2024-02-02,Payload delivery,mime-type,application/json,
2024-02-02,Payload delivery,md5,fd055fc803f4c4f15eb1b24cc7e6eccb,Malware payload (Healer)
2024-02-02,Payload delivery,sha256,c212183efa692c206d281b6c6f81383fc0469b19a39862b1793aed930ed8c486,Malware payload (Healer)
2024-02-02,Payload delivery,tlsh,t1efd4232d93273218d618fef454c65198ae64fb78010c9a06370fa6cfd8e56df67368,
2024-02-02,Payload delivery,imphash,436f7e4bc6bece183fb5bacd9f2ff7d3,
2024-02-02,Payload delivery,ssdeep,12288:7jo7YNQd2YcKify3ilYIB6auUPnIpx6k21SNFe:78wQwsiK35IpkLyiE,
2024-02-02,Other,size-in-bytes,617472,
2024-02-02,Payload delivery,mime-type,application/x-dosexec,
2024-02-02,Payload delivery,md5,8faab176ecda81d53ebbf2b88079570d,Malware payload
2024-02-02,Payload delivery,sha256,8496dc6276810f71833fabfb29adc04a2fb0a6487555f5913ccfa77c64cc55e1,Malware payload
2024-02-02,Payload delivery,tlsh,t1dca176ab21692cbc8714c7d699d53e9797ed0053a298ac18fced5f0c92fe8b103659,
2024-02-02,Payload delivery,ssdeep,48:Yxg3SPhJSPdqKkY7EbnlUQl27hpk6nYK+z9SPmDF4w0dM0tXDSPGo2up9WvseNE0:QOZkBIeKezz9EEEi1vZhYm1MdP,
2024-02-02,Other,size-in-bytes,4940,
2024-02-02,Payload delivery,mime-type,application/json,
2024-02-02,Payload delivery,md5,5a2b0183ba228aed33ab168b9fafd24f,Malware payload
2024-02-02,Payload delivery,sha256,1412cef6f540da960a8ff31045e7314f2ee46b603c95d5223a97cbbeac68f052,Malware payload
2024-02-02,Payload delivery,tlsh,t1449195e7b1165eb8c51fc9ea56d939cecabd001390706c6ce59d4b4b88fe1b51323d,
2024-02-02,Payload delivery,ssdeep,96:XGM9k0yan4wgaBSQcsTN9+BMOy0G1vRctHsz9UAeGTRwE4d2VXr:c0049rVGmlTRwEas,
2024-02-02,Other,size-in-bytes,4539,
2024-02-02,Payload delivery,mime-type,application/json,
2024-02-02,Payload delivery,md5,c29bc187a8b27ad380fdc9588c72963e,Malware payload
2024-02-02,Payload delivery,sha256,962ab6fd66341df9db06e87439d1d3160eba5388ea646fb791afd0c552aabbb8,Malware payload
2024-02-02,Payload delivery,tlsh,t14ca1a65b31551cac851487eb98e13e8b97bd00b7a1c4ec18b8ec5f4895ff8f1037a9,
2024-02-02,Payload delivery,ssdeep,48:Yxg3SPhJSPdqKkY7EbnlUQl2JSRifk/n0+aWKSPmDF4w0biYtXDSPGq2Hp9WcseX:QOXHkTaUeuef49VEMG1vHRAY65t,
2024-02-02,Other,size-in-bytes,4932,
2024-02-02,Payload delivery,mime-type,application/json,
2024-02-02,Payload delivery,md5,1ec62980d24df2d8adb3a03cfb8e969a,Malware payload
2024-02-02,Payload delivery,sha256,3348c0d9b52857a8a4ccdff02b1b29ef5417d5806f7ffec59273c34c8f25c598,Malware payload
2024-02-02,Payload delivery,tlsh,t1f89185b716284cbcca2487d3a9943bd756af41a7e0849d68f9a88f0ce0fe1b51136b,
2024-02-02,Payload delivery,ssdeep,96:YAvwlXkvQISnya0o9HT2FJ1vltPBinmZ3nE:YAvBXo9z2FBimZXE,
2024-02-02,Other,size-in-bytes,4338,
2024-02-02,Payload delivery,mime-type,application/json,
2024-02-02,Payload delivery,md5,3dc07d6549d265a66c5a66de113c0b21,Malware payload
2024-02-02,Payload delivery,sha256,0976bbe7d7828805805b80cf3115c68319f3bafcc3cdd91dfb29b28d9ce97eed,Malware payload
2024-02-02,Payload delivery,tlsh,t17a91b6b7192c8c6cca1487d3d5903b87a67f4167f0949e68b9b88f08d0fe1f51137a,
2024-02-02,Payload delivery,ssdeep,48:Yx5AvwlYYwnKbsJkmnh+0DFU0omOtXxR23p9WtY2UKJ1vybaKqRrC3wxioi+RuaC:YAvwl2kv0S7U9/2FJ1vu8iIPa+jE,
2024-02-02,Other,size-in-bytes,4322,
2024-02-02,Payload delivery,mime-type,application/json,
2024-02-02,Payload delivery,md5,6a8ea1ca8f26ec5b1abbb31852dcc9ff,Malware payload
2024-02-02,Payload delivery,sha256,a230816f7955d212e7600c629aea33f776e9c99fb71382bc9880394e635ddb4b,Malware payload
2024-02-02,Payload delivery,tlsh,t11ca174eb61691cbcca1987c294d93b8697fc015352a4ec28a89c5b0cd3ff97153669,
2024-02-02,Payload delivery,ssdeep,48:Yxg3SPhJSPdqKkY7EbnlUQl2Chpk6nYK+z1DF4w0dM0tXnGbZ2up9WSgyUfi1vUt:QO0kBhKWbZz9BEi1vUb8pbbYXQOP,
2024-02-02,Other,size-in-bytes,5023,
2024-02-02,Payload delivery,mime-type,application/json,
2024-02-02,Payload delivery,md5,cc5639d4869c1c882eebc290962b669c,Malware payload
2024-02-02,Payload delivery,sha256,397b103d16615fe2d60a1e2fea63f7b5ff8d16ff0cc305a9ca0f1f907e95d60e,Malware payload
2024-02-02,Payload delivery,tlsh,t1b4a196db11691cbcc724cbd255d93a8387ed0113a2a8ac14fced5f0c82ff4a503669,
2024-02-02,Payload delivery,ssdeep,48:Yxg3SPhJSPdqKkY7EbnlUQl2rohpk6nYK+zebDF4w0dM0tX8r82bp9WG9sYUfi1L:QO1skBAKpg9nEi1v1/YchJ2cZP,
2024-02-02,Other,size-in-bytes,4969,
2024-02-02,Payload delivery,mime-type,application/json,
2024-02-02,Payload delivery,md5,0f3b2c7c0ae993923f7b0ba86bc2082f,Malware payload
2024-02-02,Payload delivery,sha256,31f9c90625cbfff7943568e756e645923d337210932c400fba19421befbc827a,Malware payload
2024-02-02,Payload delivery,tlsh,t10e918462251c0cbdc6298a92a05c76d76bae027390c4fd2898bd9f0ca5ff2b141769,
2024-02-02,Payload delivery,ssdeep,96:jjjyekxq8pVFawTH9o2nTv71vzhHtsIZhHceR+:jjOvguFaA9o2nbdhNsIrHceR+,
2024-02-02,Other,size-in-bytes,4215,
2024-02-02,Payload delivery,mime-type,application/json,
2024-02-02,Payload delivery,md5,db331d554600748cc66f9bb70025d799,Malware payload
2024-02-02,Payload delivery,sha256,e0ea2984856e0ea95a625abc2856cb6b20713a03e662b525bfc33d1e421934e3,Malware payload
2024-02-02,Payload delivery,tlsh,t1a9a1a5ab31550cbcc6248be694e53e8b47ad0163a1d4ec18f4ad4f4c95ff8e5037aa,
2024-02-02,Payload delivery,ssdeep,48:Yxg3SPhJSPdqKkY7EbnlUQl2ORifk/n0+aW/bDF4w0biYtX8rG2xp9WoKsYUxG1l:QOFkTakuNe9yMG1vbDA7464,
2024-02-02,Other,size-in-bytes,4963,
2024-02-02,Payload delivery,mime-type,application/json,
2024-02-02,Payload delivery,md5,c9b3b5a85e1ec2477a28bf9c974219b1,Malware payload (BumbleBee)
2024-02-02,Payload delivery,sha256,307db346cec70058f34d0c649e8f2c0a43203ddfc94aeef3af845cdf2028c6c5,Malware payload (BumbleBee)
2024-02-02,Payload delivery,tlsh,t17c45e112e6931fe4d4b6927681ab252fb7303e184315d377ebc0d2377d827e46b16a,
2024-02-02,Payload delivery,imphash,47e01530ad43ec939d1c47709a80a5c6,
2024-02-02,Payload delivery,ssdeep,24576:hnFEQ39H3inchWuUJDRKU0F9nOXBn/Y6G63S:UUtADRWgQ6C,
2024-02-02,Other,size-in-bytes,1223183,
2024-02-02,Payload delivery,mime-type,application/x-dosexec,
2024-02-02,Payload delivery,md5,0a8de86a525821df9942f79085ae1dd7,Malware payload
2024-02-02,Payload delivery,sha256,22bd35c3ce8e2476bada5597e42cd840a56f2de492f434a2cd5f8cd24b29ec27,Malware payload
2024-02-02,Payload delivery,tlsh,t1f391863661180cbd8b28868be4443bf35bee05a391d4ec28c4ae5f5ca0ff5f111769,
2024-02-02,Payload delivery,ssdeep,96:zOzOL+km7O8ZlOFKiwTH9DnT71vfihHxisoZ5Cxh4+:zPHKT9TTx+RJoDMh3,
2024-02-02,Other,size-in-bytes,4262,
2024-02-02,Payload delivery,mime-type,application/json,
2024-02-02,Payload delivery,md5,68dc6b1155bc947e30201a50976f4674,Malware payload
2024-02-02,Payload delivery,sha256,70c1c0dd07b66de84846e6ca7ad2624ab3cf418e7a6f1263b7fd3da8f1be1a89,Malware payload
2024-02-02,Payload delivery,tlsh,t1b391649e27085dbdca5496e3d5803ad7876e0093a1d4dd2ce8fd9f08e1ef1f00275a,
2024-02-02,Payload delivery,ssdeep,48:YxY6wjdlpkofn16Ru+FkDFU0NhtXeV2Qp9We6T2UHs1vibvKqRteU3wxioLhbxnr:LpkocRtG9U/9K2Ss1veiHLBx0DWx,
2024-02-02,Other,size-in-bytes,4284,
2024-02-02,Payload delivery,mime-type,application/json,
2024-02-02,Payload delivery,md5,dc29ec298cbe4c234c450531b77800ab,Malware payload
2024-02-02,Payload delivery,sha256,88bf5f3ea04756cdf03f8e149d59115becc7756f9483cb4eb8d344ecda8ee452,Malware payload
2024-02-02,Payload delivery,tlsh,t1c39184aa26095dbcca4496d3e4903ad7876e0093b198de2cd4fd9f08e1ef1f04276e,
2024-02-02,Payload delivery,ssdeep,48:YxY6wcdlpkofn16Ru+FzvDFU0NhtXN3rm/2xp9WhHp6Y2UHs1vhmObvK3moRteUB:kpkocRtp9hEA9Sr2Ss1vhPMeHLPqx,
2024-02-02,Other,size-in-bytes,4274,
2024-02-02,Payload delivery,mime-type,application/json,
2024-02-02,Payload delivery,md5,87b30e6a6aea15c8f39e243c058767d7,Malware payload
2024-02-02,Payload delivery,sha256,b461971d127d6c212646f96eeba43b8b5920248a36621daa5914aae3d1960e62,Malware payload
2024-02-02,Payload delivery,tlsh,t195a1b69b35654cbcc624c7ea94e23e8b53ac0077a1d4ec14a8ac4f5c94fe8f1437ea,
2024-02-02,Payload delivery,ssdeep,48:Yxg3SPhJSPdqKkY7EbnlUQl26Rifk/n0+aWblFDF4w0biYtXqlNBT2Hp9Wt0mUx9:QOZkTaGuIT49YMG1veKAS+B,
2024-02-02,Other,size-in-bytes,4832,
2024-02-02,Payload delivery,mime-type,application/json,
2024-02-02,Payload delivery,md5,e38dd098d92a0a024bd0678c71c4586f,Malware payload
2024-02-02,Payload delivery,sha256,2e2977568839eb3f16e981011c30b839ea3835fae1753f2d1e81aa02627f8c18,Malware payload
2024-02-02,Payload delivery,tlsh,t130a1979b25795cbccb24c7d695c63e8757ed001392a4ad14ecac5f0c92fe4b1426aa,
2024-02-02,Payload delivery,ssdeep,48:Yxg3SPhJSPdqKkY7EbnlUQl29hpk6nYK+zMlFDF4w0dM0tXqlNjT2up9WMTv0mUH:QOHkB6KoTz9DEi1vgQYWrnu4MP,
2024-02-02,Other,size-in-bytes,4850,
2024-02-02,Payload delivery,mime-type,application/json,
2024-02-02,Payload delivery,md5,e0a0ac9e2d6b15041fe7063d88b5644c,Malware payload
2024-02-02,Payload delivery,sha256,f0726a984459cf2faaa609f5e1a70bdd1ed992145d60e962c7d53f487f44b91c,Malware payload
2024-02-02,Payload delivery,tlsh,t15ba1a76731654cbcc62487ea95e23e4b57ad0073a5d4ec14a8ac5f9c94fe8f103bea,
2024-02-02,Payload delivery,ssdeep,48:Yxg3SPhJSPdqKkY7EbnlUQl2lRifk/n0+aWblFDF4w0biYtXqlNBT2Hp9Wt0mUxu:QOUkTaGuIT49YMG1veKAXO,
2024-02-02,Other,size-in-bytes,4842,
2024-02-02,Payload delivery,mime-type,application/json,
2024-02-02,Payload delivery,md5,7b4365d3b59c8d599f0279f8f32e827e,Malware payload (RiseProStealer)
2024-02-02,Payload delivery,sha256,fbd4a86f8c1912be8716aebc89dfaae68fdf10ef1c4e39fb4e6f328948ddbf9d,Malware payload (RiseProStealer)
2024-02-02,Payload delivery,tlsh,t12e4533f2433fe085cb1495b069c6248e44b979e4c0d1a06281ef16b28d7db9f7b6b7,
2024-02-02,Payload delivery,imphash,5ab723dc8d5af21b79dc301ed6a56a64,
2024-02-02,Payload delivery,ssdeep,24576:zjiDZ6t7sehu0IrwmbEpqwQZiyIakELVXuIbmNrU0W0RciIZu:HiAt7Rs0INEYlAL8VnSgu4,
2024-02-02,Other,size-in-bytes,1196032,
2024-02-02,Payload delivery,mime-type,application/x-dosexec,
2024-02-02,Payload delivery,md5,bb09ce170812a4f9e82b861ae9eb15a3,Malware payload
2024-02-02,Payload delivery,sha256,a6ba76fd7fa7f216cdfed4aa6af858e8fae90ac23047486e9b15bfe7449ca66b,Malware payload
2024-02-02,Payload delivery,tlsh,t1dd41cc7ccf29f8e0037db0a088492e2620949e57d6b58e24d9574ee62d7c20acf1b1,
2024-02-02,Payload delivery,ssdeep,48:LGfEFWuJqs9HZNjd+SfprcKyK0hE6S1FtfsC5P3RX5ZWiaoIhSNtm:LGfEFW87jd+Sfpbaq6S1FtfsC5P39Eff,
2024-02-02,Other,size-in-bytes,2219,
2024-02-02,Payload delivery,mime-type,text/plain,
2024-02-02,Payload delivery,md5,229b4fe54308ba8af60141a7484439fb,Malware payload
2024-02-02,Payload delivery,sha256,d439eda2e89116e4208baf4c61e823d4bb991537c621b376d0c111eb255fb235,Malware payload
2024-02-02,Payload delivery,tlsh,t16f91c5b716184cacca2487d395903b87577f41a7f0849e68b9f88f08d0fe1f51136a,
2024-02-02,Payload delivery,ssdeep,48:Yx5AvwlYYwBk/KbsJkmnh+0DFU0omOtXxR23p9WtY2UKJ1vybaKqRrC3wxioiiLt:YAvwlLNkv0S7U9/2FJ1vu8iiadE,
2024-02-02,Other,size-in-bytes,4323,
2024-02-02,Payload delivery,mime-type,application/json,
2024-02-02,Payload delivery,md5,ea716c0c305160146af1ee35bd3b3fe2,Malware payload
2024-02-02,Payload delivery,sha256,3fcf9aa2fe125b8fd06edd44bb3331eb232122b8c3ab18119f3c371c777305fa,Malware payload
2024-02-02,Payload delivery,tlsh,t128a184a732554cbc8b2487eb94e63aaf47ad0073a494dc24b9ad5f4c90ff8f10276d,
2024-02-02,Payload delivery,ssdeep,48:Yxg3SPhJSPdqKkY7EbnlUQl2KRifk/n0+aWHbgDF4w0biYtXcgFi2Hp9WoibUxGy:QOtkTaRug49KMG1v5vA2q5,
2024-02-02,Other,size-in-bytes,4770,
2024-02-02,Payload delivery,mime-type,application/json,
2024-02-02,Payload delivery,md5,aaf882ab17a2345bbbc2439b583e99e5,Malware payload
2024-02-02,Payload delivery,sha256,0ed4ec8bd11f4f22178d5d83eb59fc6380944b58a7b07df923b37f523b951623,Malware payload
2024-02-02,Payload delivery,tlsh,t148a174ab35550cbcc62983da94e13b8b97bc01635494ec28a4ac5f5cd6ff8f1437a9,
2024-02-02,Payload delivery,ssdeep,48:Yxg3SPhJSPdqKkY7EbnlUQl2IRifk/n0+aWCDF4w0biYtXnQbZ2Hp9WjyUxG1vCD:QOvkTa1uAbZ49bMG1vCb8vbJANz9l,
2024-02-02,Other,size-in-bytes,5005,
2024-02-02,Payload delivery,mime-type,application/json,
2024-02-02,Payload delivery,md5,d15e2261ed8b6ed71864c2f78caed557,Malware payload
2024-02-02,Payload delivery,sha256,ed8ce79924d007e808d2ce9549d7e3763f93b05f383576f20afac86d4ae6f654,Malware payload
2024-02-02,Payload delivery,tlsh,t155a1c7ab31664cbcca1487da98e13e8b57ad01b39194ec18f9ac5f4c91ff8f103759,
2024-02-02,Payload delivery,ssdeep,48:Yxg3SPhJSPdqKkY7EbnlUQl2z1Rifk/n0+aW0DF4w0biYtXnR2Hp9WO8ZUxG1v+t:QOokTa1uh49AMG1vSmAqdkd6sewz,
2024-02-02,Other,size-in-bytes,4856,
2024-02-02,Payload delivery,mime-type,application/json,
2024-02-02,Payload delivery,md5,598d8b90bbdd3d9c53416ac7aa54c1d7,Malware payload
2024-02-02,Payload delivery,sha256,2427adeb6169f75eb29899e77045ecd3bd4845e3395c8e613cc77cada27ef037,Malware payload
2024-02-02,Payload delivery,tlsh,t1a4a1979716585cbccf14c7d654da3aab43ed0053a2a4ac14eded5f0c92ff8b10262d,
2024-02-02,Payload delivery,ssdeep,48:Yxg3SPhJSPdqKkY7EbnlUQl2Rhpk6nYK+zobgDF4w0dM0tXcg/i2up9WXibUfi17:QOfkBtKCz93Ei1vnfYuKQP,
2024-02-02,Other,size-in-bytes,4788,
2024-02-02,Payload delivery,mime-type,application/json,
2024-02-02,Payload delivery,md5,73457f4b9ee45454192415bc66a60779,Malware payload
2024-02-02,Payload delivery,sha256,ba1029d1637acabf5da54357d22aacfa2c35ce3d69a476147ba67fc014c0e0f2,Malware payload
2024-02-02,Payload delivery,tlsh,t1d3a1965b31151cac861447eb98e13e9b87ad00b3a194ec28b8ed5f5c96fe8f1037a9,
2024-02-02,Payload delivery,ssdeep,48:Yxg3SPhJSPdqKkY7EbnlUQl2qHRifk/n0+aWKSPmDF4w0biYtXDSPGq2Hp9WcseY:QOUUkTaUeuef49VEMG1vHRAjVSt,
2024-02-02,Other,size-in-bytes,4932,
2024-02-02,Payload delivery,mime-type,application/json,
2024-02-02,Payload delivery,md5,79984b17c99d640ffda8e365682b64d5,Malware payload
2024-02-02,Payload delivery,sha256,2ea4c0a19aa79d38fa9f95391aad224d615b35c42c13fc6b50b2af9c3b470ed9,Malware payload
2024-02-02,Payload delivery,tlsh,t1c991522625386c7cc75885ca94fc3d4f567e105bf2649c14a5de8e0ae2ff1f283a61,
2024-02-02,Payload delivery,ssdeep,96:eyj4rkYOhDH5R0DWfrfT594ds1Y7g1vUreHTMsgiFEdZcyfJeR:eyj4QThr5RIWfrt94ds1Y7FrezMsgiFx,
2024-02-02,Other,size-in-bytes,4614,
2024-02-02,Payload delivery,mime-type,application/json,
2024-02-02,Payload delivery,md5,c063b1d7aabcede373fd9de38433e3b6,Malware payload
2024-02-02,Payload delivery,sha256,db0e9eea7b7c04aa72d9af97562bc5b4ac2c87b8e93c00db9e471c7e68bfba30,Malware payload
2024-02-02,Payload delivery,tlsh,t10ea1c8ab35564c7cca1487ea98e13e8b57ad01b3a194ec14b9ed5f4cc1fe8f1037a9,
2024-02-02,Payload delivery,ssdeep,48:Yxg3SPhJSPdqKkY7EbnlUQl2zRifk/n0+aW0DF4w0biYtXnR2Hp9WO8ZUxG1v+b2:QO6kTa1uh49AMG1vSmA65H,
2024-02-02,Other,size-in-bytes,4856,
2024-02-02,Payload delivery,mime-type,application/json,
2024-02-02,Payload delivery,md5,6107eeea49a7d349a4b5427f289c5835,Malware payload
2024-02-02,Payload delivery,sha256,dd0bb5c916d3b35e7a7e9ce08330e756781d182a6772a9f0994695e9bdde9667,Malware payload
2024-02-02,Payload delivery,tlsh,t1faa1989712685cbdcf14c7d641d936a783ed001392a8ac14bded5f0c91ff8b50266d,
2024-02-02,Payload delivery,ssdeep,48:Yxg3SPhJSPdqKkY7EbnlUQl2dhpk6nYK+zobgDF4w0dM0tXcg/i2up9WXibUfi1c:QOLkBtKCz93Ei1vnfY8daPhP,
2024-02-02,Other,size-in-bytes,4798,
2024-02-02,Payload delivery,mime-type,application/json,
2024-02-02,Payload delivery,md5,d4044d7f44305f5b1ec0a6d00ef3876c,Malware payload
2024-02-02,Payload delivery,sha256,708b0cd649ac2f96fa4ad703deeae9d65d3d179094ff8fa1931626048e499ecb,Malware payload
2024-02-02,Payload delivery,tlsh,t1ae91752561481cbe862886cbe0447bf36bfe059391d4ac28c4ee5f5ca0ff5f101769,
2024-02-02,Payload delivery,ssdeep,96:zOzO4+km7O8ZlOFKiwTH9DnT71vfihHxisoZ5gH4+:QPHKT9TTx+RJoDgH3,
2024-02-02,Other,size-in-bytes,4262,
2024-02-02,Payload delivery,mime-type,application/json,
2024-02-02,Payload delivery,md5,e1615ed2b89f6336217fa78660f641c2,Malware payload (BumbleBee)
2024-02-02,Payload delivery,sha256,fb43a88cfb392a3a167cd53d94682726e65201decb6c094309df87384d4a9d3a,Malware payload (BumbleBee)
2024-02-02,Payload delivery,tlsh,t1f545f111e6921fe8d476917680ab252bbb307e5c0325d3b7abc0c3377d927a45f1a7,
2024-02-02,Payload delivery,imphash,47e01530ad43ec939d1c47709a80a5c6,
2024-02-02,Payload delivery,ssdeep,24576:M/kSJKPlJI73kGeg/3Lnh/Guc8D6npAT/5F4x5us+fZ6nGpms1RNQVWU:20c2Y9zVjTox5uks1RyVV,
2024-02-02,Other,size-in-bytes,1225233,
2024-02-02,Payload delivery,mime-type,application/x-dosexec,
2024-02-02,Payload delivery,md5,f33b371cece04e2451bdca293df5a31b,Malware payload
2024-02-02,Payload delivery,sha256,cbcdbcecd72bdb635daec75623996edc4c0d5b6ef57838bff74851670e50806c,Malware payload
2024-02-02,Payload delivery,tlsh,t16ea1a5ab15795cbccb10c7c699c93a8797ed015363a8ec18bdec6f0c82ee4b143659,
2024-02-02,Payload delivery,ssdeep,48:Yxg3SPhJSPdqKkY7EbnlUQl2yhpk6nYK+z1DF4w0dM0tXnT2up9WSFo8ZUfi1vAy:QOAkB5KDz9vLEi1vYYYRc4yP,
2024-02-02,Other,size-in-bytes,4874,
2024-02-02,Payload delivery,mime-type,application/json,
2024-02-02,Payload delivery,md5,1752da0d63657490053463b5888cff7d,Malware payload
2024-02-02,Payload delivery,sha256,a512ec8885d4aec71334d0f4c8eb34ed25470552baf7f89eaeecddcd3d4084ca,Malware payload
2024-02-02,Payload delivery,tlsh,t110a194eb61685cbcca19c7c690d93b8787fc015352a4ec28a89c5b0cd3ff87253669,
2024-02-02,Payload delivery,ssdeep,48:Yxg3SPhJSPdqKkY7EbnlUQl2Ohpk6nYK+z1DF4w0dM0tXnGbZ2up9WSgyUfi1vUX:QOYkBhKWbZz9BEi1vUb8pbbYqEDP,
2024-02-02,Other,size-in-bytes,5033,
2024-02-02,Payload delivery,mime-type,application/json,
2024-02-02,Payload delivery,md5,88e096d1e706bbea16c461ba48e1cb1f,Malware payload
2024-02-02,Payload delivery,sha256,ae20993059f4fbdd6a5b128b71e725057da62bcf21d151025b1a54b4dcf0698f,Malware payload
2024-02-02,Payload delivery,tlsh,t15a917526261c0cbd83384b92e05c76d76bae02639094fd2888bd9f0ca5ff2b141b69,
2024-02-02,Payload delivery,ssdeep,96:jjgekxq8pVFawTH9o2nTv71vzhHtsIZhwqEIR+:jjgvguFaA9o2nbdhNsIryIR+,
2024-02-02,Other,size-in-bytes,4215,
2024-02-02,Payload delivery,mime-type,application/json,
2024-02-02,Payload delivery,md5,7eed8b618db5509fe28b61f269112caa,Malware payload
2024-02-02,Payload delivery,sha256,a7e9fefc695c50d996427305ea6934a23cfa787ee63cf6c335330c4ac55c0244,Malware payload
2024-02-02,Payload delivery,tlsh,t11a91a7b716280cbc8a2487d7e9943bd7567f4167e084ad58b9b88f0ce0fe1f50136b,
2024-02-02,Payload delivery,ssdeep,96:YAvwlmkvQISnya0o9HT2FJ1vltPBijk+SnE:YAvwXo9z2FBijkpE,
2024-02-02,Other,size-in-bytes,4339,
2024-02-02,Payload delivery,mime-type,application/json,
2024-02-02,Payload delivery,md5,f53fa23694162c4af9d9017d86d7a237,Malware payload
2024-02-02,Payload delivery,sha256,88eb7b8d4bbd3825511d3d9135def804115bde40501aa3b011770cc5cd23fe51,Malware payload
2024-02-02,Payload delivery,tlsh,t1b491627262080c7ec63482d6b4557ad767be0267a0d4ec28a8fd4f4ca7ef2f205b59,
2024-02-02,Payload delivery,ssdeep,96:UbZknCs+w/05TH9I681vdEHAbpZcznrg6KO:Ub21R0B9I6KEgbp+7k6KO,
2024-02-02,Other,size-in-bytes,4248,
2024-02-02,Payload delivery,mime-type,application/json,
2024-02-02,Payload delivery,md5,b6c9df6e875294cabe69ceb18999a4c4,Malware payload
2024-02-02,Payload delivery,sha256,8a0479c2c2ca10a3f2a4dc2a7a144ee45f5f26d34a02b881efb9725ed86fae4c,Malware payload
2024-02-02,Payload delivery,tlsh,t1a791429a26085dbdcb9496d3d4843ed78b6e0453a194dd38a4fdcf08a1ff1f10276a,
2024-02-02,Payload delivery,ssdeep,48:YxY6wV0dlpkofn16Ru+FvDF4w0NhtXpk2Kp9Wo6sUHs1vFbvKzRteU3wxioorbOJ:apkocRtxYyH97Ss1vdTHWHOQqtx,
2024-02-02,Other,size-in-bytes,4403,
2024-02-02,Payload delivery,mime-type,application/json,
2024-02-02,Payload delivery,md5,6e7792edb69ad99317ee3a422695a633,Malware payload
2024-02-02,Payload delivery,sha256,a0bfd868e70937df78ff3a35f537a837064253098a35b0db791d02316f3cb30e,Malware payload
2024-02-02,Payload delivery,tlsh,t184b533e329736a5fd98feb7e01cb0210072f1daf86511ae10885f4d453fe23a9266f,
2024-02-02,Payload delivery,imphash,baa93d47220682c04d92f7797d9224ce,
2024-02-02,Payload delivery,ssdeep,49152:AoAQJ0TCHwNJoO56n38FqYXcF/joqT+aM6q8YKalU:AZPTCQNJoO56nsIU2MSv,
2024-02-02,Other,size-in-bytes,2291200,
2024-02-02,Payload delivery,mime-type,application/x-dosexec,
2024-02-02,Payload delivery,md5,089791501284c4e2d65d475e4bdfc9d3,Malware payload
2024-02-02,Payload delivery,sha256,bb7352a6222120803d9b200bff8dfb192c173541ebd0ae5eb9a0af937804c639,Malware payload
2024-02-02,Payload delivery,tlsh,t174a175eb65651cbcca18c7c290d93b9797fc015352a4ec24acac5f0cd3ff97252669,
2024-02-02,Payload delivery,ssdeep,48:Yxg3SPhJSPdqKkY7EbnlUQl2/hpk6nYK+z1DF4w0dM0tXnGbZ2up9WSgyUfi1vUs:QOZkBhKWbZz9BEi1vUb8pbbYfw0wlP,
2024-02-02,Other,size-in-bytes,5033,
2024-02-02,Payload delivery,mime-type,application/json,
2024-02-02,Payload delivery,md5,b08abc6fc1c859268ec2da51605445ad,Malware payload
2024-02-02,Payload delivery,sha256,131ce09ac8ae96b2d7a819483bdc94cd0ce077af33f854c2886df88a5957af69,Malware payload
2024-02-02,Payload delivery,tlsh,t166a1849732554d7c8b2487eb94e63eab47ad1077a0949c28a9ad4f4c90ff8f10276d,
2024-02-02,Payload delivery,ssdeep,48:Yxg3SPhJSPdqKkY7EbnlUQl2yRifk/n0+aWHbgDF4w0biYtXcgFi2Hp9WoibUxGE:QOFkTaRug49KMG1v5vAx6hMBP,
2024-02-02,Other,size-in-bytes,4780,
2024-02-02,Payload delivery,mime-type,application/json,
2024-02-02,Payload delivery,md5,cd0dd04a2c277416111d07200d5d0ad9,Malware payload
2024-02-02,Payload delivery,sha256,6673653b66904278fbc6e01247dd5809a73b6461dc202b0845858028535e63e1,Malware payload
2024-02-02,Payload delivery,tlsh,t12391526625386d7cca58c4ca88fc3d4e567e005bf2649c14a6dd8e0ae2ff1f283a61,
2024-02-02,Payload delivery,ssdeep,96:eyKrkYOhDH5R0DWfrfT594ds1Y7g1vUreHTMsgiFEMu2JeR:eyKQThr5RIWfrt94ds1Y7FrezMsgiFEB,
2024-02-02,Other,size-in-bytes,4624,
2024-02-02,Payload delivery,mime-type,application/json,
2024-02-02,Payload delivery,md5,7b44c79046186dfa6766f067d2413688,Malware payload
2024-02-02,Payload delivery,sha256,03e824911911344fff9565de806b8dc21d733a175606a82618dd5ba299d68d69,Malware payload
2024-02-02,Payload delivery,tlsh,t1dfa174ab71550cbcc51987ea94e13b8b97bc01b35494ec24a49c5f5cd2ff8f1437a9,
2024-02-02,Payload delivery,ssdeep,48:Yxg3SPhJSPdqKkY7EbnlUQl2RRRifk/n0+aWCDF4w0biYtXnQbZ2Hp9WjyUxG1v/:QO6kTa1uAbZ49bMG1vCb8vbJAB7o95,
2024-02-02,Other,size-in-bytes,5005,
2024-02-02,Payload delivery,mime-type,application/json,
2024-02-02,Payload delivery,md5,61353fb841da9222954c8a9da7832eff,Malware payload (Amadey)
2024-02-02,Payload delivery,sha256,a848f8f5e41a1aaf5e8479133f1fcbcdb3742b2cf4a03e3a86963b258c27ee50,Malware payload (Amadey)
2024-02-02,Payload delivery,tlsh,t1800533c9063b8691c176f6f03aab61a9cb78b936798c1d163d9f23971c305ccb3076,
2024-02-02,Payload delivery,imphash,7515ecf8c0dfa4d230ad835fe0acb57f,
2024-02-02,Payload delivery,ssdeep,12288:ND2mwdQk7U9QRLXtndo7YNQK2YcKify3iBLcvmSJnSr3/35elqVDS93fWt:NTG5RbtnuwQRsiK3M6JnQ3v0lqVCWt,
2024-02-02,Other,size-in-bytes,811520,
2024-02-02,Payload delivery,mime-type,application/x-dosexec,
2024-02-02,Payload delivery,md5,b7fc15ceaaee5d4350f3be8511ce381f,Malware payload
2024-02-02,Payload delivery,sha256,b5f0e387cc978b374249cdc7a4f5a8b898b8179f9417f99e389c7fc860fcfe52,Malware payload
2024-02-02,Payload delivery,tlsh,t1a3a1989b25695cbcc724c7c655d93e8357ed001363e4ad14ecac6f0c81ff8b5426aa,
2024-02-02,Payload delivery,ssdeep,48:Yxg3SPhJSPdqKkY7EbnlUQl27hpk6nYK+zMlFDF4w0dM0tXqlNjT2up9WMTv0mUL:QO9kB6KoTz9DEi1vgQY9n9P,
2024-02-02,Other,size-in-bytes,4860,
2024-02-02,Payload delivery,mime-type,application/json,
2024-02-02,Payload delivery,md5,6475e3b19a9b77251cdf6ef4ae848cb3,Malware payload
2024-02-02,Payload delivery,sha256,5add20c5be639d598d9db323e488328b19d1d8c08a12c2f3dca73e3f6c46f5a0,Malware payload
2024-02-02,Payload delivery,tlsh,t11d159e0273d1c062ffab92334b5af6515bbc69260123e61f13981db9be701b1563e7,
2024-02-02,Payload delivery,imphash,948cc502fe9226992dce9417f952fce3,
2024-02-02,Payload delivery,ssdeep,12288:mqDEvFo+yo4DdbbMWu/jrQu4M9lBAlKhQcDGB3cuBNGE6iOrpfe4JdaDgazT3:mqDEvCTbMWu7rQYlBQcBiT6rprG8aH3,
2024-02-02,Other,size-in-bytes,918016,
2024-02-02,Payload delivery,mime-type,application/x-dosexec,
2024-02-02,Payload delivery,md5,3c07201b1bb727b045005698c171ed88,Malware payload (Socks5Systemz)
2024-02-02,Payload delivery,sha256,9a569acf87867b1c395f21813caa0221c3b2811dae8aa5d84bef796d8071e1b0,Malware payload (Socks5Systemz)
2024-02-02,Payload delivery,tlsh,t1bb563322aa54f976d480c63c039d267d11a30e04ee3d44fe2aed11e567b38da31e8f,
2024-02-02,Payload delivery,imphash,884310b1928934402ea6fec1dbd3cf5e,
2024-02-02,Payload delivery,ssdeep,196608:Dmq32dhjBVRHvFqC3e85VSjrGeRW5VpFv/gL3cH:DX32dhjBVtdd5V4rGYW57V4gH,
2024-02-02,Other,size-in-bytes,6364753,
2024-02-02,Payload delivery,mime-type,application/x-dosexec,
2024-02-02,Payload delivery,md5,6005df5ce363103bac3fb5064e50efef,Malware payload
2024-02-02,Payload delivery,sha256,50438532a67ba522bb2343d08d4521c6516295de5d510750c17d14e96b49c92f,Malware payload
2024-02-02,Payload delivery,tlsh,t18ca197ab15681cbdc714c7c255d93a9787ed0113a2a8ac14fced5f0c92ff4b60366a,
2024-02-02,Payload delivery,ssdeep,48:Yxg3SPhJSPdqKkY7EbnlUQl2neKhpk6nYK+zebDF4w0dM0tX8r82bp9WG9sYUfiB:QOI6kBAKpg9nEi1v1/YEAQlP,
2024-02-02,Other,size-in-bytes,4971,
2024-02-02,Payload delivery,mime-type,application/json,
2024-02-02,Payload delivery,md5,f8ae2915f32f3ee337f4de20f19e2e86,Malware payload
2024-02-02,Payload delivery,sha256,56fd4c5686a8d475a33b6c9b2599cd5551751e8924cb9fd6801ce67eec8d5431,Malware payload
2024-02-02,Payload delivery,tlsh,t1ae91b5b7162c4cadca1487e795903b87967f41a7f084ae58b9bc8f08e0fe1f51136a,
2024-02-02,Payload delivery,ssdeep,48:Yx5AvwlYYwWKbsJkmnh+0DFU0omOtXxR23p9WtY2UKJ1vybaKqRrC3wxioi+J/UK:YAvwlVkv0S7U9/2FJ1vu8i+23gKE,
2024-02-02,Other,size-in-bytes,4323,
2024-02-02,Payload delivery,mime-type,application/json,
2024-02-02,Payload delivery,md5,265e28bbf050ef72d9be39721491698f,Malware payload
2024-02-02,Payload delivery,sha256,f89a407243027df36eec09bee24873ab7466ea2856868d96d13b9f45778e1ecd,Malware payload
2024-02-02,Payload delivery,tlsh,t15491742661181cbe8628869be0447ff35bee05a391d4ec28d4be5f5ca0ff6f110769,
2024-02-02,Payload delivery,ssdeep,96:zOzO1+km7O8ZlOFKiwTH9DnT71vfihHxisoZ5H9X1b4+:NPHKT9TTx+RJoDH9lb3,
2024-02-02,Other,size-in-bytes,4262,
2024-02-02,Payload delivery,mime-type,application/json,
2024-02-02,Payload delivery,md5,bc8e813658eceb0fc3ff635702c9bdbb,Malware payload
2024-02-02,Payload delivery,sha256,609dc0292329a867f1c012f1b11442156bdba33b574235bcb9b5bcf424f5add4,Malware payload
2024-02-02,Payload delivery,tlsh,t1dea184ab15295c7ccb24c7c695c93a8797ed015353a4ac18fded6f0c82ee8b142659,
2024-02-02,Payload delivery,ssdeep,48:Yxg3SPhJSPdqKkY7EbnlUQl2RUJhpk6nYK+z1DF4w0dM0tXnT2up9WSFo8ZUfi1G:QOskB5KDz9vLEi1vYYYaj23P,
2024-02-02,Other,size-in-bytes,4874,
2024-02-02,Payload delivery,mime-type,application/json,
2024-02-02,Payload delivery,md5,633a14777a9cd187f2e2fb2c0449484d,Malware payload
2024-02-02,Payload delivery,sha256,4acef2ec1c0d05231fed8184a1ca539b459cc97147e37318f3c1259c35df93ae,Malware payload
2024-02-02,Payload delivery,tlsh,t16ca1859752585cbccb14c7d640da3aab87ed0053a2a4ac14eded5f0c91ff8b50262a,
2024-02-02,Payload delivery,ssdeep,48:Yxg3SPhJSPdqKkY7EbnlUQl2mhpk6nYK+zobgDF4w0dM0tXcg/i2up9WXibUfi1Y:QOIkBtKCz93Ei1vnfYp9FdNHP,
2024-02-02,Other,size-in-bytes,4798,
2024-02-02,Payload delivery,mime-type,application/json,
2024-02-02,Payload delivery,md5,0ab4125aea7e06729f046c65adc621d3,Malware payload (Socks5Systemz)
2024-02-02,Payload delivery,sha256,3179fa0023fa77672e540c27e5d744515bb26e369cd2721fdfd298c02ff3f727,Malware payload (Socks5Systemz)
2024-02-02,Payload delivery,tlsh,t1016633baa72d5db1c330e7b91c5a6365bc333c10a632380c8cedae9768f355584296,
2024-02-02,Payload delivery,imphash,884310b1928934402ea6fec1dbd3cf5e,
2024-02-02,Payload delivery,ssdeep,196608:xgMe3uy2/8+ppnvfyytUBgTLMGXvgBYZiH:te3C/8+pUhaLMGXwmiH,
2024-02-02,Other,size-in-bytes,6578576,
2024-02-02,Payload delivery,mime-type,application/x-dosexec,
2024-02-02,Payload delivery,md5,1ed142e9ccfa1805142f2e763b4b0ef6,Malware payload
2024-02-02,Payload delivery,sha256,30b5da0421a91abe1ab67b40187c41ad8a577a5153d1dc6e3b50e533ebd50a96,Malware payload
2024-02-02,Payload delivery,tlsh,t139a185ab21296cbccb1487d699d53e8797ed0053a298ac18fced5f0c92fe4b103659,
2024-02-02,Payload delivery,ssdeep,48:Yxg3SPhJSPdqKkY7EbnlUQl2nhpk6nYK+z9SPmDF4w0dM0tXDSPGo2up9WvseNEg:QORkBIeKezz9EEEi1vZhYLDdbBFtdP,
2024-02-02,Other,size-in-bytes,4939,
2024-02-02,Payload delivery,mime-type,application/json,
2024-02-02,Payload delivery,md5,3bbfdbc179de0a37f2d6ee94174e9c58,Malware payload
2024-02-02,Payload delivery,sha256,a6f83122cd9528ec28d98f258e4125b430afa8872d1fa3d719441d300e8583cf,Malware payload
2024-02-02,Payload delivery,tlsh,t15691527562080c7e863482c7b4597ad767be0257a0d4ec28a8fd4f0ca6ff1f205b59,
2024-02-02,Payload delivery,ssdeep,48:YxCBt2fbZkvnY+Cs+DF4w0nltXPSjeUT2Gp9WnTUd81vdE7b/KcRezbC3wxioorg:GbZknCs+w/05TH9I681vdEHAbpZcmnGO,
2024-02-02,Other,size-in-bytes,4238,
2024-02-02,Payload delivery,mime-type,application/json,
2024-02-02,Payload delivery,md5,9c89d83a415b3926e73c07ab6c7db395,Malware payload (BumbleBee)
2024-02-02,Payload delivery,sha256,8ffab45301e222608176703e06a9505b7c0b401c03c62ae567da217b44167264,Malware payload (BumbleBee)
2024-02-02,Payload delivery,tlsh,t1c545e012e2921ff4d47691b681ab292fbb707e5c4314d36bebc0d2373d927a05b1a7,
2024-02-02,Payload delivery,imphash,47e01530ad43ec939d1c47709a80a5c6,
2024-02-02,Payload delivery,ssdeep,24576:hLSd9kmW5Z/0L2s/lOvZm/K0s56BWIVMyaaO2HrOBV8eFc2zJdhWjtQq:Kv51/lmasFxFmtl,
2024-02-02,Other,size-in-bytes,1225747,
2024-02-02,Payload delivery,mime-type,application/x-dosexec,
2024-02-02,Payload delivery,md5,4f45aa978e0be0b5aa1cb86f3d436e13,Malware payload
2024-02-02,Payload delivery,sha256,938dbd043076167dc4a9d7b2123d6c1be20436c40d43e07cb8b5446222c64541,Malware payload
2024-02-02,Payload delivery,tlsh,t10f91535a26085dbdcb9496d3d4843ac7c7ae1053a194ee38e8fddf08a2ef1f10275a,
2024-02-02,Payload delivery,ssdeep,48:YxY6w2dlpkofn16Ru+FvDF4w0NhtXpk2Kp9Wo6sUHs1vFbvKzRteU3wxioorbEog:WpkocRtxYyH97Ss1vdTHWX3ax,
2024-02-02,Other,size-in-bytes,4413,
2024-02-02,Payload delivery,mime-type,application/json,
2024-02-02,Payload delivery,md5,12c42d9e111f794c8d01714a3b191032,Malware payload (Healer)
2024-02-02,Payload delivery,sha256,d43abed234c939269b9b80fff729d295be4eb3baa9791fbd2e01c7a5c1fa1282,Malware payload (Healer)
2024-02-02,Payload delivery,tlsh,t1a3d423610b772258c2b4b2f364d2e1b5dd7cbbb4020e8d1a661f173799722df472ba,
2024-02-02,Payload delivery,imphash,436f7e4bc6bece183fb5bacd9f2ff7d3,
2024-02-02,Payload delivery,ssdeep,12288:To7YNQF2YcKify3ifjLjlTA6odtVb0lvznPs0VVF0bGGzupa:swQYsiK3ITh8GLVVAGBp,
2024-02-02,Other,size-in-bytes,617472,
2024-02-02,Payload delivery,mime-type,application/x-dosexec,
2024-02-02,Payload delivery,md5,d83302e81853f5b0d20bc683b514ef76,Malware payload
2024-02-02,Payload delivery,sha256,ef903b93ac7dd8823111feeeee5e942820cdf395f381ad4ba011393201a9e199,Malware payload
2024-02-02,Payload delivery,tlsh,t12491a6b7152c4cbc8a2487d7a9943bd7567f41a7e084ad68b9b88f0ce0fe1f10176a,
2024-02-02,Payload delivery,ssdeep,96:YAvwlikvQISnya0o9HT2FJ1vltPBiYvOdLnE:YAv0Xo9z2FBi5d7E,
2024-02-02,Other,size-in-bytes,4329,
2024-02-02,Payload delivery,mime-type,application/json,
2024-02-02,Payload delivery,md5,04d0d3c976210e877253deb9a75aeee8,Malware payload (RiseProStealer)
2024-02-02,Payload delivery,sha256,b15a81158772cd47d24c22893c6983c101ff1e7947ace19fcd514b8270a51b0d,Malware payload (RiseProStealer)
2024-02-02,Payload delivery,tlsh,t1be4533f745bbb882c1251ff708ca341c2a75f2f9052aaf51927fa54684759cf6303e,
2024-02-02,Payload delivery,imphash,5ab723dc8d5af21b79dc301ed6a56a64,
2024-02-02,Payload delivery,ssdeep,24576:Gf4oZoctg8lTYo/K7ZzixwQBiyIakELrd7Rg3:IKdcloL8rg3,
2024-02-02,Other,size-in-bytes,1195520,
2024-02-02,Payload delivery,mime-type,application/x-dosexec,
2024-02-02,Payload delivery,md5,5a4c862ea6936c8163121b7aa9cbd372,Malware payload
2024-02-02,Payload delivery,sha256,eeffdb4a9aeefd1cb423c58e3a12f83e22372fdc966bc38ad66da98976eaf9f8,Malware payload
2024-02-02,Payload delivery,tlsh,t15da1a49b31550cbc86288be795e53e8b87ac0063a0d4ed18f4ad4f4c95ff8f6037a9,
2024-02-02,Payload delivery,ssdeep,48:Yxg3SPhJSPdqKkY7EbnlUQl25Rifk/n0+aW/bDF4w0biYtX8rG2xp9WoKsYUxG1Z:QOckTakuNe9yMG1vbDAex,
2024-02-02,Other,size-in-bytes,4953,
2024-02-02,Payload delivery,mime-type,application/json,
2024-02-02,Payload delivery,md5,5413aa73502eec95b0a1437ca88d5190,Malware payload
2024-02-02,Payload delivery,sha256,25024c4d67c3e3f6459f3aa3c8807117d6205c55b3d66c6f5cddb94c23dcbf7e,Malware payload
2024-02-02,Payload delivery,tlsh,t1b5b533f71db2e684dac303b57a974081a29bafcf8519066d3a03f91067bc6b1d64df,
2024-02-02,Payload delivery,imphash,baa93d47220682c04d92f7797d9224ce,
2024-02-02,Payload delivery,ssdeep,49152:IJypE6iTqsBAPvNu9py5leifVz5T9fcVT12OGg2+FvEK:IJoEUQqNcpKleifV9T9fAT1Op+RE,
2024-02-02,Other,size-in-bytes,2307584,
2024-02-02,Payload delivery,mime-type,application/x-dosexec,
2024-02-02,Payload delivery,md5,f853cec356c5bcf8799f7a0701847f7a,Malware payload
2024-02-02,Payload delivery,sha256,03b7f33e05c62339130b2e5c323063f7c3482f35cb9dfaff7441c40915a1e913,Malware payload
2024-02-02,Payload delivery,tlsh,t19fa1755b31551cbc862487ea98e13e8b87ad00b3a194ac18b4ed5f5896ff8f103759,
2024-02-02,Payload delivery,ssdeep,48:Yxg3SPhJSPdqKkY7EbnlUQl2vRifk/n0+aWKSPmDF4w0biYtXDSPGq2Hp9WcseNS:QOGkTaUeuef49VEMG1vHRAd3V0dt,
2024-02-02,Other,size-in-bytes,4922,
2024-02-02,Payload delivery,mime-type,application/json,
2024-02-02,Payload delivery,md5,b6565ee856417276fb2612a54b8e7269,Malware payload
2024-02-02,Payload delivery,sha256,aa0f2fd77f459b4a72cd5890cefd7cd2c005615e45f6f56323dddb15d44f8306,Malware payload
2024-02-02,Payload delivery,tlsh,t19191769a26095dbcca5497d3e4543ad7c76e0093b194ed2ce8fd9f08e1ef1f04276a,
2024-02-02,Payload delivery,ssdeep,96:kpkocRtp9hEA9Sr2Ss1vhPMeHLueXFuDWx:kG/79y2SmUeHLuU9x,
2024-02-02,Other,size-in-bytes,4274,
2024-02-02,Payload delivery,mime-type,application/json,
2024-02-02,Payload delivery,md5,cf45c2caf2621b0c15c0997a721667cb,Malware payload
2024-02-02,Payload delivery,sha256,9838bba38dc8e9bcc436e87b0de3702c66c0b9df5d4f0e396781a5011b3d71d7,Malware payload
2024-02-02,Payload delivery,tlsh,t166a1d86736654cbcc624c7ea94e23e8757ad0073a1d4ed14a8ac4f5c91fe8f1437ea,
2024-02-02,Payload delivery,ssdeep,48:Yxg3SPhJSPdqKkY7EbnlUQl2eRifk/n0+aWblFDF4w0biYtXqlNBT2Hp9Wt0mUxh:QOVkTaGuIT49YMG1veKAgy,
2024-02-02,Other,size-in-bytes,4831,
2024-02-02,Payload delivery,mime-type,application/json,
2024-02-02,Payload delivery,md5,79485a2aeea28146f45995efd727a79d,Malware payload
2024-02-02,Payload delivery,sha256,eab605fd68da58dbe5b34501b7ef89a9bdeaaa230eef0f9c836e0f92ffb8af6b,Malware payload
2024-02-02,Payload delivery,tlsh,t14b9196e771155eb9c51fc9ea56a93dcecabd001390305c1ce5ae4b0b88fe1b52363d,
2024-02-02,Payload delivery,ssdeep,96:XGn9k0yan4wgaBSQcsTN9+BMOy0G1vRctHsz9UAeGe4VXr:F0049rVGmlei,
2024-02-02,Other,size-in-bytes,4528,
2024-02-02,Payload delivery,mime-type,application/json,
2024-02-02,Payload delivery,md5,8b6955ff03d3485541b52ac18327f434,Malware payload
2024-02-02,Payload delivery,sha256,ab5042294525746b57a6b2838c7f58d7e96e1907cac6e8f2a414dc106c652c43,Malware payload
2024-02-02,Payload delivery,tlsh,t1f6917726251c0cbdc3284b92d45c7ad76bae027390c4fd2898bd4f4ca5ff2b141769,
2024-02-02,Payload delivery,ssdeep,96:jjqekxq8pVFawTH9o2nTv71vzhHtsIZh2vq8NR+:jjqvguFaA9o2nbdhNsIr2vq8NR+,
2024-02-02,Other,size-in-bytes,4215,
2024-02-02,Payload delivery,mime-type,application/json,
2024-02-02,Payload delivery,md5,cd47362c9fe8cc5977ed85e674f7e3df,Malware payload
2024-02-02,Payload delivery,sha256,cc57486a7b40cf291150407b6f6869dc739276ccaed6303776d16ad6d01ed868,Malware payload
2024-02-02,Payload delivery,tlsh,t1fa41dd7ccf29f8e0033db0a08c492e2620989e57d6f58e24d9574ee62d7c20acf1b1,
2024-02-02,Payload delivery,ssdeep,48:LGfEFWuJqs9HZNjd+SfprcKyK0hE6S1FtfsC5P3RX5ZWiaoIhSNtp:LGfEFW87jd+Sfpbaq6S1FtfsC5P39Ef0,
2024-02-02,Other,size-in-bytes,2219,
2024-02-02,Payload delivery,mime-type,text/plain,
2024-02-02,Payload delivery,md5,bd4dd8a5dc0cc7fab8e8b67f0638b949,Malware payload
2024-02-02,Payload delivery,sha256,d4bd9f3ff89e7c076ebbacb3c3872feea5f7d68545d4d83baa7d933a47638bc9,Malware payload
2024-02-02,Payload delivery,tlsh,t1949166aa27085dbdca5496e3d5803ad7c76e1493a0d8ed2cd8fc9f08e1ef1f002769,
2024-02-02,Payload delivery,ssdeep,48:YxY6wldlpkofn16Ru+FkDFU0NhtXeV2Qp9We6T2UHs1vibvKqRteU3wxioLDXU9i:FpkocRtG9U/9K2Ss1veiHLDE9Ex,
2024-02-02,Other,size-in-bytes,4283,
2024-02-02,Payload delivery,mime-type,application/json,
2024-02-02,Payload delivery,md5,3e63bfcea9b3973b633a91164adff2d7,Malware payload
2024-02-02,Payload delivery,sha256,699fbb31a5f1823256fe23e4f9ffb714b8aa2a5920321a9418f7bebd2b90d58c,Malware payload
2024-02-02,Payload delivery,tlsh,t171a1d7ab31564c7cca2487ea98d13e8b57ac00b3a194dc18b9ad5f4cd1ff8f1037a9,
2024-02-02,Payload delivery,ssdeep,48:Yxg3SPhJSPdqKkY7EbnlUQl2sRifk/n0+aW0DF4w0biYtXnR2Hp9WO8ZUxG1v+bF:QOLkTa1uh49AMG1vSmAECf,
2024-02-02,Other,size-in-bytes,4856,
2024-02-02,Payload delivery,mime-type,application/json,
2024-02-02,Payload delivery,md5,8d893543172de07e2115185bf4d62888,Malware payload
2024-02-02,Payload delivery,sha256,fd730838ca24fb19bd090cdd3d0e1ac5b4d51d9a7323e40498f6400969f9497e,Malware payload
2024-02-02,Payload delivery,tlsh,t17e91549a26095dbcca5496d3e4543ad7c76e0093b1a8dd2ce8fd9f08f1ef1f04276a,
2024-02-02,Payload delivery,ssdeep,96:lpkocRtp9hEA9Sr2Ss1vhPMeHL7GLyA/85Tx:lG/79y2SmUeHL7GLyU8Jx,
2024-02-02,Other,size-in-bytes,4274,
2024-02-02,Payload delivery,mime-type,application/json,
2024-02-02,Payload delivery,md5,be802a1fe17ab0f753efd4188fe006bf,Malware payload
2024-02-02,Payload delivery,sha256,6ca729efb7fb73e765970896d81a73bd17f97b0863d9ad43a05c61a2d4bac8c9,Malware payload
2024-02-02,Payload delivery,tlsh,t13d918566651c0cbd83398b92a05c76d76bae03739084fd2888bd5f4ca5ff2b141769,
2024-02-02,Payload delivery,ssdeep,96:jjfekxq8pVFawTH9o2nTv71vzhHtsIZhvoxR+:jjfvguFaA9o2nbdhNsIrvoxR+,
2024-02-02,Other,size-in-bytes,4215,
2024-02-02,Payload delivery,mime-type,application/json,
2024-02-02,Payload delivery,md5,1bd9fdb8011d3fae117fe943a1c0b8c8,Malware payload
2024-02-02,Payload delivery,sha256,aa03caf96c4a829f0c8fc8f032a5007d7fee099b966b54f2a5ce2662d1603610,Malware payload
2024-02-02,Payload delivery,tlsh,t1a8a1a5ab15295c7ccb10c7c299c93ad793ad015393a8ec18fdac6f0c82ff8b142659,
2024-02-02,Payload delivery,ssdeep,48:Yxg3SPhJSPdqKkY7EbnlUQl2Yhpk6nYK+z1DF4w0dM0tXnT2up9WSFo8ZUfi1vAd:QOikB5KDz9vLEi1vYYY13P,
2024-02-02,Other,size-in-bytes,4874,
2024-02-02,Payload delivery,mime-type,application/json,
2024-02-02,Payload delivery,md5,9dff05985a291e327788d5e1664fcaf2,Malware payload
2024-02-02,Payload delivery,sha256,ca096dfea32c896ac7d048ff5bed8c3c42be449de1bc77a3ea6354cb1ead35ae,Malware payload
2024-02-02,Payload delivery,tlsh,t176a1c86b31664c7cc62487db98e13e8b57ad00b3a194dc18b9ed5f48c1fe8f1037a9,
2024-02-02,Payload delivery,ssdeep,48:Yxg3SPhJSPdqKkY7EbnlUQl2RqGRifk/n0+aW0DF4w0biYtXnR2Hp9WO8ZUxG1vl:QO4kTa1uh49AMG1vSmAbA5ek,
2024-02-02,Other,size-in-bytes,4856,
2024-02-02,Payload delivery,mime-type,application/json,
2024-02-02,Payload delivery,md5,fbb9217bc8dc7c9d8ba1650e1d769615,Malware payload
2024-02-02,Payload delivery,sha256,82d6f9a4ec2de7cab9b47bdc5bf0bcfc2ece2671659f3b91632453c7a24a6ee4,Malware payload
2024-02-02,Payload delivery,tlsh,t14ba175ab71550cacc62987da94e53f8b97bc00735494ec28b4ac5f5c96fe8f1037ad,
2024-02-02,Payload delivery,ssdeep,48:Yxg3SPhJSPdqKkY7EbnlUQl2hhRifk/n0+aWCDF4w0biYtXnQbZ2Hp9WjyUxG1v1:QOfukTa1uAbZ49bMG1vCb8vbJAggsR,
2024-02-02,Other,size-in-bytes,5005,
2024-02-02,Payload delivery,mime-type,application/json,
2024-02-02,Payload delivery,md5,0e9f11ddd8a8e84b02d89efef5584d93,Malware payload
2024-02-02,Payload delivery,sha256,00169a19712c8978f8259b6a5982b8e21a7d559332000d9289df66a6469d01f4,Malware payload
2024-02-02,Payload delivery,tlsh,t117a1745732554cbc8b2487ea94e63eaf47ad0073a494ac24a9ad5f4c94ff8f10276d,
2024-02-02,Payload delivery,ssdeep,48:Yxg3SPhJSPdqKkY7EbnlUQl2nRifk/n0+aWHbgDF4w0biYtXcgFi2Hp9WoibUxG8:QOmkTaRug49KMG1v5vAD/su,
2024-02-02,Other,size-in-bytes,4768,
2024-02-02,Payload delivery,mime-type,application/json,
2024-02-02,Payload delivery,md5,f90c33ce9355ca41bfb75e702199d44f,Malware payload
2024-02-02,Payload delivery,sha256,d27e8dd269063bdd799f183902fb6c39c9fd60db23388e0bd36998280a22d398,Malware payload
2024-02-02,Payload delivery,tlsh,t16c9164aa27085dbdc65496e3d5543ad7c76e0093b194ed2cd8fd9f08e1ef0f002799,
2024-02-02,Payload delivery,ssdeep,48:YxY6wQdlpkofn16Ru+FkDFU0NhtXeV2Qp9We6T2UHs1vibvKqRteU3wxioLVKBU3:IpkocRtG9U/9K2Ss1veiHLNFNJvx,
2024-02-02,Other,size-in-bytes,4274,
2024-02-02,Payload delivery,mime-type,application/json,
2024-02-02,Payload delivery,md5,070bd36f4c9a78443b9ea8c5094f09c7,Malware payload (RiseProStealer)
2024-02-02,Payload delivery,sha256,9b786c908700cc703985c87538934c819dd25ccc3eec2cee152982de4216214b,Malware payload (RiseProStealer)
2024-02-02,Payload delivery,tlsh,t1054533ad2e0b7d41c23dd9f8190915c0c56039e8a915170358af93a6f9bc6ef3b27e,
2024-02-02,Payload delivery,imphash,5ab723dc8d5af21b79dc301ed6a56a64,
2024-02-02,Payload delivery,ssdeep,24576:D4xUKdeJXvU9ZVr25HIi6d57xEnulhukwQPsiK3W14bmNrUh/+mE:D4xUKcXvU525HIi6tMGlg3TSgF+L,
2024-02-02,Other,size-in-bytes,1196032,
2024-02-02,Payload delivery,mime-type,application/x-dosexec,
2024-02-02,Payload delivery,md5,efc0c64912ce7ccf48fad75d7bc97299,Malware payload (BumbleBee)
2024-02-02,Payload delivery,sha256,b1ccc91ccdeea30515d941a0929a7ffe8e5c48cffb4d207aaa3e9cd9dd4134db,Malware payload (BumbleBee)
2024-02-02,Payload delivery,tlsh,t14a45e012e6920fe4d466517681ab262fbb307e6c0315d3bbabc4d2373d837e45b1a7,
2024-02-02,Payload delivery,imphash,47e01530ad43ec939d1c47709a80a5c6,
2024-02-02,Payload delivery,ssdeep,24576:3FCcW8RT9F67gwL3k2UeOL9HnUUCexncTD+1z4IHN/Hr:PIr3jUeOfc3+TZL,
2024-02-02,Other,size-in-bytes,1223691,
2024-02-02,Payload delivery,mime-type,application/x-dosexec,
2024-02-02,Payload delivery,md5,9d90a0f42fd9da1ba3bc4a2f5581b019,Malware payload (Smoke Loader)
2024-02-02,Payload delivery,sha256,ee8b531e787b7fde36ba486b325d787df3c05a850e506c9ae1556360f3a52982,Malware payload (Smoke Loader)
2024-02-02,Payload delivery,tlsh,t16734c02276e2e1b2d5eb457048b1daf42ebfbcb546b0819f33993bef2d3029046517,
2024-02-02,Payload delivery,imphash,81e86234e08eee20f287d99d24a311b6,
2024-02-02,Payload delivery,ssdeep,3072:ab2TYuLrrkGtuCw1whfhk/WrBcXwUeoGhiyKX7i/054+IxwJTx6TV45:IuLTtuCwKhk/WrBPUehiyq0V+tRT,
2024-02-02,Other,size-in-bytes,237056,
2024-02-02,Payload delivery,mime-type,application/x-dosexec,
2024-02-02,Payload delivery,md5,615d40b1e620dbff355ff123b1a8a45e,Malware payload
2024-02-02,Payload delivery,sha256,5b5b4e7c5af1f43410b2c0e1b8bddb668e3c1570338c1c2d06193ba66f888e15,Malware payload
2024-02-02,Payload delivery,tlsh,t13f91b7b7152c4cbc8a2487e7a5943bd746bf4167e0849d58b9bc8f08e0fe1f20136a,
2024-02-02,Payload delivery,ssdeep,96:YAvwlKkvQISnya0o9HT2FJ1vltPBimPe+OnE:YAvUXo9z2FBimPe+GE,
2024-02-02,Other,size-in-bytes,4329,
2024-02-02,Payload delivery,mime-type,application/json,
2024-02-02,Payload delivery,md5,9fb06b8d153c09f87e1657d7195ce4b1,Malware payload (Amadey)
2024-02-02,Payload delivery,sha256,b86a8dd5f5fa86c390050b1355866ad28cfe7884ce4ac3beab46dd22a44f9619,Malware payload (Amadey)
2024-02-02,Payload delivery,tlsh,t15f84f1227ef3d0b5d5ab89708830dbb45dffbcb1556180eb33682b5e2d713824a623,
2024-02-02,Payload delivery,imphash,81e86234e08eee20f287d99d24a311b6,
2024-02-02,Payload delivery,ssdeep,6144:64DLp2fYfBkC2MJ6HIpOKia9VgNiRYfrSKFRFjgpyBv0+N2BcD9kT:6wWgBX2w6HIp9iaDmQQrSuRFDZ/pk,
2024-02-02,Other,size-in-bytes,388608,
2024-02-02,Payload delivery,mime-type,application/x-dosexec,
2024-02-02,Payload delivery,md5,2dbb23846c93de74778fd06b3809165c,Malware payload
2024-02-02,Payload delivery,sha256,ea5bad3a369ba6317dbc584f9734806a164f2c069d5b1140a31dd7929349efc0,Malware payload
2024-02-02,Payload delivery,tlsh,t17141dd7ccf29f8e0037db0a08c492e2620949e57d6f58e24d9574ee62d7c20acf1b1,
2024-02-02,Payload delivery,ssdeep,48:LGfEFWuJqs9HZNjd+SfprcKyK0hE6S1FtfsC5P3RX5ZWiaoIhSNt9:LGfEFW87jd+Sfpbaq6S1FtfsC5P39Ef8,
2024-02-02,Other,size-in-bytes,2219,
2024-02-02,Payload delivery,mime-type,text/plain,
2024-02-02,Payload delivery,md5,56e377ca52e4c210d9be296601f32f71,Malware payload
2024-02-02,Payload delivery,sha256,757fda56ddc67aa2bae562815656a0322aede20daee6f85b06bf04592bebfb48,Malware payload
2024-02-02,Payload delivery,tlsh,t11091427522180c7e863482c7b4557ad76bbe0267a1d4ac28a8fd4f0ca6ff1f205b59,
2024-02-02,Payload delivery,ssdeep,48:YxCHt2fbZkvnY+Cs+DF4w0nltXPSjeUT2Gp9WnTUd81vdE7b/KcRezbC3wxioori:4bZknCs+w/05TH9I681vdEHAbpZcMnYO,
2024-02-02,Other,size-in-bytes,4237,
2024-02-02,Payload delivery,mime-type,application/json,
2024-02-02,Payload delivery,md5,e7b52851513bb8c53d29af037abd027b,Malware payload (RiseProStealer)
2024-02-02,Payload delivery,sha256,c609580a1b52ace3d58f656ce0cecfbc02d32478bac77e434bd496b2b010ba4b,Malware payload (RiseProStealer)
2024-02-02,Payload delivery,tlsh,t1544533ff49ef5b41d2b275b1800e45e4b328fea9e940ea9a678f46c11cb02dc9345b,
2024-02-02,Payload delivery,imphash,5ab723dc8d5af21b79dc301ed6a56a64,
2024-02-02,Payload delivery,ssdeep,24576:SGir6N9W0lCo9uRmFO1d4gPWpowQr6icoECa8qyGL8Emzi2BF:SGir6ylocV2geulioEuzGL8V22,
2024-02-02,Other,size-in-bytes,1195520,
2024-02-02,Payload delivery,mime-type,application/x-dosexec,
2024-02-02,Payload delivery,md5,de7a4773d43826d9be2450e934fdf46a,Malware payload
2024-02-02,Payload delivery,sha256,9ae1cb24ac11d6c276ae69ab00e657198762fe87c2276beba6df9860eb823246,Malware payload
2024-02-02,Payload delivery,tlsh,t13ea196ab25795cbcc724c7c695ca3e8357fd0053a3a4ad14ecac5f0c91fe4b1426aa,
2024-02-02,Payload delivery,ssdeep,48:Yxg3SPhJSPdqKkY7EbnlUQl2skhpk6nYK+zMlFDF4w0dM0tXqlNjT2up9WMTv0m8:QOFkB6KoTz9DEi1vgQYtFP,
2024-02-02,Other,size-in-bytes,4860,
2024-02-02,Payload delivery,mime-type,application/json,
2024-02-02,Payload delivery,md5,071a886ade7f0148cb6b4ef43d292c0c,Malware payload (Smoke Loader)
2024-02-02,Payload delivery,sha256,4842bde993fc7d3864489bc949c17145ff36e67bf7d5d096ab168d890cbfabad,Malware payload (Smoke Loader)
2024-02-02,Payload delivery,tlsh,t13334d02175e2c6b3d5ab04704875cae85e7bbcf65674809f33a43baf2e747a04a123,
2024-02-02,Payload delivery,imphash,81e86234e08eee20f287d99d24a311b6,
2024-02-02,Payload delivery,ssdeep,3072:cw2TYuLrrkGtqflHQUGh4c88f5z0xjteR4zazB+qX7i3/5ox8nx6TV45:FuLTtqfl6SM50xjteKGzDEOxwT,
2024-02-02,Other,size-in-bytes,235520,
2024-02-02,Payload delivery,mime-type,application/x-dosexec,
2024-02-02,Payload delivery,md5,49dd1748b0c578f48cd9ba690d183558,Malware payload
2024-02-02,Payload delivery,sha256,37fac539279bb330ad4c93a3812cad2d7a7d560cf57ea41f0c6c317d0dbae708,Malware payload
2024-02-02,Payload delivery,tlsh,t101b533cc50b253c6ca6b07b6a1c617c766532cb3ac6b61494650f41e0bfe0fb7998e,
2024-02-02,Payload delivery,imphash,baa93d47220682c04d92f7797d9224ce,
2024-02-02,Payload delivery,ssdeep,49152:mJm/tHTULObEcnF4FcUgQOxWUFDpg0aa5FMAeTIdQnhgy:GmFHTULwECF4C6MWUZW0nwAyIine,
2024-02-02,Other,size-in-bytes,2334208,
2024-02-02,Payload delivery,mime-type,application/x-dosexec,
2024-02-02,Payload delivery,md5,91ec985bac1a059ece9b02e0c8a6d958,Malware payload
2024-02-02,Payload delivery,sha256,a71c1882de440e683b2b6ece49bcf9bb26e1b00a8ed20cbdd1d00e7c63d9ce67,Malware payload
2024-02-02,Payload delivery,tlsh,t1049194fb70155eb8c51fc5ea56a939cecabd001390706c2ce5a94b4b88fe1b51363d,
2024-02-02,Payload delivery,ssdeep,96:XGd9k0yan4wgaBSQcsTN9+BMOy0G1vRctHsz9UAeGN/bXS/CVXr:V0049rVGmltSI,
2024-02-02,Other,size-in-bytes,4529,
2024-02-02,Payload delivery,mime-type,application/json,
2024-02-02,Payload delivery,md5,c2183c3bd20f2800d08a9895984af446,Malware payload
2024-02-02,Payload delivery,sha256,97b72684b05ee29eb0e8e28d34333053fe2521718c67b92b5a3af15c61d32330,Malware payload
2024-02-02,Payload delivery,tlsh,t1d791639a26085dbdca5496d3d5403ad7877e0493a198ed2cd9f89f08e1ef1f0027aa,
2024-02-02,Payload delivery,ssdeep,48:YxY6wAdlpkofn16Ru+FkDFU0NhtXeV2Qp9We6T2UHs1vibvKqRteU3wxioLsbOVx:YpkocRtG9U/9K2Ss1veiHLsbsx,
2024-02-02,Other,size-in-bytes,4274,
2024-02-02,Payload delivery,mime-type,application/json,
2024-02-02,Payload delivery,md5,06c5312fcb28a7fe8316ef2aba5fff9a,Malware payload
2024-02-02,Payload delivery,sha256,ba922626dde1fd84c133058785d07f350789e3fa7392d04c211b9e021169282d,Malware payload
2024-02-02,Payload delivery,tlsh,t1daa1849736454cbc8b2487eb84e63eaf47ad0073a5949c24e9ad4f4c91ff8f102769,
2024-02-02,Payload delivery,ssdeep,48:Yxg3SPhJSPdqKkY7EbnlUQl2vRifk/n0+aWHbgDF4w0biYtXcgFi2Hp9WoibUxGT:QOmkTaRug49KMG1v5vALNw,
2024-02-02,Other,size-in-bytes,4780,
2024-02-02,Payload delivery,mime-type,application/json,
2024-02-02,Payload delivery,md5,6faf97bea7e99070712e4b217656e767,Malware payload
2024-02-02,Payload delivery,sha256,126bbe630ac613768c32d373b9e79b2f5b107a28b163a08cb2754df365b77388,Malware payload
2024-02-02,Payload delivery,tlsh,t1e29184ebb1155eb8c51fc5ee96a939cfcabc001390345c2ce5ad4a4b98fe1b51363d,
2024-02-02,Payload delivery,ssdeep,96:XGA9k0yan4wgaBSQcsTN9+BMOy0G1vRctHsz9UAeGDzVXr:u0049rVGmlDp,
2024-02-02,Other,size-in-bytes,4528,
2024-02-02,Payload delivery,mime-type,application/json,
2024-02-02,Payload delivery,md5,62b4809aa3851a3653fd225464c42cc0,Malware payload (Socks5Systemz)
2024-02-02,Payload delivery,sha256,37818dff01768995257ab5c3412272be9d1f73b3014d9b0737c6bc377323fc20,Malware payload (Socks5Systemz)
2024-02-02,Payload delivery,tlsh,t1a35633627e447efcd5021f708a34e12edafaa441af35741df24998ee6f36015819fa,
2024-02-02,Payload delivery,imphash,884310b1928934402ea6fec1dbd3cf5e,
2024-02-02,Payload delivery,ssdeep,98304:NWrLWheomDoL472iq1w2lkEpsq5Fbns0Q2xiRq8MscMKfmSg2XyzXjRtd5:QrLWh7t4UnpsoZQ2xiRONfm7TH,
2024-02-02,Other,size-in-bytes,6348812,
2024-02-02,Payload delivery,mime-type,application/x-dosexec,
2024-02-02,Payload delivery,md5,60f9151fb7e317c9e4b5ebfe5bc2e1cc,Malware payload
2024-02-02,Payload delivery,sha256,45178ed0509de1a13096435128b7321443edad227d4e8e92b615c8d2f8b872c2,Malware payload
2024-02-02,Payload delivery,tlsh,t188a1865f31151cbc851447ea58e13e8b97bd00b3a094ac18b4ed5f5c96ff8f103799,
2024-02-02,Payload delivery,ssdeep,48:Yxg3SPhJSPdqKkY7EbnlUQl2uRifk/n0+aWKSPmDF4w0biYtXDSPGq2Hp9WcseN3:QOFkTaUeuef49VEMG1vHRA+oxt,
2024-02-02,Other,size-in-bytes,4922,
2024-02-02,Payload delivery,mime-type,application/json,
2024-02-02,Payload delivery,md5,98ab98f6e069a35ba818226871a7e695,Malware payload
2024-02-02,Payload delivery,sha256,d0cd272921e0f41535d772e7de33c338091b240bc4d37a845979c884feea5c48,Malware payload
2024-02-02,Payload delivery,tlsh,t17991517676080c7d863482c6b4597ad767be0257a0d4ec28a8be4f0ca6ff1f205b69,
2024-02-02,Payload delivery,ssdeep,96:4bZknCs+w/05TH9I681vdEHAbpZcMM2ZO:4b21R0B9I6KEgbp+TmO,
2024-02-02,Other,size-in-bytes,4237,
2024-02-02,Payload delivery,mime-type,application/json,
2024-02-02,Payload delivery,md5,6472a61324fe450eb0ea18855578b72e,Malware payload
2024-02-02,Payload delivery,sha256,a6aa112699ce7727828ef75e4be666d8f12d65ed0614a13f4ca67efa72c7cee7,Malware payload
2024-02-02,Payload delivery,tlsh,t18ca1a65b35a54cbcc624c7ea54e23e4b57ac0073a5d4ec14e8ac4f5891fe8f5437ea,
2024-02-02,Payload delivery,ssdeep,48:Yxg3SPhJSPdqKkY7EbnlUQl20Rifk/n0+aWblFDF4w0biYtXqlNBT2Hp9Wt0mUxB:QO3kTaGuIT49YMG1veKAtLQ4,
2024-02-02,Other,size-in-bytes,4832,
2024-02-02,Payload delivery,mime-type,application/json,
2024-02-02,Payload delivery,md5,1b3aa74da565d8b4a8cb453e05935e58,Malware payload
2024-02-02,Payload delivery,sha256,c64c38b823ff68673aa99d97fa183dc9e72371a36d575308c8d6c62fec44474d,Malware payload
2024-02-02,Payload delivery,tlsh,t10c91b5b7162c4cacca1487d795903b9796bf4167f0849e68f9b88f08d0ff1f51136a,
2024-02-02,Payload delivery,ssdeep,48:Yx5AvwlYYw7cLKbsJkmnh+0DFU0omOtXxR23p9WtY2UKJ1vybaKqRrC3wxioirfv:YAvwlxJkv0S7U9/2FJ1vu8io1E,
2024-02-02,Other,size-in-bytes,4333,
2024-02-02,Payload delivery,mime-type,application/json,
2024-02-02,Payload delivery,md5,cdc7dd626657e0fcb61d64532d410122,Malware payload
2024-02-02,Payload delivery,sha256,e13354b5d6fd7582a7d1a9120076c6a669fa2b411669e3d40bfa10ccdc5215ea,Malware payload
2024-02-02,Payload delivery,tlsh,t13ea175af21692cbcc714c7d698d53e8797ed0053a298ac18fded5f0c92fe8a103655,
2024-02-02,Payload delivery,ssdeep,48:Yxg3SPhJSPdqKkY7EbnlUQl27hpk6nYK+z9SPmDF4w0dM0tXDSPGo2up9WvseNEt:QOZkBIeKezz9EEEi1vZhYYVzdP,
2024-02-02,Other,size-in-bytes,4950,
2024-02-02,Payload delivery,mime-type,application/json,
2024-02-02,Payload delivery,md5,5b4c2b35afa3bc6f8b9ddae8bc398c08,Malware payload (Socks5Systemz)
2024-02-02,Payload delivery,sha256,1c694831a58ef4100584e5d8762fea6417522a308fd86f4c3b93d5b1bfa5dc61,Malware payload (Socks5Systemz)
2024-02-02,Payload delivery,tlsh,t1f65633baed5064f7e8e5d5b80a3ea10d6eb777208590438e627e9c27cf93a484c4df,
2024-02-02,Payload delivery,imphash,884310b1928934402ea6fec1dbd3cf5e,
2024-02-02,Payload delivery,ssdeep,196608:7za6kZALx/uFXRnpF393YZBOAP9rVEi0H:vFZLx/uFXtNYZBO49r0H,
2024-02-02,Other,size-in-bytes,6347307,
2024-02-02,Payload delivery,mime-type,application/x-dosexec,
2024-02-02,Payload delivery,md5,0c6b27ec0897b77e2ac643665e0f6adb,Malware payload
2024-02-02,Payload delivery,sha256,2ddf802c2a659e98254a47c2b267a04758b3a1963390655da57f30f52e8ef09e,Malware payload
2024-02-02,Payload delivery,tlsh,t186917466251c0cbdc7284b92a05c76e76bae027350d4fd2888bd5f4ca5ff2b141b69,
2024-02-02,Payload delivery,ssdeep,96:jjnekxq8pVFawTH9o2nTv71vzhHtsIZhtSR+:jjnvguFaA9o2nbdhNsIrtSR+,
2024-02-02,Other,size-in-bytes,4215,
2024-02-02,Payload delivery,mime-type,application/json,
2024-02-02,Payload delivery,md5,d62d0e62d08c863a05dcbc652b786d7b,Malware payload
2024-02-02,Payload delivery,sha256,b09f58d24be98989a5d8493ee327545331a716a80b6be32117b29c2312b19b26,Malware payload
2024-02-02,Payload delivery,tlsh,t192a186eb61691cbcca19c7c694d93b8797fc011352a4ec28ac9c5b0c92ff97153669,
2024-02-02,Payload delivery,ssdeep,48:Yxg3SPhJSPdqKkY7EbnlUQl2ghpk6nYK+z1DF4w0dM0tXnGbZ2up9WSgyUfi1vUW:QOWkBhKWbZz9BEi1vUb8pbbY3QfzP,
2024-02-02,Other,size-in-bytes,5033,
2024-02-02,Payload delivery,mime-type,application/json,
2024-02-02,Payload delivery,md5,e73f645402693ac60abec568f7b9f027,Malware payload
2024-02-02,Payload delivery,sha256,960ce267f6307f458cf0f9fdaa9d3d5e33df2a04a9513504ffe391562927f6f9,Malware payload
2024-02-02,Payload delivery,tlsh,t16e5633ecb7996a313373d1dc6cad0909570a471cc30d429e2be96a9a94e63f84778d,
2024-02-02,Payload delivery,ssdeep,98304:nDZkDxPGPIXsS38rMh6/VBamHEu69uAxRqt1UlvuMXZPtPakoBFfoweZ5LpOwiMz:ntMxPMICwA62EunAvlvuMJPt/oBFfowe,
2024-02-02,Other,size-in-bytes,6174812,
2024-02-02,Payload delivery,mime-type,application/octet-stream,
2024-02-02,Payload delivery,md5,b9a77fadca1e0b0a61821d9c7366ee95,Malware payload
2024-02-02,Payload delivery,sha256,c2be2e9e692dbc3298a18f24a883ea5c64a61e7fc8b8d5290e23a5b46c12a9c6,Malware payload
2024-02-02,Payload delivery,tlsh,t19ca1a89712585cbccf14c7d645da3aab87ed0013a2a4ac24eded5f0c91ff8b10226d,
2024-02-02,Payload delivery,ssdeep,48:Yxg3SPhJSPdqKkY7EbnlUQl2y/hpk6nYK+zobgDF4w0dM0tXcg/i2up9WXibUfiX:QOkDkBtKCz93Ei1vnfYtEouiAhP,
2024-02-02,Other,size-in-bytes,4788,
2024-02-02,Payload delivery,mime-type,application/json,
2024-02-02,Payload delivery,md5,090329835be1b1207c83753ce68bc542,Malware payload
2024-02-02,Payload delivery,sha256,f18f8dd1c83cedfbd534cc014d50a84a29f81119910ae9813b9953909ce741cf,Malware payload
2024-02-02,Payload delivery,tlsh,t1bf91536629386d7cca58c5ca98fc3d4e567e005bf2609c14a6de8e0ae2ff1f143a61,
2024-02-02,Payload delivery,ssdeep,96:ey/rkYOhDH5R0DWfrfT594ds1Y7g1vUreHTMsgiFE1BsJeR:ey/QThr5RIWfrt94ds1Y7FrezMsgiFEt,
2024-02-02,Other,size-in-bytes,4624,
2024-02-02,Payload delivery,mime-type,application/json,
2024-02-02,Payload delivery,md5,264fa2ad8ac47c91faf53c65db0037ee,Malware payload (Smoke Loader)
2024-02-02,Payload delivery,sha256,c8ffc49acba9fbb3a88d3b741eb2b42a72309e680bf835166d92faf1139a6ce0,Malware payload (Smoke Loader)
2024-02-02,Payload delivery,tlsh,t15e34cf2176e2d0b1e5bb04704970dbe06ebf7cb656b4805f27a83b6f2e753904a663,
2024-02-02,Payload delivery,imphash,81e86234e08eee20f287d99d24a311b6,
2024-02-02,Payload delivery,ssdeep,3072:Q2TsPLbrk5yWdzC/Jgmkdrse4R6o6nsVGJX7ir05sVQ7X0FZx6TV45:wPLAyWZsJ04V6nsVgw5G7kFZT,
2024-02-02,Other,size-in-bytes,235520,
2024-02-02,Payload delivery,mime-type,application/x-dosexec,
2024-02-02,Payload delivery,md5,a84a2a72b2c10a6bea2d2ffa08e08c0e,Malware payload (Stealc)
2024-02-02,Payload delivery,sha256,383a280f9a5d164e6bdd8434e37586fd693cac50bdf8a007600a920de0ffbe58,Malware payload (Stealc)
2024-02-02,Payload delivery,tlsh,t1c034c0117ae3d572ddb741709870dbb02e7bbcb6527480af33a42b6f1e716814a627,
2024-02-02,Payload delivery,imphash,81e86234e08eee20f287d99d24a311b6,
2024-02-02,Payload delivery,ssdeep,3072:4M2TYuLrrkGtsEc8/Jm9vv9UpPvJA5zvZ00Ezo/X7ifX5h/x6TV45:JuLTtsEcQm9vCpPviVR0q0f/T,
2024-02-02,Other,size-in-bytes,237056,
2024-02-02,Payload delivery,mime-type,application/x-dosexec,
2024-02-02,Payload delivery,md5,b9bd1b39e998e80013e8420ed0850d7b,Malware payload
2024-02-02,Payload delivery,sha256,fb8a6feb954c444a2b290029075eff03d881eabc1a98a0425ef23dfc84be8676,Malware payload
2024-02-02,Payload delivery,tlsh,t161b533d75b312c86e0874b3905a55768a9432d8f6c1206f43fc1f46a47bcbf1e96af,
2024-02-02,Payload delivery,imphash,baa93d47220682c04d92f7797d9224ce,
2024-02-02,Payload delivery,ssdeep,49152:2pJzo5rA1pSGkD7A6wW3lRne1KXoXHg4yvIem13h+2lbQv:2Hzo5rA1u7Nw/wA4l2lw,
2024-02-02,Other,size-in-bytes,2274816,
2024-02-02,Payload delivery,mime-type,application/x-dosexec,
2024-02-02,Payload delivery,md5,6de6b8ba23ecffba9ddc69fa798bf80a,Malware payload
2024-02-02,Payload delivery,sha256,efd45f7b683c9a480e191bded48c912477e9716cbe24408de345f580833ea9b3,Malware payload
2024-02-02,Payload delivery,tlsh,t185b533ebc33982abe7875778cb08da5921434c5b08a5664d649dfa2be77e0f4c170e,
2024-02-02,Payload delivery,imphash,baa93d47220682c04d92f7797d9224ce,
2024-02-02,Payload delivery,ssdeep,49152:1L3yqW05NbuIf7ZQtfSYb0l4gjoGA0XqdHENAhoVfa0jymbr3yu:1LCunztcSm0ljoGA0XqdkNjNfbry,
2024-02-02,Other,size-in-bytes,2283520,
2024-02-02,Payload delivery,mime-type,application/x-dosexec,
2024-02-02,Payload delivery,md5,bf10691263c37eb8530c081b35fe1f85,Malware payload (RiseProStealer)
2024-02-02,Payload delivery,sha256,6d4acab168c476db15d07f701b81bb1f6061f81653e2c96bb39ba475ce23dab2,Malware payload (RiseProStealer)
2024-02-02,Payload delivery,tlsh,t1bb4533b90a41d221f31965f4190bacb5f869bc2c054dd6137b1b69962b3423fff8fa,
2024-02-02,Payload delivery,imphash,5ab723dc8d5af21b79dc301ed6a56a64,
2024-02-02,Payload delivery,ssdeep,24576:ju/lSIjn3O+dovCzV8eWzwQ+z+8tdag07l8q3:6/lSDvCzm9l+dd10/,
2024-02-02,Other,size-in-bytes,1195520,
2024-02-02,Payload delivery,mime-type,application/x-dosexec,
2024-02-02,Payload delivery,md5,99cc75bc545480f5f5da567bd4f40dab,Malware payload
2024-02-02,Payload delivery,sha256,615a9a69d75d7641e946023ab27dcd8c4edabde6372c3433d6de8cf9e1680f62,Malware payload
2024-02-02,Payload delivery,tlsh,t142159e0273d1c062ffab92334b5af6515bbc69260123e61f13a81d79be701b1563e7,
2024-02-02,Payload delivery,imphash,948cc502fe9226992dce9417f952fce3,
2024-02-02,Payload delivery,ssdeep,12288:iqDEvFo+yo4DdbbMWu/jrQu4M9lBAlKhQcDGB3cuBNGE6iOrpfe4JdaDgaaTH:iqDEvCTbMWu7rQYlBQcBiT6rprG8aqH,
2024-02-02,Other,size-in-bytes,918016,
2024-02-02,Payload delivery,mime-type,application/x-dosexec,
2024-02-02,Payload delivery,md5,8562a458ebc1e31d23b258396671bf25,Malware payload (Amadey)
2024-02-02,Payload delivery,sha256,1f0f5a0d0e61a587ece7adeaa3dc8946e151bf3b4836249158485ab054177b36,Malware payload (Amadey)
2024-02-02,Payload delivery,tlsh,t14f0523ff0a280a94e43ae6f254a541a1ffed3cd81648ee25750f04e90f589bedf369,
2024-02-02,Payload delivery,imphash,7515ecf8c0dfa4d230ad835fe0acb57f,
2024-02-02,Payload delivery,ssdeep,12288:J/x7FF3yqCudTMn2MbYbnIo7YNQ8LPxez8dFlZqB9UuoUkGqeQjUFfRYvm4ybP:NZLCupeKnJwQfz+8Quo7YMu7b,
2024-02-02,Other,size-in-bytes,810496,
2024-02-02,Payload delivery,mime-type,application/x-dosexec,
2024-02-02,Payload delivery,md5,89370e5844456860fe1bb92e6e5b0358,Malware payload
2024-02-02,Payload delivery,sha256,793ce74202e092f9c44275c3f4349720a4c07e40d181cfddae2f33d91383b6c8,Malware payload
2024-02-02,Payload delivery,tlsh,t102a1645b31551cac861487eb98e13e8b97bd00a3a184ac18b8ad5f5c96fe4f103759,
2024-02-02,Payload delivery,ssdeep,48:Yxg3SPhJSPdqKkY7EbnlUQl2jJRifk/n0+aWKSPmDF4w0biYtXDSPGq2Hp9Wcsep:QOckTaUeuef49VEMG1vHRA5rAub9t,
2024-02-02,Other,size-in-bytes,4922,
2024-02-02,Payload delivery,mime-type,application/json,
2024-02-02,Payload delivery,md5,6aac0d577d0af15edbdc74594f773247,Malware payload
2024-02-02,Payload delivery,sha256,e83edcdf54df747d6b7c6eafd39f572cffb3cbd1769016b33e9dd92492745f5a,Malware payload
2024-02-02,Payload delivery,tlsh,t1faa175ab51692cbccb14c7d258d93e8797ed0053a2a8ac18bced5f0c92ff4a203655,
2024-02-02,Payload delivery,ssdeep,48:Yxg3SPhJSPdqKkY7EbnlUQl2nhpk6nYK+z9SPmDF4w0dM0tXDSPGo2up9WvseNE0:QOJkBIeKezz9EEEi1vZhYxaAHrdP,
2024-02-02,Other,size-in-bytes,4939,
2024-02-02,Payload delivery,mime-type,application/json,
2024-02-02,Payload delivery,md5,0ed097ddccd9506a018a39711419370b,Malware payload (Smoke Loader)
2024-02-02,Payload delivery,sha256,d09682f166b357dd1ea8638b3c6ae421a14a677b47cb5e918d83e21bd75208de,Malware payload (Smoke Loader)
2024-02-02,Payload delivery,tlsh,t13134cfa17ae1d1b2e5ab047189b0deec1e7bbca65670405f33982b6f2d307c049663,
2024-02-02,Payload delivery,imphash,81e86234e08eee20f287d99d24a311b6,
2024-02-02,Payload delivery,ssdeep,3072:Ym2TMPL7rkGN31/tjK7yXD4rFgZJxPEJOBaosz65+nZrSX7iuX5Y5ox6TV45:bPLjN1tm7yzLEJOBaowrSdm2T,
2024-02-02,Other,size-in-bytes,235520,
2024-02-02,Payload delivery,mime-type,application/x-dosexec,
2024-02-02,Payload delivery,md5,aa09959ba354f84b5b00ae0bcd9d5ae4,Malware payload (Healer)
2024-02-02,Payload delivery,sha256,c583fbd5bc4184a08f944a73220ca99f91077548317a86023ce36241996f6260,Malware payload (Healer)
2024-02-02,Payload delivery,tlsh,t145d423fe25bf5202e2a028f1306b44a4666c3d8e5549ee99d39f1b870e740fe6b517,
2024-02-02,Payload delivery,imphash,436f7e4bc6bece183fb5bacd9f2ff7d3,
2024-02-02,Payload delivery,ssdeep,12288:Eto7YNQMch4WioPJicryGBWECTlK9HnGBJOXNpbycdcSYsS8:E+wQMN6icoECwtGB2cY,
2024-02-02,Other,size-in-bytes,617472,
2024-02-02,Payload delivery,mime-type,application/x-dosexec,
2024-02-02,Payload delivery,md5,30f53c419287558be466fd46ceeefbee,Malware payload
2024-02-02,Payload delivery,sha256,d67cf42f18a0a161c19c90648e74b56bc1bc81f3fe2c49f930af26bd3f39c790,Malware payload
2024-02-02,Payload delivery,tlsh,t17ea1b7ab32664c7cca1487ea98d53e8b57ac00b3a194dc14b9ed5f4c91fe8f103799,
2024-02-02,Payload delivery,ssdeep,48:Yxg3SPhJSPdqKkY7EbnlUQl2yRifk/n0+aW0DF4w0biYtXnR2Hp9WO8ZUxG1v+be:QOJkTa1uh49AMG1vSmAps,
2024-02-02,Other,size-in-bytes,4856,
2024-02-02,Payload delivery,mime-type,application/json,
2024-02-02,Payload delivery,md5,6a237714fd9776008c8a2da6d7975f79,Malware payload
2024-02-02,Payload delivery,sha256,86e433688a4e189dcbc764f2ff633a08908dafff97a015978607a5252c086f88,Malware payload
2024-02-02,Payload delivery,tlsh,t15d9153aa26095dbdcb9496d3d5843ac7d76e0053a194dd2ce8fdcb08e1ef1f10276a,
2024-02-02,Payload delivery,ssdeep,48:YxY6wzdlpkofn16Ru+FvDF4w0NhtXpk2Kp9Wo6sUHs1vFbvKzRteU3wxioorbxMG:7pkocRtxYyH97Ss1vdTHWxMgx,
2024-02-02,Other,size-in-bytes,4403,
2024-02-02,Payload delivery,mime-type,application/json,
2024-02-02,Payload delivery,md5,80f30426f9c289f85028326674cf74c8,Malware payload
2024-02-02,Payload delivery,sha256,b4baab18e75560f2a0b052c0768fc7e3bed4608d63d55cd008ed542da2286c62,Malware payload
2024-02-02,Payload delivery,tlsh,t1779195b7152c4cbc8a2487d3a5a43b9756bf4567e084ad68b9fc8f08e0fe1f501367,
2024-02-02,Payload delivery,ssdeep,96:YAvwl9kvQISnya0o9HT2FJ1vltPBiHRBkhunE:YAvZXo9z2FBixBkYE,
2024-02-02,Other,size-in-bytes,4329,
2024-02-02,Payload delivery,mime-type,application/json,
2024-02-02,Payload delivery,md5,ae4ae12557087aceae32ea7febe392b8,Malware payload
2024-02-02,Payload delivery,sha256,5d5700a39055a1abc56af77eb0d723d21a5228ec2d0e853069ea333749135857,Malware payload
2024-02-02,Payload delivery,tlsh,t1f19164aa26095dbcca4496d7e4543ad7c76e0093b198ed2ce4fd9f08a1ef1f04276e,
2024-02-02,Payload delivery,ssdeep,48:YxY6wadlpkofn16Ru+FzvDFU0NhtXN3rm/2xp9WhHp6Y2UHs1vhmObvK3moRteUX:apkocRtp9hEA9Sr2Ss1vhPMeHL49HBx,
2024-02-02,Other,size-in-bytes,4284,
2024-02-02,Payload delivery,mime-type,application/json,
2024-02-02,Payload delivery,md5,7ca0277514c6fa5caecfd1c95fe0f4e6,Malware payload
2024-02-02,Payload delivery,sha256,7519839251f0e603de58b34e69db5ca316544bcc215ff97177c47993e9341514,Malware payload
2024-02-02,Payload delivery,tlsh,t1ee91445a26085dbdcb9496d3e5443ac7d76e0053e194ee28e8fdcf08a1ef1f10275a,
2024-02-02,Payload delivery,ssdeep,48:YxY6wvdlpkofn16Ru+FvDF4w0NhtXpk2Kp9Wo6sUHs1vFbvKzRteU3wxioorb+ur:npkocRtxYyH97Ss1vdTHW+uRx,
2024-02-02,Other,size-in-bytes,4403,
2024-02-02,Payload delivery,mime-type,application/json,
2024-02-02,Payload delivery,md5,2fe49e9e09cf64df2e2845ac60646c42,Malware payload
2024-02-02,Payload delivery,sha256,ef0b21952199647a1996df352f7ea4873295f500ba5531a8b7b4f07142f4366e,Malware payload
2024-02-02,Payload delivery,tlsh,t1ee91756661181cbe862886cbe0547bf35bee05a391d4ac28c4ae9f5ca0ff6f101765,
2024-02-02,Payload delivery,ssdeep,96:zOzOD+km7O8ZlOFKiwTH9DnT71vfihHxisoZ50zkIkG4+:rPHKT9TTx+RJoD0zHkG3,
2024-02-02,Other,size-in-bytes,4262,
2024-02-02,Payload delivery,mime-type,application/json,
2024-02-02,Payload delivery,md5,897b50a47a9d4fd1984c582d1db22ffd,Malware payload (Stealc)
2024-02-02,Payload delivery,sha256,d14fde685d957fc6786148980490c88266c4a82b46f22e530752d78be41fcbda,Malware payload (Stealc)
2024-02-02,Payload delivery,tlsh,t16734cf20fae3d0b1d9ab057458b1dae46e7b7cb69674804f23982f7f6d702d04a653,
2024-02-02,Payload delivery,imphash,81e86234e08eee20f287d99d24a311b6,
2024-02-02,Payload delivery,ssdeep,3072:Y2T4uLLrk5yn9+976StlalQ0yViOgGngQX7irf509Mx6TV45:suLQy9zQU7yPJn9wG9MT,
2024-02-02,Other,size-in-bytes,235520,
2024-02-02,Payload delivery,mime-type,application/x-dosexec,
2024-02-02,Payload delivery,md5,531cefe155745434d2de7a05d43be2de,Malware payload
2024-02-02,Payload delivery,sha256,327abcd9c6ffce63fbfbe6c36683be6073974e6f70695ba57107135ed64da27a,Malware payload
2024-02-02,Payload delivery,tlsh,t120a187ab11691cbccb1487d255d93a8787ed0153a2d8ad18fced5f0c82ff4a603669,
2024-02-02,Payload delivery,ssdeep,48:Yxg3SPhJSPdqKkY7EbnlUQl2/hpk6nYK+zebDF4w0dM0tX8r82bp9WG9sYUfi1vJ:QOJkBAKpg9nEi1v1/YnL7MP,
2024-02-02,Other,size-in-bytes,4981,
2024-02-02,Payload delivery,mime-type,application/json,
2024-02-02,Payload delivery,md5,27a599f3a2380a61999ec74155ed330e,Malware payload
2024-02-02,Payload delivery,sha256,b89560bd8ff8cdcfbee063ccaf8ce8aca02ff526310cdef9fe4c009ce859d8d4,Malware payload
2024-02-02,Payload delivery,tlsh,t1caa1b9ab11691cbcc714c7d255d93a8787ed0113a2a8ad18fced5f0c82ff8b603669,
2024-02-02,Payload delivery,ssdeep,48:Yxg3SPhJSPdqKkY7EbnlUQl2qhpk6nYK+zebDF4w0dM0tX8r82bp9WG9sYUfi1vY:QOskBAKpg9nEi1v1/YcvZyP,
2024-02-02,Other,size-in-bytes,4971,
2024-02-02,Payload delivery,mime-type,application/json,
2024-02-02,Payload delivery,md5,d1a6c4e16ba953457c0104652436ed77,Malware payload
2024-02-02,Payload delivery,sha256,c41eb0652dc457fada4af9c1edddb2cc1e9ad95ff5384454211f79a87f83c22a,Malware payload
2024-02-02,Payload delivery,tlsh,t19091753662140cbd8628869fe4443eb35bee05a391d4ec28c4be5f5ca1ff6f111769,
2024-02-02,Payload delivery,ssdeep,96:zOzOL+km7O8ZlOFKiwTH9DnT71vfihHxisoZ5HMBh4+:jPHKT9TTx+RJoDsBh3,
2024-02-02,Other,size-in-bytes,4272,
2024-02-02,Payload delivery,mime-type,application/json,
2024-02-02,Payload delivery,md5,bb27c17c68ee81c906ec6843b7dab5d5,Malware payload
2024-02-02,Payload delivery,sha256,431f9a64a02cf4cb85cdf3c5b4861df909a68baf2b13bc23be01bd145697a7a0,Malware payload
2024-02-02,Payload delivery,tlsh,t10ca194ab32550cbd862487eb94e53e8b47ad0173a094ed18f4ad4f4c85ff8e5037a9,
2024-02-02,Payload delivery,ssdeep,48:Yxg3SPhJSPdqKkY7EbnlUQl2+Rifk/n0+aW/bDF4w0biYtX8rG2xp9WoKsYUxG1V:QO9kTakuNe9yMG1vbDAlYvB7,
2024-02-02,Other,size-in-bytes,4953,
2024-02-02,Payload delivery,mime-type,application/json,
2024-02-02,Payload delivery,md5,1c6e1aa852c7b2ca4a4b5de86d5312ef,Malware payload
2024-02-02,Payload delivery,sha256,594eb48aeb6dbb585ca45472b92f5e6d5293e5eb7d59aaf249fae194e185ceb3,Malware payload
2024-02-02,Payload delivery,tlsh,t1a3a1a8ab25795cfccb24c7c695893e8357ed0053a2a4ac14ecec6f0c91fe4b14269a,
2024-02-02,Payload delivery,ssdeep,48:Yxg3SPhJSPdqKkY7EbnlUQl2Ihpk6nYK+zMlFDF4w0dM0tXqlNjT2up9WMTv0mUb:QOekB6KoTz9DEi1vgQYpP4pWP,
2024-02-02,Other,size-in-bytes,4850,
2024-02-02,Payload delivery,mime-type,application/json,
2024-02-02,Payload delivery,md5,fc8b25b0cf81c0ef1c51ca225fde54e6,Malware payload
2024-02-02,Payload delivery,sha256,fba540a40bd4f14c1c55529905263a0cdd7f5ac932a7d239b7f5efe8946bc424,Malware payload
2024-02-02,Payload delivery,tlsh,t1b0a163ab31151cacc62987ea94e53b8b57bc01639494ec28f49c5f5892ff8f1437a9,
2024-02-02,Payload delivery,ssdeep,48:Yxg3SPhJSPdqKkY7EbnlUQl2kRifk/n0+aWCDF4w0biYtXnQbZ2Hp9WjyUxG1vCa:QO3kTa1uAbZ49bMG1vCb8vbJA9l1wR,
2024-02-02,Other,size-in-bytes,5005,
2024-02-02,Payload delivery,mime-type,application/json,
2024-02-02,Payload delivery,md5,de1b9cd805a1cf8eb56316a5401d4340,Malware payload (RiseProStealer)
2024-02-02,Payload delivery,sha256,7f9a6b1996b128cba53bc6eff01c3efdc32fd57c10c7b9cbcf8743aec98b182e,Malware payload (RiseProStealer)
2024-02-02,Payload delivery,tlsh,t1f445333a201dc905c6b1b4f9705b44d8df38b9cd65c09bba62eb498850252eee76fd,
2024-02-02,Payload delivery,imphash,5ab723dc8d5af21b79dc301ed6a56a64,
2024-02-02,Payload delivery,ssdeep,24576:oiiBPfTc1vLrS073hRtkbH37YyCwQ86icoECq2eY/5o9FhQ:xiBQ1H37x/kDsljoECekivQ,
2024-02-02,Other,size-in-bytes,1196032,
2024-02-02,Payload delivery,mime-type,application/x-dosexec,
2024-02-02,Payload delivery,md5,7c84c685bb0d6c9fcb3bc117c82452ee,Malware payload
2024-02-02,Payload delivery,sha256,c93c8f133f5daa21be0094df816621ed5e177f341257eeb2399a545fa5b631e1,Malware payload
2024-02-02,Payload delivery,tlsh,t174a185ab31551cacc62987da94e53f8b87bc01639494dc28a4ac9f5cd6ff8f1037ad,
2024-02-02,Payload delivery,ssdeep,48:Yxg3SPhJSPdqKkY7EbnlUQl2bRifk/n0+aWCDF4w0biYtXnQbZ2Hp9WjyUxG1vCe:QOSkTa1uAbZ49bMG1vCb8vbJAZfm,
2024-02-02,Other,size-in-bytes,5015,
2024-02-02,Payload delivery,mime-type,application/json,
2024-02-02,Payload delivery,md5,4cb774cad7f2704d0c2a88324995a12d,Malware payload
2024-02-02,Payload delivery,sha256,8331a75892cca7c6bc731a4f20205679d6721ee2affb678774451012712393a7,Malware payload
2024-02-02,Payload delivery,tlsh,t166a196ab11681cbdc714cbd255d93a8787ed0153a2a8ac18fced5f0c82ff5b603669,
2024-02-02,Payload delivery,ssdeep,48:Yxg3SPhJSPdqKkY7EbnlUQl2shpk6nYK+zebDF4w0dM0tX8r82bp9WG9sYUfi1v4:QOWkBAKpg9nEi1v1/YYeun5IP,
2024-02-02,Other,size-in-bytes,4971,
2024-02-02,Payload delivery,mime-type,application/json,
2024-02-02,Payload delivery,md5,3ac5026eb8cd89ad1680f075a5784e32,Malware payload
2024-02-02,Payload delivery,sha256,fb1110edd8140d04224954c17d361c9e796bde56474ee1195c29aeb2bab9b039,Malware payload
2024-02-02,Payload delivery,tlsh,t15241cb7ccf29f8e0033db0a088492e2620949e57d6b58e24d9574ee62d7c24adf2b1,
2024-02-02,Payload delivery,ssdeep,48:LGfEFWuJqs9HZNjd+SfprcKyK0hE6S1FtfsC5P3RX5ZWiaoIhSNtUF:LGfEFW87jd+Sfpbaq6S1FtfsC5P39EfP,
2024-02-02,Other,size-in-bytes,2219,
2024-02-02,Payload delivery,mime-type,text/plain,
2024-02-02,Payload delivery,md5,b3a51dba2d11164d392fe9ba3e4adb73,Malware payload
2024-02-02,Payload delivery,sha256,8c90c6c0b6181fae6584cb46d05aa6c74e1c0c00bca8b3353f56538bb71ca8a6,Malware payload
2024-02-02,Payload delivery,tlsh,t16391649926095dbcca5496d3d4903ad7876e1093b198de2ce4fd9f08f1ff1f04276a,
2024-02-02,Payload delivery,ssdeep,48:YxY6w0dlpkofn16Ru+FzvDFU0NhtXN3rm/2xp9WhHp6Y2UHs1vhmObvK3moRteUs:8pkocRtp9hEA9Sr2Ss1vhPMeHLBNx,
2024-02-02,Other,size-in-bytes,4284,
2024-02-02,Payload delivery,mime-type,application/json,
2024-02-02,Payload delivery,md5,819620131b84d4bee6b9caa1c58fa839,Malware payload (Stealc)
2024-02-02,Payload delivery,sha256,acdadeccfcd0377eb784b2a8b2ef816362d0581e3396001350ef65fc34f3b683,Malware payload (Stealc)
2024-02-02,Payload delivery,tlsh,t16734b021fae2c5bdda6781b489b0cef42f7b7c665674815f33982b7f1d702904a623,
2024-02-02,Payload delivery,imphash,81e86234e08eee20f287d99d24a311b6,
2024-02-02,Payload delivery,ssdeep,3072:d22TMPL7rkGNjfrP0Gep/0NPjxfePlONS3nektZJuM7X7iDX5D09ZAAx6TV45:0PLjNUpcNPjxbS3X77IR0oAT,
2024-02-02,Other,size-in-bytes,236544,
2024-02-02,Payload delivery,mime-type,application/x-dosexec,
2024-02-02,Payload delivery,md5,c61050066d9401ab04f24cf0155d1fe2,Malware payload
2024-02-02,Payload delivery,sha256,76c4ab01e3e355b1ab9b356655338aad762b5528dbad1255ac569f0cdbd2d68e,Malware payload
2024-02-02,Payload delivery,tlsh,t160a185ab11695cbccb14c7c695c93a8797ed015363a8ec18fded6f0c92fe4a103659,
2024-02-02,Payload delivery,ssdeep,48:Yxg3SPhJSPdqKkY7EbnlUQl2+hpk6nYK+z1DF4w0dM0tXnT2up9WSFo8ZUfi1vAc:QOAkB5KDz9vLEi1vYYYZyKKbP,
2024-02-02,Other,size-in-bytes,4874,
2024-02-02,Payload delivery,mime-type,application/json,
2024-02-02,Payload delivery,md5,3af4cca0362bba15fb0b484dac3671dd,Malware payload
2024-02-02,Payload delivery,sha256,213833d0f79ed6a586712a2b5bd9acdf08c947155472c087b589f0a4ad9f1bb5,Malware payload
2024-02-02,Payload delivery,tlsh,t1e8a1b4ab32550cbc86248bea94e53e8b47ad0163a194ec18f4ed4f4c85ff8f5037a9,
2024-02-02,Payload delivery,ssdeep,48:Yxg3SPhJSPdqKkY7EbnlUQl2dyRifk/n0+aW/bDF4w0biYtX8rG2xp9WoKsYUxGy:QOHkTakuNe9yMG1vbDAJu1E,
2024-02-02,Other,size-in-bytes,4963,
2024-02-02,Payload delivery,mime-type,application/json,
2024-02-02,Payload delivery,md5,9d00a0233412ae3c7799c53d95298a7a,Malware payload
2024-02-02,Payload delivery,sha256,0e172397778fbb689f022221c0e2e2d769e33950835b011e40ae29b49bad3d39,Malware payload
2024-02-02,Payload delivery,tlsh,t12891512625386d7cc758c8ca88fc3d8e567e005bf1609c18a5de8e0ae2ff1f183a65,
2024-02-02,Payload delivery,ssdeep,96:eyarkYOhDH5R0DWfrfT594ds1Y7g1vUreHTMsgiFEb79JeR:eyaQThr5RIWfrt94ds1Y7FrezMsgiFEC,
2024-02-02,Other,size-in-bytes,4614,
2024-02-02,Payload delivery,mime-type,application/json,
2024-02-02,Payload delivery,md5,a42d269dc1eee8240c2563f5e64b5b76,Malware payload
2024-02-02,Payload delivery,sha256,0d46bb765e62956c3b5155d5344f05a93754fc4e918524651ccc7539e467c4a3,Malware payload
2024-02-02,Payload delivery,tlsh,t13da1a89712685cbccb14c7d685da3aa787ed0013a2a4ac18edfd5f0c91ff8b50266d,
2024-02-02,Payload delivery,ssdeep,48:Yxg3SPhJSPdqKkY7EbnlUQl2PKhpk6nYK+zobgDF4w0dM0tXcg/i2up9WXibUfiN:QOh6kBtKCz93Ei1vnfYktP,
2024-02-02,Other,size-in-bytes,4788,
2024-02-02,Payload delivery,mime-type,application/json,
2024-02-02,Payload delivery,md5,9d1d058034645236ad30ea1b82578771,Malware payload (Mirai)
2024-02-02,Payload delivery,sha256,2890eef1304e6d48b7e26f96e9b81f831c82c02329e6b11c3d64143d47d42a01,Malware payload (Mirai)
2024-02-02,Payload delivery,tlsh,t1613317c4e903ddfddc5619712137eb328772f13b1029ea87e7acaa22ac46b41d4472,
2024-02-02,Payload delivery,ssdeep,1536:O13kynNjv6czSEZeLmI37KNCgoTcpoQzWxS2RAfah5yQ:AUyntv6cuEZ437KAgowpoeiSi1D,
2024-02-02,Other,size-in-bytes,54864,
2024-02-02,Payload delivery,mime-type,application/x-executable,
2024-02-02,Payload delivery,md5,e1caa7821d4958693b6c878651bcbc89,Malware payload
2024-02-02,Payload delivery,sha256,fb1f1b2fb48ce605262a4703e740ebb9630e29f8f3d18a9f34b53cadb33a79c9,Malware payload
2024-02-02,Payload delivery,tlsh,t193a184eb61695cbcca2987c290d93b8397fc015352a4ec24a8ac5b0cd3ff87143669,
2024-02-02,Payload delivery,ssdeep,48:Yxg3SPhJSPdqKkY7EbnlUQl2ahpk6nYK+z1DF4w0dM0tXnGbZ2up9WSgyUfi1vUG:QO8kBhKWbZz9BEi1vUb8pbbYjrMNP,
2024-02-02,Other,size-in-bytes,5023,
2024-02-02,Payload delivery,mime-type,application/json,
2024-02-02,Payload delivery,md5,da78946fd17395b557babaf451c1ebf9,Malware payload
2024-02-02,Payload delivery,sha256,7e87578463c240a81e9d88e469153d5035dbdd79af1b6dccdc91f784c15d2327,Malware payload
2024-02-02,Payload delivery,tlsh,t135917552251c0cbdc7294a93a01c7ad76bee0267a0d4fd2888bd5f0ca5ff2b141769,
2024-02-02,Payload delivery,ssdeep,96:jjNekxq8pVFawTH9o2nTv71vzhHtsIZhciE0LDR+:jjNvguFaA9o2nbdhNsIrC0LDR+,
2024-02-02,Other,size-in-bytes,4215,
2024-02-02,Payload delivery,mime-type,application/json,
2024-02-02,Payload delivery,md5,abd851f30d140048d2d3f0f4ad5fb36c,Malware payload
2024-02-02,Payload delivery,sha256,8f2b24cc54bd3ec8b293c14c57b30cc538af338398b172606161654254c73cf5,Malware payload
2024-02-02,Payload delivery,tlsh,t1bea1855f31561cac862487ea98e13e8b97ad00a3a094ec18b8ed5f5ca5ff8e103759,
2024-02-02,Payload delivery,ssdeep,48:Yxg3SPhJSPdqKkY7EbnlUQl21PRifk/n0+aWKSPmDF4w0biYtXDSPGq2Hp9WcseY:QOkkTaUeuef49VEMG1vHRAbct,
2024-02-02,Other,size-in-bytes,4922,
2024-02-02,Payload delivery,mime-type,application/json,
2024-02-02,Payload delivery,md5,95b990057df6d658244f1a4399e384ea,Malware payload
2024-02-02,Payload delivery,sha256,1540f5012596503695c92898fcd94892b42c1ca42bcdde68b8b22d1e309a042f,Malware payload
2024-02-02,Payload delivery,tlsh,t1c041dc7ccf29f8e0033db1a08c492e2620949e57d6f58e24d9574ee62d7c20acf2b1,
2024-02-02,Payload delivery,ssdeep,48:LGfEFWuJqs9HZNjd+SfprcKyK0hE6S1FtfsC5P3RX5ZWiaoIhSNtob:LGfEFW87jd+Sfpbaq6S1FtfsC5P39EfF,
2024-02-02,Other,size-in-bytes,2219,
2024-02-02,Payload delivery,mime-type,text/plain,
2024-02-02,Payload delivery,md5,3bb48b232685f8d4655de81e04463b6d,Malware payload
2024-02-02,Payload delivery,sha256,93981f410c06b30a24e0239606caabb36c75336ff8b03ee63434e57b00083ed8,Malware payload
2024-02-02,Payload delivery,tlsh,t19a91545a26095dbdcb9496d3d4843ad7d7ae0453e194ed3cd4bd8f08e1ef1f10276a,
2024-02-02,Payload delivery,ssdeep,48:YxY6wLdlpkofn16Ru+FvDF4w0NhtXpk2Kp9Wo6sUHs1vFbvKzRteU3wxioorbLUB:TpkocRtxYyH97Ss1vdTHWwXx,
2024-02-02,Other,size-in-bytes,4403,
2024-02-02,Payload delivery,mime-type,application/json,
2024-02-02,Payload delivery,md5,8d93845ba27e27b364616e393df032b3,Malware payload
2024-02-02,Payload delivery,sha256,7bd075c5881b0b5a3317e692ff4288ebaaf1a04393d4129f0e6c4c8af4a49bb7,Malware payload
2024-02-02,Payload delivery,tlsh,t1f3a1849b21692cbc8a1487d299d93e8797ed0053a298ac18fcec5f0c92ff4b103659,
2024-02-02,Payload delivery,ssdeep,48:Yxg3SPhJSPdqKkY7EbnlUQl2puhpk6nYK+z9SPmDF4w0dM0tXDSPGo2up9WvseNH:QOqkBIeKezz9EEEi1vZhYsnYdP,
2024-02-02,Other,size-in-bytes,4940,
2024-02-02,Payload delivery,mime-type,application/json,
2024-02-02,Payload delivery,md5,a104a7510be3373b1b7d9d88fded269c,Malware payload (BumbleBee)
2024-02-02,Payload delivery,sha256,4ee8d495d5025f9371d06cf9f5c703167fdc3d06dd278ddd016bbb74019d7b42,Malware payload (BumbleBee)
2024-02-02,Payload delivery,tlsh,t1f245f011e2920ff9d472927a816b262fbb307e5c4714d377abc0d2377d927e05b1aa,
2024-02-02,Payload delivery,imphash,47e01530ad43ec939d1c47709a80a5c6,
2024-02-02,Payload delivery,ssdeep,24576:3e7b256IJI5tQO48+LnlOSN9QlIlnxXpcmL4fyYzJ98:mhoP8+ZOS7lnxXC3e,
2024-02-02,Other,size-in-bytes,1223186,
2024-02-02,Payload delivery,mime-type,application/x-dosexec,
2024-02-02,Payload delivery,md5,67d5693ad5a5d62701bae7fcf143c240,Malware payload (Amadey)
2024-02-02,Payload delivery,sha256,5f701be2cec0b53ae6fc19a588bc02e53f7c9554ff11414a1fd2daab4e984179,Malware payload (Amadey)
2024-02-02,Payload delivery,tlsh,t1f905337cd22b5361c52262bb84d25b983fbc3e1d2785cb13246fac950eb5d8f974a8,
2024-02-02,Payload delivery,imphash,7515ecf8c0dfa4d230ad835fe0acb57f,
2024-02-02,Payload delivery,ssdeep,12288:YDvhJnBTOzddSRmnOo7YNQ5DzZYD/jGW/nSBFCELV37NauUPnIpRdmEnQFf+e:8NOzddOmnnwQlFHW/nSyu0kyFf,
2024-02-02,Other,size-in-bytes,811520,
2024-02-02,Payload delivery,mime-type,application/x-dosexec,
2024-02-02,Payload delivery,md5,027cee3712d4e7d6c340a818b9eb37f8,Malware payload
2024-02-02,Payload delivery,sha256,9f30475420f1fa84eda5dda7bc2e1e3ce81558dcaed9f6410b485929d30445c8,Malware payload
2024-02-02,Payload delivery,tlsh,t10ba1b76b36664cbcc624c7ea94e23e4753ac00b7a194ec14e8ac5f5c95ee8f1037e9,
2024-02-02,Payload delivery,ssdeep,48:Yxg3SPhJSPdqKkY7EbnlUQl2TRifk/n0+aWblFDF4w0biYtXqlNBT2Hp9Wt0mUxG:QOakTaGuIT49YMG1veKAdLc,
2024-02-02,Other,size-in-bytes,4832,
2024-02-02,Payload delivery,mime-type,application/json,
2024-02-02,Payload delivery,md5,4a8aff4200a262de3ddaa21945ecf055,Malware payload
2024-02-02,Payload delivery,sha256,46602dc2fca62d95e807bffaec343bd0be57c4b7f6ec3d72cdc4727d9dea0d03,Malware payload
2024-02-02,Payload delivery,tlsh,t12f91c4b7162c4cadca1487d396903b87967f41a7f0849e28b9b98f0ce0fe1f41136a,
2024-02-02,Payload delivery,ssdeep,48:Yx5AvwlYYwjKbsJkmnh+0DFU0omOtXxR23p9WtY2UKJ1vybaKqRrC3wxioib/9+s:YAvwlgkv0S7U9/2FJ1vu8ib/9+ttE,
2024-02-02,Other,size-in-bytes,4323,
2024-02-02,Payload delivery,mime-type,application/json,
2024-02-02,Payload delivery,md5,95cefce0160a0d5d6a7ca9d2255a5701,Malware payload (Stealc)
2024-02-02,Payload delivery,sha256,76801dfa90be2f6c00744919de82ea555ed370b8d0f9c0904b64c635a74e4e39,Malware payload (Stealc)
2024-02-02,Payload delivery,tlsh,t1f534bf21fee2d4b2d9a741744874eaa46dbf78754674c19f33a83b6f2e703804a113,
2024-02-02,Payload delivery,imphash,81e86234e08eee20f287d99d24a311b6,
2024-02-02,Payload delivery,ssdeep,3072:82TsPLbrk5yjJQ7SECwWbTfJdL4o0M87EfZSiU2X7iSJ5eePeoQx6TV45:kPLAyC9CwWbDKX7EfDXp6eqT,
2024-02-02,Other,size-in-bytes,236544,
2024-02-02,Payload delivery,mime-type,application/x-dosexec,
2024-02-02,Payload delivery,md5,075aac440284094523e53b8b8e22f816,Malware payload
2024-02-02,Payload delivery,sha256,934c2237a97b75ac444e268fa384aa8e4af671782c0c566e5a557091de5ef949,Malware payload
2024-02-02,Payload delivery,tlsh,t14aa195ab31550cbc86248be794e13e8b47ad0163a198ad18f4ed4f4c85ff8f1037a9,
2024-02-02,Payload delivery,ssdeep,48:Yxg3SPhJSPdqKkY7EbnlUQl2hRifk/n0+aW/bDF4w0biYtX8rG2xp9WoKsYUxG1z:QOskTakuNe9yMG1vbDAQFb,
2024-02-02,Other,size-in-bytes,4951,
2024-02-02,Payload delivery,mime-type,application/json,
2024-02-02,Payload delivery,md5,466a9dfc2162426902d89d427a826be1,Malware payload
2024-02-02,Payload delivery,sha256,a7589630c159b6fe4aedd641209344837fffc8f0cc56e6e08a428407a733098f,Malware payload
2024-02-02,Payload delivery,tlsh,t19ca1979b25795cbdcb24c7c695c63e8357ed001392a4ad14eced5f0c91ff8b1426aa,
2024-02-02,Payload delivery,ssdeep,48:Yxg3SPhJSPdqKkY7EbnlUQl2ihpk6nYK+zMlFDF4w0dM0tXqlNjT2up9WMTv0mUY:QO4kB6KoTz9DEi1vgQYGhS9oVFP,
2024-02-02,Other,size-in-bytes,4850,
2024-02-02,Payload delivery,mime-type,application/json,
2024-02-02,Payload delivery,md5,3e0eb4c87db6af5c7f0e2cf7cc34e92f,Malware payload
2024-02-02,Payload delivery,sha256,b65da8b20d3aca30aa4b35e171428279f0bd9c21c2bb0f469ed0e3a2a051fbc3,Malware payload
2024-02-02,Payload delivery,tlsh,t13ca1c76b35654cbcc62487ea94e23e8757ad007760d4ed14e8ac4f5885fe8f1037ea,
2024-02-02,Payload delivery,ssdeep,48:Yxg3SPhJSPdqKkY7EbnlUQl2qRifk/n0+aWblFDF4w0biYtXqlNBT2Hp9Wt0mUx6:QOxkTaGuIT49YMG1veKAdM/L,
2024-02-02,Other,size-in-bytes,4842,
2024-02-02,Payload delivery,mime-type,application/json,
2024-02-02,Payload delivery,md5,28a42648987778c1e838ef94278a863d,Malware payload
2024-02-02,Payload delivery,sha256,db6dcfd272d03a74fcb8fbd1fc300c7c6227f2e150b062e5a19e42b9e027691a,Malware payload
2024-02-02,Payload delivery,tlsh,t14391417172180c7d823882c6b4597ad767be0257a0d4ec28a8fd4f0ca6ff1f205b59,
2024-02-02,Payload delivery,ssdeep,48:YxC4t2fbZkvnY+Cs+DF4w0nltXPSjeUT2Gp9WnTUd81vdE7b/KcRezbC3wxioor3:XbZknCs+w/05TH9I681vdEHAbpZcVBuO,
2024-02-02,Other,size-in-bytes,4238,
2024-02-02,Payload delivery,mime-type,application/json,
2024-02-02,Payload delivery,md5,11cba56c9fca8c542465d9c5d8ab74a6,Malware payload (RiseProStealer)
2024-02-02,Payload delivery,sha256,c5fac33a9f05641a63c1c49ed4a24ff4371cdd319be2579dffad9a59e8a88d1e,Malware payload (RiseProStealer)
2024-02-02,Payload delivery,tlsh,t1844533f54e039450ca39f230128502f9977537dc92ddeaab0a7f4e528d7c58dab0ab,
2024-02-02,Payload delivery,imphash,5ab723dc8d5af21b79dc301ed6a56a64,
2024-02-02,Payload delivery,ssdeep,24576:h8imuMA6ueIYSxowQZiyIakELl6Hu4MXtR:JtN6uUlAL8lq,
2024-02-02,Other,size-in-bytes,1195520,
2024-02-02,Payload delivery,mime-type,application/x-dosexec,
2024-02-02,Payload delivery,md5,6639af2a88d8b491d9c9829bd0fb376a,Malware payload
2024-02-02,Payload delivery,sha256,db14f3ea5bf0ddaabfbaf354aee17115c24338a49ecdcb272cde72965e0a14e8,Malware payload
2024-02-02,Payload delivery,tlsh,t15e91642629385c7ccb58c4ca98fc7d4e567e105bf1649c14a5ed8e0ae2ff1f183a65,
2024-02-02,Payload delivery,ssdeep,96:eyRrkYOhDH5R0DWfrfT594ds1Y7g1vUreHTMsgiFERhAcGJeR:eyRQThr5RIWfrt94ds1Y7FrezMsgiFE3,
2024-02-02,Other,size-in-bytes,4614,
2024-02-02,Payload delivery,mime-type,application/json,
2024-02-02,Payload delivery,md5,a718bba6901253781a5a417bf48be5c5,Malware payload
2024-02-02,Payload delivery,sha256,0f3c4f8c28074233386a373e027976ffc644d4f5ceaf334babec50b135b20098,Malware payload
2024-02-02,Payload delivery,tlsh,t13da1859732554cbc8b2487ea84e23e9b47ad00b7a4949c24a9ad5f4c91ff8f10276d,
2024-02-02,Payload delivery,ssdeep,48:Yxg3SPhJSPdqKkY7EbnlUQl2fRifk/n0+aWHbgDF4w0biYtXcgFi2Hp9WoibUxGL:QOekTaRug49KMG1v5vAlquW,
2024-02-02,Other,size-in-bytes,4770,
2024-02-02,Payload delivery,mime-type,application/json,
2024-02-02,Payload delivery,md5,48d3003b10a8bcfe182907182d7d9a76,Malware payload
2024-02-02,Payload delivery,sha256,65bfe431c492d9c727c125ebe09263ca17c87a61f70e9ba7ccb97e501dfe05a4,Malware payload
2024-02-02,Payload delivery,tlsh,t195b533f9e5f525d6c2df8b34758c15639a336e930563701e0460fc8287fd4b9aa2af,
2024-02-02,Payload delivery,imphash,baa93d47220682c04d92f7797d9224ce,
2024-02-02,Payload delivery,ssdeep,49152:d6AToIarghzhE4tgJQ3D92USH3rFuMjVTFqQvyOp4xY:dUMhm4tgm3Jxi3nVTFqEixY,
2024-02-02,Other,size-in-bytes,2305536,
2024-02-02,Payload delivery,mime-type,application/x-dosexec,
2024-02-02,Payload delivery,md5,954c78c5ecc9a160b4ce948d6ebbcde5,Malware payload
2024-02-02,Payload delivery,sha256,f50c9440b161eae27f2bbf0f7a40884abb71094a3a784e1e8cf92b654b6047eb,Malware payload
2024-02-02,Payload delivery,tlsh,t164a1b7ab15395c7ccf10c7c684c93a8797ed015363a8ac18bdad6f0c82ff8b142659,
2024-02-02,Payload delivery,ssdeep,48:Yxg3SPhJSPdqKkY7EbnlUQl2ahpk6nYK+z1DF4w0dM0tXnT2up9WSFo8ZUfi1vAg:QOckB5KDz9vLEi1vYYY2/QmORwP,
2024-02-02,Other,size-in-bytes,4874,
2024-02-02,Payload delivery,mime-type,application/json,
2024-02-02,Payload delivery,md5,57b5cb2e5ed91454deba3f6f37c2ef65,Malware payload
2024-02-02,Payload delivery,sha256,ec941945429e5c6464fe3f042c31e95ff5639731725d77a38d1c0e1d02a5382c,Malware payload
2024-02-02,Payload delivery,tlsh,t13791773561140cbd8628868be4447fe35bee05a39194ac28d4be5f5cb1ff6f101765,
2024-02-02,Payload delivery,ssdeep,96:zOzOr+km7O8ZlOFKiwTH9DnT71vfihHxisoZ5lAfAe4+:jPHKT9TTx+RJoDlMAe3,
2024-02-02,Other,size-in-bytes,4261,
2024-02-02,Payload delivery,mime-type,application/json,
2024-02-02,Payload delivery,md5,420962f310fbb29e1d06aa333dc01a1c,Malware payload
2024-02-02,Payload delivery,sha256,23481bee6839cc243ebf1b8f746cdb9bfaf578aaa1262b4727c1f3b693f8144a,Malware payload
2024-02-02,Payload delivery,tlsh,t18ba1769716685cbccb14c7d744da3aab87ed0053a3a4ac18aded5f0c91ff8b50262d,
2024-02-02,Payload delivery,ssdeep,48:Yxg3SPhJSPdqKkY7EbnlUQl2M5hpk6nYK+zobgDF4w0dM0tXcg/i2up9WXibUfim:QOckBtKCz93Ei1vnfYq8P,
2024-02-02,Other,size-in-bytes,4798,
2024-02-02,Payload delivery,mime-type,application/json,
2024-02-02,Payload delivery,md5,2a9e4ccc0a5b640e115e1a2d2a6eb58c,Malware payload
2024-02-02,Payload delivery,sha256,1e81425ac62dc7df1b3cb03cfed3f8b545c7560bc78f97e11df21bf3ebcb539d,Malware payload
2024-02-02,Payload delivery,tlsh,t120a1c8ab35560c7c8a2487ea98e53e8b576d01b3a194ec18f9ec5f4cc1ee8f143769,
2024-02-02,Payload delivery,ssdeep,48:Yxg3SPhJSPdqKkY7EbnlUQl2tRifk/n0+aW0DF4w0biYtXnR2Hp9WO8ZUxG1v+bK:QOYkTa1uh49AMG1vSmAOeE,
2024-02-02,Other,size-in-bytes,4856,
2024-02-02,Payload delivery,mime-type,application/json,
2024-02-02,Payload delivery,md5,015b9b60b42a2d7ba213b405e149bce6,Malware payload (BumbleBee)
2024-02-02,Payload delivery,sha256,f7b09a87d245e898e9c06075e0aeb2006031c75bee68d669263117436d0fb876,Malware payload (BumbleBee)
2024-02-02,Payload delivery,tlsh,t14845e011e2921fe8d477917681ab252fbb347e584311c377ebc0d2373d927a46b1ab,
2024-02-02,Payload delivery,imphash,47e01530ad43ec939d1c47709a80a5c6,
2024-02-02,Payload delivery,ssdeep,24576:TOlLPS/snbefBkOWG18PI3NuAb669Neky+pHb52mkTm3y2djZbx1xAX/:qt1p0GcppvQgy2dtJ0,
2024-02-02,Other,size-in-bytes,1223188,
2024-02-02,Payload delivery,mime-type,application/x-dosexec,
2024-02-02,Payload delivery,md5,0e9623ae7b09e637047fc9bae5fccc7e,Malware payload
2024-02-02,Payload delivery,sha256,d41bd34552521204654f7b41b29debb3a52593f35cef9c0f696fbef7d7ca9e0e,Malware payload
2024-02-02,Payload delivery,tlsh,t18791c4b7162c4cacca1487d796903b8796bf4167f0949e68b9f88f08e0fe1b51137a,
2024-02-02,Payload delivery,ssdeep,48:Yx5AvwlYYwRKbsJkmnh+0DFU0omOtXxR23p9WtY2UKJ1vybaKqRrC3wxioiS4pe3:YAvwlokv0S7U9/2FJ1vu8ijPMyNE,
2024-02-02,Other,size-in-bytes,4324,
2024-02-02,Payload delivery,mime-type,application/json,
2024-02-02,Payload delivery,md5,bc7358dcc8d450393ad2ee472b2cca47,Malware payload (Smoke Loader)
2024-02-02,Payload delivery,sha256,e853a11a0e4a5917668d04b5da145547f6be3bae4264954a1d6a84b0e43afb8f,Malware payload (Smoke Loader)
2024-02-02,Payload delivery,tlsh,t1d734bf117ae2d1b1d6ab0170587ccae87e7b7ca957704caf33683b5e2d707d046623,
2024-02-02,Payload delivery,imphash,81e86234e08eee20f287d99d24a311b6,
2024-02-02,Payload delivery,ssdeep,3072:GW2TsPLbrk5ygEqp1GbxDnIjIzyUirjeI2KdX7iyy573x6TV45:G6PLAygEqQsIzyPrCI2+JA3T,
2024-02-02,Other,size-in-bytes,236544,
2024-02-02,Payload delivery,mime-type,application/x-dosexec,
2024-02-02,Payload delivery,md5,6c6c2044b743f99e0d66b01d018b6c7c,Malware payload
2024-02-02,Payload delivery,sha256,38850a2121f8f58984dfb754d0aef83655b1e14f6d5a2da30cef3e95e386c912,Malware payload
2024-02-02,Payload delivery,tlsh,t1de91859a27085dbdc65496e3e5943ad7876e0093b094dd2ce8fd9f08e1ef1f002799,
2024-02-02,Payload delivery,ssdeep,48:YxY6widlpkofn16Ru+FkDFU0NhtXeV2Qp9We6T2UHs1vibvKqRteU3wxioLQX3kA:CpkocRtG9U/9K2Ss1veiHLQX3voSx,
2024-02-02,Other,size-in-bytes,4274,
2024-02-02,Payload delivery,mime-type,application/json,
2024-02-02,Payload delivery,md5,410cbdc8ce90f6fe101c8c5ca480d8ad,Malware payload
2024-02-02,Payload delivery,sha256,9a5ded02d453dafcd251e330f6f705b4aa6faa3e78dd7345c2c5499d88c9fb6e,Malware payload
2024-02-02,Payload delivery,tlsh,t139a176eb61691cbcca28c7c694d93b8797fc015352a4ec24acac5f0c92ff97153659,
2024-02-02,Payload delivery,ssdeep,48:Yxg3SPhJSPdqKkY7EbnlUQl2Bhpk6nYK+z1DF4w0dM0tXnGbZ2up9WSgyUfi1vU+:QO3kBhKWbZz9BEi1vUb8pbbYNHCPP,
2024-02-02,Other,size-in-bytes,5023,
2024-02-02,Payload delivery,mime-type,application/json,
2024-02-02,Payload delivery,md5,6b1be954e0df290b70cad7e6886fc5d5,Malware payload
2024-02-02,Payload delivery,sha256,ad7f1efeb397e3c971d5b4c8cdeeec7d81cb57bce23029e6f6fc5ea492e48e26,Malware payload
2024-02-02,Payload delivery,tlsh,t13e9194eab1155eb9c51fc5ea96a939cecabd001390305c1ce5ae4b0b88fe1b51363d,
2024-02-02,Payload delivery,ssdeep,96:XGk9k0yan4wgaBSQcsTN9+BMOy0G1vRctHsz9UAeG99gBDVXr:Q0049rVGml99gn,
2024-02-02,Other,size-in-bytes,4529,
2024-02-02,Payload delivery,mime-type,application/json,
2024-02-02,Payload delivery,md5,b34dcf4f0a5dc1c4690e2a716a148229,Malware payload
2024-02-02,Payload delivery,sha256,5473b16c17989e1ebc36f51bb95e42a62ab08606d6c6a46888ea08e4369aa110,Malware payload
2024-02-02,Payload delivery,tlsh,t159159e0273d1c062ff9b92334b5af6515bbc69260123e61f13a81db9be701b1563e7,
2024-02-02,Payload delivery,imphash,948cc502fe9226992dce9417f952fce3,
2024-02-02,Payload delivery,ssdeep,12288:GqDEvFo+yo4DdbbMWu/jrQu4M9lBAlKhQcDGB3cuBNGE6iOrpfe4JdaDga9Tb:GqDEvCTbMWu7rQYlBQcBiT6rprG8a5b,
2024-02-02,Other,size-in-bytes,918528,
2024-02-02,Payload delivery,mime-type,application/x-dosexec,
2024-02-02,Payload delivery,md5,d1095ab62cc207d2ba2d7c73a64d4f4c,Malware payload
2024-02-02,Payload delivery,sha256,ad8ae1fb367396544054ab47cd6e8f286148be1bd2d5c8a5f8098e366ab5c948,Malware payload
2024-02-02,Payload delivery,tlsh,t1ad91c6b715280cbc8a2487d3a5943b97967f41a7e0849d68b9bc8f0ce0fe0f21136a,
2024-02-02,Payload delivery,ssdeep,96:YAvwlEkvQISnya0o9HT2FJ1vltPBiL0E8nE:YAvOXo9z2FBiLFcE,
2024-02-02,Other,size-in-bytes,4339,
2024-02-02,Payload delivery,mime-type,application/json,
2024-02-02,Payload delivery,md5,fe8e5ff1c03f33230a343a708048f206,Malware payload
2024-02-02,Payload delivery,sha256,1d741f27194b0c1d888c7d5a1cbb25421ece38ada44a6fb88e731248b18fb479,Malware payload
2024-02-02,Payload delivery,tlsh,t19ba1845b32554cbc8b1487ea94e63aaf47ad0073a094dc28e9ed4f4c91ff8f10276d,
2024-02-02,Payload delivery,ssdeep,48:Yxg3SPhJSPdqKkY7EbnlUQl22Rifk/n0+aWHbgDF4w0biYtXcgFi2Hp9WoibUxG4:QO9kTaRug49KMG1v5vAeCbAK,
2024-02-02,Other,size-in-bytes,4770,
2024-02-02,Payload delivery,mime-type,application/json,
2024-02-02,Payload delivery,md5,7a63ac7acc4664fd484e3514d3a358ec,Malware payload
2024-02-02,Payload delivery,sha256,37256ef02e9a71795b424488a53298116437fdde6003965ef542090d1e91d97a,Malware payload
2024-02-02,Payload delivery,tlsh,t1e2a198ab11691cbccb14cbc295d93a8787ed0113a298ac18fced5f0c92ff4b603669,
2024-02-02,Payload delivery,ssdeep,48:Yxg3SPhJSPdqKkY7EbnlUQl2shpk6nYK+zebDF4w0dM0tX8r82bp9WG9sYUfi1vX:QOmkBAKpg9nEi1v1/Ym1rP,
2024-02-02,Other,size-in-bytes,4971,
2024-02-02,Payload delivery,mime-type,application/json,
2024-02-02,Payload delivery,md5,c02828cf1dad6b23f97753e29603cc62,Malware payload (Smoke Loader)
2024-02-02,Payload delivery,sha256,fcb355e46122650b00fd4185db698cc710078a57d431a192af3bf42e58794c49,Malware payload (Smoke Loader)
2024-02-02,Payload delivery,tlsh,t1da34c020b9e2d1b2d9ab45749870daa05e7b7cb597b0809f27983b6f2d733d047623,
2024-02-02,Payload delivery,imphash,81e86234e08eee20f287d99d24a311b6,
2024-02-02,Payload delivery,ssdeep,6144:gPLAycMk4AYXyG6RvKnsq2qtwQB2Q9ln8T:gPEycMk4mKns6cQb8,
2024-02-02,Other,size-in-bytes,235520,
2024-02-02,Payload delivery,mime-type,application/x-dosexec,
2024-02-02,Payload delivery,md5,ae0c923fc75d4d741b22f9fff6722e89,Malware payload
2024-02-02,Payload delivery,sha256,72df423e44f5c85faddf7ad968c0e555aed73e2fb1fae1151613001b4e63d5ef,Malware payload
2024-02-02,Payload delivery,tlsh,t1d9a1a55f31150cbc852487ea98e13e8b97ad00b3a194ac18b89c5f5ca6fe8f1037a9,
2024-02-02,Payload delivery,ssdeep,48:Yxg3SPhJSPdqKkY7EbnlUQl2mRifk/n0+aWKSPmDF4w0biYtXDSPGq2Hp9WcseNZ:QOlkTaUeuef49VEMG1vHRAyVyb+At,
2024-02-02,Other,size-in-bytes,4922,
2024-02-02,Payload delivery,mime-type,application/json,
2024-02-02,Payload delivery,md5,5b9fa7606884ffcdb2ecf985a1e0dd5e,Malware payload
2024-02-02,Payload delivery,sha256,f0b83c7534851b2523a94a7913394d0be851733ac7e51eb908576b9652e07e9f,Malware payload
2024-02-02,Payload delivery,tlsh,t161a1a69712685cbccb24c7c751da3aab87ed0053a2a4ac14eded5f0c91ff8b10266d,
2024-02-02,Payload delivery,ssdeep,48:Yxg3SPhJSPdqKkY7EbnlUQl2Byhpk6nYK+zobgDF4w0dM0tXcg/i2up9WXibUfin:QOrCkBtKCz93Ei1vnfYYgk5ZP,
2024-02-02,Other,size-in-bytes,4798,
2024-02-02,Payload delivery,mime-type,application/json,
2024-02-02,Payload delivery,md5,bea1812c2ea89e33cccc938b0c831347,Malware payload
2024-02-02,Payload delivery,sha256,a83182c28f0dadc0153e885a8130e08dd0a4dda4bef191e2a39d2b1b41ce7396,Malware payload
2024-02-02,Payload delivery,tlsh,t18d23f841771c0d47c4a36ef0653f97e0d7efae9231a0b244351f9a4ac5b2e36a512e,
2024-02-02,Payload delivery,ssdeep,768:nIQZ1sXBLHJ5BiZMFRHnT3DJQDGTLg9NKK+zuPw8DdPxRcrO5uNqVBZ:nQxL/UaFRz3DXfg9NZ+uIQPUrMuQVf,
2024-02-02,Other,size-in-bytes,46776,
2024-02-02,Payload delivery,mime-type,application/x-executable,
2024-02-02,Payload delivery,md5,d9c46d8ac7b3b884392bfcbc4101b79c,Malware payload
2024-02-02,Payload delivery,sha256,95927fe6edd94022d536ae5309410681177b510c352e678ba2016998d2bc2a78,Malware payload
2024-02-02,Payload delivery,tlsh,t1ba917562251c0cbd87388a92e05c7ad76bee02739094fd2888bd9f4ca5ff2b141769,
2024-02-02,Payload delivery,ssdeep,96:jjSekxq8pVFawTH9o2nTv71vzhHtsIZhWnR+:jjSvguFaA9o2nbdhNsIrWnR+,
2024-02-02,Other,size-in-bytes,4215,
2024-02-02,Payload delivery,mime-type,application/json,
2024-02-02,Payload delivery,md5,ad74634703cf05488c5ff3a3463898c1,Malware payload
2024-02-02,Payload delivery,sha256,223e33c6064b6f86a56c7d99ffbe1a0eb6458c9a9068ae905b4627a13b3e8291,Malware payload
2024-02-02,Payload delivery,tlsh,t1a2a1a5af15695cbccb14c7c295c93a9797ed0153a3a4ac18fced6f0c82fe8b142659,
2024-02-02,Payload delivery,ssdeep,48:Yxg3SPhJSPdqKkY7EbnlUQl2Ihpk6nYK+z1DF4w0dM0tXnT2up9WSFo8ZUfi1vAX:QO2kB5KDz9vLEi1vYYYpUOP,
2024-02-02,Other,size-in-bytes,4884,
2024-02-02,Payload delivery,mime-type,application/json,
2024-02-02,Payload delivery,md5,8ab90bf64414653da1ea87c0e8f3a40b,Malware payload
2024-02-02,Payload delivery,sha256,5a92ee19688f93055802e93cb0484610f4ba576d565834898b48040899b5ef1e,Malware payload
2024-02-02,Payload delivery,tlsh,t1aaa1b7ab36664c7cca1487da98e53e8b57ac01b3a194ec14f9bd5f4c81fe8f103769,
2024-02-02,Payload delivery,ssdeep,48:Yxg3SPhJSPdqKkY7EbnlUQl2FoRifk/n0+aW0DF4w0biYtXnR2Hp9WO8ZUxG1v+h:QOnFkTa1uh49AMG1vSmA7hh6Q,
2024-02-02,Other,size-in-bytes,4856,
2024-02-02,Payload delivery,mime-type,application/json,
2024-02-02,Payload delivery,md5,061bac890036fc8c91f314281835c111,Malware payload
2024-02-02,Payload delivery,sha256,2b4992e55dcc728130702dfe36d8f02614eb8a01ad0371681f90a3353de81783,Malware payload
2024-02-02,Payload delivery,tlsh,t16c73085afd819f15c8d522bafe4e418d33535b6ce3eeb102ad215b2467ca91b0f378,
2024-02-02,Payload delivery,ssdeep,1536:yZtnDE5sBFaBa3ocHjHi3Lli+0PT5lk9lyaiFe5wrAb:yfcIaBYC3Lli+0PTDxe5wsb,
2024-02-02,Other,size-in-bytes,75016,
2024-02-02,Payload delivery,mime-type,application/x-executable,
2024-02-02,Payload delivery,md5,262cad8a0c824da4f7aefc5c1f1abad6,Malware payload
2024-02-02,Payload delivery,sha256,d4249cf3a7b0bfa2d7488951baa87ef61eca5417bb45c597ea237905951a8952,Malware payload
2024-02-02,Payload delivery,tlsh,t1ae91407562080c7e863482d7b4597ad767be0267a0d4ec28a8bd4f0cb6ff1f205b59,
2024-02-02,Payload delivery,ssdeep,96:sbZknCs+w/05TH9I681vdEHAbpZcVSQUsO:sb21R0B9I6KEgbp+VSQUsO,
2024-02-02,Other,size-in-bytes,4238,
2024-02-02,Payload delivery,mime-type,application/json,
2024-02-02,Payload delivery,md5,ca22e2155eb47c042379daf028597c7f,Malware payload
2024-02-02,Payload delivery,sha256,3e600f3b6f0a5528a90a31fa524c435e1329c24ac746a2b7df6a52e8855fa708,Malware payload
2024-02-02,Payload delivery,tlsh,t13c91762562140dbe8728868be0543be75bfe05a351d4ec28c4be5f5ca1ff6f101769,
2024-02-02,Payload delivery,ssdeep,96:zOzO4X+km7O8ZlOFKiwTH9DnT71vfihHxisoZ5JvA4+:AXPHKT9TTx+RJoDNA3,
2024-02-02,Other,size-in-bytes,4262,
2024-02-02,Payload delivery,mime-type,application/json,
2024-02-02,Payload delivery,md5,75f1f22c41d0fdcb833365a7e3d5a195,Malware payload
2024-02-02,Payload delivery,sha256,9d7a56557cb7a12f389639c114f1687e9b3c5a0e0383cf2b9767a6d0cf227d87,Malware payload
2024-02-02,Payload delivery,tlsh,t13791a6e770155eb9c51fc9ee96a938cfcabd011390706c1ce59e4b0b88fe1b523239,
2024-02-02,Payload delivery,ssdeep,96:XGB9k0yan4wgaBSQcsTN9+BMOy0G1vRctHsz9UAeGsMaVXr:H0049rVGmlD4,
2024-02-02,Other,size-in-bytes,4528,
2024-02-02,Payload delivery,mime-type,application/json,
2024-02-02,Payload delivery,md5,2507d0a0fdc94ec5180bb3f4c3da1168,Malware payload (BumbleBee)
2024-02-02,Payload delivery,sha256,65a65fe883098304d5cc009e3fe67ca82f75358f3c8a6a7ec8ad579f26ee111b,Malware payload (BumbleBee)
2024-02-02,Payload delivery,tlsh,t16545e012e2a21ff4e47691b681ab253bb7343e590715d377abc0c2373d927e05b1ab,
2024-02-02,Payload delivery,imphash,47e01530ad43ec939d1c47709a80a5c6,
2024-02-02,Payload delivery,ssdeep,24576:lwOhCPykWGGrYL1hb4LPRAMXLXuw2tL0IGrkNBxgvx3FWlDg:9TKhL4LP+AMtBoAg,
2024-02-02,Other,size-in-bytes,1225742,
2024-02-02,Payload delivery,mime-type,application/x-dosexec,
2024-02-02,Payload delivery,md5,1a055b6931dcb4db4e05a3d67b0e946f,Malware payload
2024-02-02,Payload delivery,sha256,e083954b1697bb68c9cacdca9025fb1418b8ec916ddc365f5a1447dfdbcfa112,Malware payload
2024-02-02,Payload delivery,tlsh,t1c891b7b7152c4cadca1487d395503b8796bf4167e0849e68b9ec8f08e0fe1f51136a,
2024-02-02,Payload delivery,ssdeep,48:Yx5AvwlYYwwKbsJkmnh+0DFU0omOtXxR23p9WtY2UKJ1vybaKqRrC3wxioiN+AXE:YAvwltkv0S7U9/2FJ1vu8iNjXE,
2024-02-02,Other,size-in-bytes,4322,
2024-02-02,Payload delivery,mime-type,application/json,
2024-02-02,Payload delivery,md5,f3908ab12e196811bb7104b34eb6a662,Malware payload
2024-02-02,Payload delivery,sha256,4c4977f28a6463f22f94c3c2fac2e7dfb34e2510a1aec7389de275daf710e221,Malware payload
2024-02-02,Payload delivery,tlsh,t1ed91526629385d7cca5884ca84fc3d8e5a7e105bf1649c14a6dd8f0ae2ff1f283a61,
2024-02-02,Payload delivery,ssdeep,96:eySrkYOhDH5R0DWfrfT594ds1Y7g1vUreHTMsgiFEIod0JeR:eySQThr5RIWfrt94ds1Y7FrezMsgiFEP,
2024-02-02,Other,size-in-bytes,4614,
2024-02-02,Payload delivery,mime-type,application/json,
2024-02-02,Payload delivery,md5,6145d70449eed63b6b3a23fbb55d70f0,Malware payload
2024-02-02,Payload delivery,sha256,3726dabf51e2e91cd0772a5ebc83784d3132e93337badf69bf037e2e553f14a3,Malware payload
2024-02-02,Payload delivery,tlsh,t1fc33d550bd819a0bcac10377fa4e82cd37126798e3de7207fd226f65279b92b0d6b5,
2024-02-02,Payload delivery,ssdeep,768:mNHSif5RvBJbl/7Rrzg0C+m0Ns4XbIoTdb20QHgwRHYI5XyrlUJNvQzBL:mP77l/7xlC9QIKbYdqI5XkqvI,
2024-02-02,Other,size-in-bytes,50780,
2024-02-02,Payload delivery,mime-type,application/x-executable,
2024-02-02,Payload delivery,md5,4daf9128b38474572d04ca256c33c3e3,Malware payload
2024-02-02,Payload delivery,sha256,4ad5ca4eced2366b5f20a1392d67db3588d5768bbe96fdc9e09a800709103325,Malware payload
2024-02-02,Payload delivery,tlsh,t145a1a5ab31550cbc862897e754e13e8b47ad01a3a194ed18f8ad4f4c85ff8f6037a9,
2024-02-02,Payload delivery,ssdeep,48:Yxg3SPhJSPdqKkY7EbnlUQl2KRifk/n0+aW/bDF4w0biYtX8rG2xp9WoKsYUxG1l:QONkTakuNe9yMG1vbDAG98Yh,
2024-02-02,Other,size-in-bytes,4953,
2024-02-02,Payload delivery,mime-type,application/json,
2024-02-02,Payload delivery,md5,1c1131ef34c6e349c740924aa6c78156,Malware payload (Healer)
2024-02-02,Payload delivery,sha256,d3db03c002a04abbae58b84b006f30b2bdfa6edcf3a675cccc03c24183a07ebc,Malware payload (Healer)
2024-02-02,Payload delivery,tlsh,t168d423ec1f9f6811d1595ff12506ab909c9c7e5c8a08e330a76f6f9a0d148be1f8a2,
2024-02-02,Payload delivery,imphash,436f7e4bc6bece183fb5bacd9f2ff7d3,
2024-02-02,Payload delivery,ssdeep,12288:xo7YNQGGnBaWnBsPDqWOFAJZLwvLXmXNpby4d8JFLOBi+:KwQjBaWnBCq6eg8Jw,
2024-02-02,Other,size-in-bytes,617984,
2024-02-02,Payload delivery,mime-type,application/x-dosexec,
2024-02-02,Payload delivery,md5,445337b056281d5ecc9aca2279c954de,Malware payload
2024-02-02,Payload delivery,sha256,a35f3fdb4f206d10eb46fb15670d62f0829d639230f0746a08186116aaf7bd1e,Malware payload
2024-02-02,Payload delivery,tlsh,t10a63644ebba50ebbec5bdd3709e51b0930cd640b11a93f393534d928f95a11b19e3c,
2024-02-02,Payload delivery,ssdeep,768:5HNhw+WTWUPg/NsKENgiQo543eBe1NejNCQFMN9dXirTcbbAGzBBQ:5HNyYargiQoegwN8NCQFeJbAO,
2024-02-02,Other,size-in-bytes,67576,
2024-02-02,Payload delivery,mime-type,application/x-executable,
2024-02-02,Payload delivery,md5,14a5c4adf16069fa6ac5d4892a968adc,Malware payload
2024-02-02,Payload delivery,sha256,31a1b13c7fd3201b3c8fae1c6c5c717259645a196e324ce2ced54f05e425e54e,Malware payload
2024-02-02,Payload delivery,tlsh,t1939174ae26085ebcc65496d3d9503ad7877e0093b198ed2cd8fd9f08e1ef1f0027a9,
2024-02-02,Payload delivery,ssdeep,48:YxY6wddlpkofn16Ru+FkDFU0NhtXeV2Qp9We6T2UHs1vibvKqRteU3wxioL14U1X:9pkocRtG9U/9K2Ss1veiHL17nx,
2024-02-02,Other,size-in-bytes,4273,
2024-02-02,Payload delivery,mime-type,application/json,
2024-02-02,Payload delivery,md5,4a833e9fc7382de0cd9e6821ceb363c1,Malware payload
2024-02-02,Payload delivery,sha256,ba96d2df82c068fc00d6aaa78fabe6a23a13228c220af2f23c00ba4f56b138fe,Malware payload
2024-02-02,Payload delivery,tlsh,t16aa174ab31150cbcc62987da94e53f8b97bd0163a494ec24a49c9f5c92fe8f1037a9,
2024-02-02,Payload delivery,ssdeep,48:Yxg3SPhJSPdqKkY7EbnlUQl2yRifk/n0+aWCDF4w0biYtXnQbZ2Hp9WjyUxG1vCQ:QOlkTa1uAbZ49bMG1vCb8vbJArRs,
2024-02-02,Other,size-in-bytes,5015,
2024-02-02,Payload delivery,mime-type,application/json,
2024-02-02,Payload delivery,md5,ec70253feceaf893bede4a035ef9a268,Malware payload
2024-02-02,Payload delivery,sha256,e12216eb9a36bf72a879cc0548fbab2e34706ea9649318ca3814313088374044,Malware payload
2024-02-02,Payload delivery,tlsh,t1f291635926095dbdca9496d3d4843bd7d77e0053a098ed2ce4bd9f0ca1ef1f102b6a,
2024-02-02,Payload delivery,ssdeep,48:YxY6wMdlpkofn16Ru+FvDF4w0NhtXpk2Kp9Wo6sUHs1vFbvKzRteU3wxioorbSFi:0pkocRtxYyH97Ss1vdTHWSFK/xx,
2024-02-02,Other,size-in-bytes,4403,
2024-02-02,Payload delivery,mime-type,application/json,
2024-02-02,Payload delivery,md5,3ea64f31b534a6ff671399536dea2f4b,Malware payload
2024-02-02,Payload delivery,sha256,ce4f49de5f7018a46d9dfa2bfbb51e2f313ceff9abb4a3aa20f6ae1e284424ba,Malware payload
2024-02-02,Payload delivery,tlsh,t1dd53644b3e619fedf76c873087b34e259358678722e1c680f15cd9052ea034ea45fb,
2024-02-02,Payload delivery,ssdeep,768:b9CUTZqyfVANysIxulS8H8mVT86NSeN/G6Llkh1olYWJmUX7+xVy7jaK36FBqZ:b9CUTMAiNy4c/tk4TpK36F8Z,
2024-02-02,Other,size-in-bytes,64392,
2024-02-02,Payload delivery,mime-type,application/x-executable,
2024-02-02,Payload delivery,md5,51f1ab4dd7aec38d92f63119744c780b,Malware payload
2024-02-02,Payload delivery,sha256,c9b42de8883d16877eb4fd58bfe966e13285e4546428e00e7843b91207d35720,Malware payload
2024-02-02,Payload delivery,tlsh,t17791a5b7162c4cbcca2487d3a9943bd7567f4167e084ad68b9b88f0ce0fe1f50136a,
2024-02-02,Payload delivery,ssdeep,96:YAvwlNkvQISnya0o9HT2FJ1vltPBihnJnE:YAvdXo9z2FBi9ZE,
2024-02-02,Other,size-in-bytes,4329,
2024-02-02,Payload delivery,mime-type,application/json,
2024-02-02,Payload delivery,md5,57a4244270af0a2c53778dd8e83be102,Malware payload
2024-02-02,Payload delivery,sha256,5acb66609361e2b27bb1c03d1fe7fec00679996e77f68038de2365174734237e,Malware payload
2024-02-02,Payload delivery,tlsh,t1a9135da2ed6a2e54d9788574f530ebbe1b03d921e6871efe8016d2b58043dccf9493,
2024-02-02,Payload delivery,ssdeep,768:yEw08AXQqWjcBgDZ0FnZe54Coq6pCMWB2:yEwPAwjIgDuFZewFpCMW,
2024-02-02,Other,size-in-bytes,44376,
2024-02-02,Payload delivery,mime-type,application/x-executable,
2024-02-02,Payload delivery,md5,220a1ba3d37733138c06c94c3ffefad3,Malware payload
2024-02-02,Payload delivery,sha256,4e8556cd6813b059028aa485b557fe4cdf964fe7b9cc78034946e72f8541a53a,Malware payload
2024-02-02,Payload delivery,tlsh,t146a1b79b25785cfcc724c3c695d63e8757ed005363a4ad14ecac6f0c91fe8b1426aa,
2024-02-02,Payload delivery,ssdeep,48:Yxg3SPhJSPdqKkY7EbnlUQl2Qhpk6nYK+zMlFDF4w0dM0tXqlNjT2up9WMTv0mUx:QO6kB6KoTz9DEi1vgQYWVqP,
2024-02-02,Other,size-in-bytes,4849,
2024-02-02,Payload delivery,mime-type,application/json,
2024-02-02,Payload delivery,md5,832a105462aa9eb6817a2051075376a3,Malware payload
2024-02-02,Payload delivery,sha256,f2da4d3958d6e476e02b79b136099505faa1501f717e2930f10ebcaa88499c7d,Malware payload
2024-02-02,Payload delivery,tlsh,t1259173aa260d5dbcca5496d3e4943ad7876e0193b098dd2ce4fd9f08f1ef1f04276a,
2024-02-02,Payload delivery,ssdeep,48:YxY6wQKdlpkofn16Ru+FzvDFU0NhtXN3rm/2xp9WhHp6Y2UHs1vhmObvK3moRteG:BpkocRtp9hEA9Sr2Ss1vhPMeHLvcx,
2024-02-02,Other,size-in-bytes,4274,
2024-02-02,Payload delivery,mime-type,application/json,
2024-02-02,Payload delivery,md5,e8482dbb71c1f35031a1a44585aa47c7,Malware payload
2024-02-02,Payload delivery,sha256,b2736280e5e15acc78b427f289ba486e505d0bef69c0299cb5cdec8da01d6d75,Malware payload
2024-02-02,Payload delivery,tlsh,t1c7a185eb65291cbcca24c7c294d93b8797fc015362a4ec24ac9c5f0c93ff97152669,
2024-02-02,Payload delivery,ssdeep,48:Yxg3SPhJSPdqKkY7EbnlUQl2V5hpk6nYK+z1DF4w0dM0tXnGbZ2up9WSgyUfi1vB:QORkBhKWbZz9BEi1vUb8pbbYqGgJDP,
2024-02-02,Other,size-in-bytes,5033,
2024-02-02,Payload delivery,mime-type,application/json,
2024-02-02,Payload delivery,md5,3068c14aa1cedb7086028333d03b954a,Malware payload
2024-02-02,Payload delivery,sha256,159ebd41fc1e69abb8af92663c6923bd3cdb5ad226e3b723441f696429694747,Malware payload
2024-02-02,Payload delivery,tlsh,t1e3a1b75b36654cbcc62487ea94e13e8757ad0077a1d4ed18e8ac4f5c84fe8f1437ea,
2024-02-02,Payload delivery,ssdeep,48:Yxg3SPhJSPdqKkY7EbnlUQl2LRifk/n0+aWblFDF4w0biYtXqlNBT2Hp9Wt0mUxO:QOakTaGuIT49YMG1veKA7K,
2024-02-02,Other,size-in-bytes,4832,
2024-02-02,Payload delivery,mime-type,application/json,
2024-02-02,Payload delivery,md5,7e0f919895168e0e2ab49922f0c10016,Malware payload (RiseProStealer)
2024-02-02,Payload delivery,sha256,47f0e8d3a157b8b95c7e988db9000c1ad14eb7a5d676f83a26e1d8327e8dec2c,Malware payload (RiseProStealer)
2024-02-02,Payload delivery,tlsh,t1e04533fed18b3972d05cbb7102c61ec9266af794209e3181417faa614953dde2f27d,
2024-02-02,Payload delivery,imphash,5ab723dc8d5af21b79dc301ed6a56a64,
2024-02-02,Payload delivery,ssdeep,24576:RHyRLR8/dbQZMUSEsmqwQ0iyIakELC47HHNqaik4A9MFV:q98QY19llL8C47Htqaik2V,
2024-02-02,Other,size-in-bytes,1195008,
2024-02-02,Payload delivery,mime-type,application/x-dosexec,
2024-02-02,Payload delivery,md5,3b6e00b86475ffc4ed785a2ece3274af,Malware payload
2024-02-02,Payload delivery,sha256,cd516fc476408323b94b51c00bc0971e4564d1fef9bfd02ee86041f5d3f36f26,Malware payload
2024-02-02,Payload delivery,tlsh,t19fb533d3357e10b8e607bbbb61a7762920b32ca30495f7095f14f5914b3db34c1a2e,
2024-02-02,Payload delivery,imphash,baa93d47220682c04d92f7797d9224ce,
2024-02-02,Payload delivery,ssdeep,49152:TrAP6jvVP2fowDbZXJkxwyQ/SOJfwA4aZh:TrPjdefxZ5wMSOyo,
2024-02-02,Other,size-in-bytes,2279424,
2024-02-02,Payload delivery,mime-type,application/x-dosexec,
2024-02-02,Payload delivery,md5,ec24f20c243f35eca410a7c6eed49e48,Malware payload
2024-02-02,Payload delivery,sha256,16adac253011249b586513e3fafb74050fb27332ac63324979ef678af5422e64,Malware payload
2024-02-02,Payload delivery,tlsh,t113432c36f9752a1bc8c49a7ba0f7462cf2f6164a24ecca1b3d324e4dff6464066172,
2024-02-02,Payload delivery,ssdeep,768:x7X15vcbTaXdUw2kzvCke/G6rUU8ptO+lk9+J2hW:JFOTaNUw2kzvCkevrUVdl0E,
2024-02-02,Other,size-in-bytes,55428,
2024-02-02,Payload delivery,mime-type,application/x-executable,
2024-02-02,Payload delivery,md5,986ef0c571566fba915af3b065764b22,Malware payload
2024-02-02,Payload delivery,sha256,66e790eb96fe7f2710a4857ea005eaac94773ada0dc0df3a9bf33f2700f8eb7d,Malware payload
2024-02-02,Payload delivery,tlsh,t10833d550bd819a0bcac10377fa4e82cd37126798e3de7207fd226f65279b92b0d6b5,
2024-02-02,Payload delivery,ssdeep,768:8NHSif5RvBJbl/7Rrzg0C+m0Ns4XbIoTdb20QHgwRHYI5XyrlUJNvQzBL:cP77l/7xlC9QIKbYdqI5XkqvI,
2024-02-02,Other,size-in-bytes,50780,
2024-02-02,Payload delivery,mime-type,application/x-executable,
2024-02-02,Payload delivery,md5,bb48daa57dda70e65d3808ca3a01f69e,Malware payload
2024-02-02,Payload delivery,sha256,a72c6f11311b2d2b169db553b631bc141147a22bc52b1ba0797d83177ce40564,Malware payload
2024-02-02,Payload delivery,tlsh,t1492319e2b500ed7cfc0fe33681074a38b532b259a552163367a3b8b79d361944db6f,
2024-02-02,Payload delivery,ssdeep,768:LPDGNdvB4kJlvBj6GkEi+JpOPk3uF8b59n5TwGDF5LjYhr9NBl:LP/gBj6GkEi+JpO8eF8b59dwGDfLjqTn,
2024-02-02,Other,size-in-bytes,48936,
2024-02-02,Payload delivery,mime-type,application/x-executable,
2024-02-02,Payload delivery,md5,28fad10d6555f3ae45cf69f893588730,Malware payload
2024-02-02,Payload delivery,sha256,5eff6cac6bf15fc36d0375957445f0ade3f9d8e7c09acb5b57d8ab0a11200e12,Malware payload
2024-02-02,Payload delivery,tlsh,t1f6a174ab51692cbcc61487d299d53e9797ed0053a2d8ac18fced6f0c92fe4a203659,
2024-02-02,Payload delivery,ssdeep,48:Yxg3SPhJSPdqKkY7EbnlUQl2Zzhpk6nYK+z9SPmDF4w0dM0tXDSPGo2up9WvseN+:QOznkBIeKezz9EEEi1vZhY1edP,
2024-02-02,Other,size-in-bytes,4950,
2024-02-02,Payload delivery,mime-type,application/json,
2024-02-02,Payload delivery,md5,cd1bf607460abd0b15a09c89c81c24e3,Malware payload
2024-02-02,Payload delivery,sha256,6e3235ceaa1b3e1f15cf0169ea53d09709bdf9238c5234e21fc4050aac8a4dcd,Malware payload
2024-02-02,Payload delivery,tlsh,t1c9a533f5b3b34b81d27347bc0596a49346838d8b0dabd92d1e29f755cbbe1b490a4f,
2024-02-02,Payload delivery,imphash,baa93d47220682c04d92f7797d9224ce,
2024-02-02,Payload delivery,ssdeep,49152:t7syyRuKyOrfaLkeFSXR+wswLJRkoa8fxThWX2FNu2AVyTw7pC:9sywcOroFSh+qJRkd8thWXz7p,
2024-02-02,Other,size-in-bytes,2260480,
2024-02-02,Payload delivery,mime-type,application/x-dosexec,
